3.3846227352732	-1.9541128473153	0.005
132.52196857951	-76.51159423292	0.005
313.47635998726	-180.98566082323	0.005
92.059078800214	-53.150333926653	0.005
22.122896957299	-12.772660513551	0.01
110.56342166815	-63.833821262631	0.005
166.88112749291	-96.348863880698	0.005
22.845454823784	-13.189829492271	0.01
49.420506857637	-28.532942937745	0.01
9.5662256451203	-5.5230629513389	0.005
82.823233829663	-47.818016346711	0.005
269.73858683273	-155.73364571871	0.005
61.624729680867	-35.579054269987	0.005
72.478948559459	-41.845740461385	0.005
5.3361107729716	-3.0808049912008	0.005
6.2802789799271	-3.6259207596468	0.005
0.35429726838519	-0.20455362327534	0.005
314.149861187	-181.3745069222	0.005
92.267358715753	-53.270584391955	0.005
40.534292582428	-23.402484733876	0.01
132.81526533874	-76.680929195813	0.005
22.184233486942	-12.808073175451	0.01
83.012108254683	-47.927063046839	0.005
15.23873086124	-8.7980853648454	0.005
270.32019032161	-156.06943464957	0.005
72.646088552651	-41.942238781447	0.005
61.769063771868	-35.662385596279	0.005
0.36989565793939	-0.21355935768338	0.005
40.634313424034	-23.460231793702	0.01
9.6011792775232	-5.5432434404159	0.005
6.3083284883301	-3.642115150874	0.005
22.314790698585	-12.883450416738	0.01
33.045930183267	-19.079076686931	0.01
22.908309534844	-13.226118676622	0.01
49.539198578541	-28.601469634759	0.01
110.81058114611	-63.976518853763	0.005
167.24661647328	-96.559879041902	0.005
15.285603042106	-8.8251470310856	0.005
5.3621764864428	-3.09585403789	0.005
62.076284551654	-35.839759596189	0.005
0.40309744255589	-0.23272841696929	0.005
22.484175890542	-12.981245002911	0.01
40.847211712579	-23.583148677903	0.01
315.58343493478	-182.20218111138	0.005
133.43955900667	-77.041365313049	0.005
168.02457411845	-97.009033097758	0.005
15.385372319453	-8.8827488502189	0.005
33.130217183465	-19.127739809184	0.01
92.710690693814	-53.52654222883	0.005
5.4176583810022	-3.127886524649	0.005
49.791838566761	-28.747331399966	0.01
73.001852590694	-42.147639244578	0.005
83.414134884244	-48.159173229638	0.005
6.3680329682933	-3.6765855484525	0.005
111.33666979933	-64.280256279322	0.005
9.6755794565015	-5.5861984037767	0.005
3.4065881613852	-1.9667945919939	0.005
15.514813182828	-8.9574815675325	0.005
50.119614201382	-28.936572750848	0.01
5.4896407038616	-3.1694455381288	0.005
83.935725051215	-48.460313452945	0.005
93.285870503951	-53.858622447044	0.005
73.463421577324	-42.414126223259	0.005
271.55815618359	-156.78417457324	0.005
23.042098255244	-13.303361630359	0.01
112.01921828817	-64.674325833087	0.005
6.4454936820448	-3.7213075123886	0.005
317.44335643125	-183.27600728804	0.005
41.123426385203	-23.742621293497	0.01
5.561623026721	-3.2110045516086	0.005
134.24951888135	-77.508995864727	0.005
169.03389794977	-97.59176648347	0.005
33.309625372806	-19.231321175595	0.01
112.70176677701	-65.068395386851	0.005
6.5229543957963	-3.7660294763246	0.005
41.399641057826	-23.90209390909	0.01
62.474873416278	-36.069884984476	0.005
3.4533424333082	-1.9937881834745	0.005
5.6171049212804	-3.2430370383676	0.005
170.04322178109	-98.174499869181	0.005
0.44617350545444	-0.2575983934794	0.005
50.447389836003	-29.125814101731	0.01
22.653561082499	-13.079039589084	0.01
73.924990563954	-42.680613201939	0.005
15.644254046203	-9.0322142848462	0.005
113.22785543023	-65.37213281241	0.005
23.215676013235	-13.40357679566	0.01
9.7721064000483	-5.6419282606176	0.005
319.30327792772	-184.3498334647	0.005
22.784118294142	-13.154416830371	0.01
5.6431706347516	-3.2580860850568	0.005
135.05947875603	-77.976626416406	0.005
93.861050314087	-54.190702665259	0.005
33.542389922598	-19.365707851075	0.01
273.16429561112	-157.71147960407	0.005
62.873462280901	-36.300010372762	0.005
41.612539346371	-24.025010793291	0.01
320.73685167551	-185.17750765389	0.005
84.457315218186	-48.761453676253	0.005
6.5826588757594	-3.8004998739032	0.005
3.514001520806	-2.0288097239701	0.005
9.8686333435952	-5.6976581174584	0.005
23.389253771226	-13.503791960962	0.01
94.304382292149	-54.446660502133	0.005
135.68377242397	-78.337062533641	0.005
274.77043503865	-158.63878463491	0.005
0.48924956835299	-0.28246836998951	0.005
170.82117942625	-98.623653925037	0.005
50.700029824223	-29.271675866937	0.01
63.180683060687	-36.477384372672	0.005
74.280754601996	-42.886013665071	0.005
321.41035287525	-185.56635375286	0.005
22.845454823784	-13.189829492271	0.01
9.9430335225734	-5.7406130808192	0.005
3.9085424631007	-2.2565980432103	0.005
135.9770691832	-78.506397496535	0.005
84.859341847747	-48.993563859051	0.005
276.00840090063	-159.35352455858	0.005
15.74402332355	-9.0898161039794	0.005
94.512662207687	-54.566910967436	0.005
41.712560187977	-24.082757853117	0.01
113.47501490819	-65.514830403542	0.005
33.77515447239	-19.500094526555	0.01
305.7339997075	-176.51560703155	0.005
0.52245135296949	-0.30163742927542	0.005
3.9316087029422	-2.269915342992	0.005
85.048216272766	-49.102610559179	0.005
171.18666840663	-98.834669086241	0.005
63.325017151688	-36.560715698965	0.005
23.523042491625	-13.581034914699	0.01
15.790895504416	-9.1168777702196	0.005
44.157308707816	-25.494234069147	0.01
50.818721545127	-29.340202563952	0.01
6.6107083841624	-3.8166942651303	0.005
122.64937272465	-70.811648358515	0.005
102.24384134762	-59.030509325029	0.005
74.447894595188	-42.982511985133	0.005
3.9807061001106	-2.2982617384637	0.005
58.346367082987	-33.686290741599	0.005
3.5746606083037	-2.0638312644657	0.005
19.403024578143	-11.202341463284	0.01
14.699903120523	-8.4869930236956	0.005
139.51768973712	-80.550575726441	0.005
276.59000438951	-159.68931348944	0.005
74.447894595188	-42.982511985133	0.005
122.92192611503	-70.96900713182	0.005
306.39123358845	-176.89506118964	0.005
0.53804974252369	-0.31064316368346	0.005
44.26494189754	-25.556376120208	0.01
14.745643157721	-8.5134010464846	0.005
9.9779871549764	-5.7607935698962	0.005
19.458646374229	-11.234454722227	0.01
139.82568518902	-80.728396983504	0.005
5.6431706347516	-3.2580860850568	0.005
3.6214148802268	-2.0908248559462	0.005
58.483812997579	-33.765645177388	0.005
204.46175211187	-118.04604762077	0.005
68.682580862165	-39.653906549409	0.005
4.044405163068	-2.3350384096092	0.005
23.585897202685	-13.617324099049	0.01
33.95456266173	-19.603675892966	0.01
102.47352053016	-59.163114662898	0.005
11.275437314535	-6.5098767687773	0.005
45.425251455533	-26.226281155859	0.01
123.50206670791	-71.303951459287	0.005
74.619171558356	-43.081398785924	0.005
140.48126560143	-81.106896511082	0.005
11.313982177519	-6.5321306557969	0.005
44.494043367946	-25.688647915818	0.01
19.577039551117	-11.302809054773	0.01
45.535548728988	-26.289961316378	0.01
23.585897202685	-13.617324099049	0.01
307.79018170949	-177.7027442639	0.005
5.6698815110702	-3.2735076166896	0.005
3.6433803063387	-2.1035066006249	0.005
14.84300262282	-8.5696115598675	0.005
19.730643099639	-11.391492104861	0.01
226.19508514582	-130.59379329831	0.005
58.77637202342	-33.934554209711	0.005
141.33181696202	-81.597962568084	0.005
204.90620197367	-118.30265086812	0.005
5.726736660082	-3.3063329522764	0.005
0.17498311076579	-0.10102654610427	0.005
74.983741299425	-43.291883224068	0.005
102.96240168826	-59.445370331126	0.005
309.60517984738	-178.75063392739	0.005
11.396026431794	-6.5794989280881	0.005
34.038849661928	-19.65233901522	0.01
124.2547422932	-71.738508911066	0.005
4.1081042260253	-2.3718150807548	0.005
23.650307663555	-13.654511495971	0.01
44.791280081675	-25.860257612503	0.01
142.18236832262	-82.089028625085	0.005
1.9581682813097	-1.1305489843327	0.005
68.841744220733	-39.745799557323	0.005
11.50247081418	-6.6409546209124	0.005
14.969316990882	-8.6425391942705	0.005
19.884246648162	-11.480175154949	0.01
59.155938698653	-34.153697131832	0.005
226.68519913771	-130.87676074346	0.005
205.85223095525	-118.8488409553	0.005
23.787407858508	-13.733666330433	0.01
103.59667709722	-59.811569409233	0.005
1.9771365811834	-1.1415003373709	0.005
0.19020474027715	-0.10981475800015	0.005
4.1572016231938	-2.4001614762265	0.005
125.00741787849	-72.173066362845	0.005
75.456734823074	-43.564966162272	0.005
24.344666657959	-14.055399848304	0.01
311.42017798527	-179.79852359088	0.005
45.770320806214	-26.425507038363	0.01
11.608915196566	-6.7024103137367	0.005
227.72842601315	-131.47906806082	0.005
104.23095250619	-60.17776848734	0.005
0.22260457634946	-0.1285208120782	0.005
20.002639825049	-11.548529487495	0.01
46.074914576767	-26.601364333785	0.01
69.180529678786	-39.941397432728	0.005
142.83794873503	-82.467528152664	0.005
4.1802678630353	-2.4134787760082	0.005
125.58755847137	-72.508010690312	0.005
59.535505373886	-34.372840053954	0.005
11.690959450841	-6.7497785860279	0.005
75.929728346723	-43.838049100476	0.005
24.410671368284	-14.093507685578	0.01
23.965281930322	-13.836361973677	0.01
45.088516795403	-26.031867309187	0.01
207.07961088031	-119.55746908543	0.005
15.095631358944	-8.7154668286735	0.005
143.14594418693	-82.645349409727	0.005
125.86011186175	-72.665369463617	0.005
5.8005006460613	-3.3489206094381	0.005
2.0175113522302	-1.1648107223032	0.005
20.058261621136	-11.580642746439	0.01
104.71983366429	-60.460024155568	0.005
11.729504313825	-6.7720324730476	0.005
24.551164985801	-14.174621713471	0.01
59.828064399728	-34.541749086277	0.005
312.81912610631	-180.60620666514	0.005
146.86400365958	-84.791972047126	0.005
24.143156002136	-13.93905761692	0.01
69.620070621201	-40.195166514151	0.005
208.30699080537	-120.26609721556	0.005
0.26464018957549	-0.1527900846898	0.005
76.294298087792	-44.04853353862	0.005
229.08191068341	-132.26050279954	0.005
104.94951284683	-60.592629493436	0.005
10.832337578482	-6.2540530168893	0.005
59.965510314319	-34.621103522065	0.005
24.733441690951	-14.279859218257	0.01
313.47635998726	-180.98566082323	0.005
15.192990824042	-8.7716773420564	0.005
24.280256197089	-14.018212451382	0.01
209.25301978695	-120.81228730274	0.005
147.18743459017	-84.978704981964	0.005
45.317618265809	-26.164139104797	0.01
113.47501490819	-65.514830403542	0.005
46.37950834732	-26.777221629208	0.01
76.46557505096	-44.147420339411	0.005
230.43539535366	-133.04193753826	0.005
20.058261621136	-11.580642746439	0.01
55.224460846321	-31.883857335475	0.005
2.0698936623142	-1.195053663131	0.005
321.41035287525	-185.56635375286	0.005
5.8742646320405	-3.3915082665997	0.005
70.059611563616	-40.448935595574	0.005
24.915718396102	-14.385096723042	0.01
15.23873086124	-8.7980853648454	0.005
76.46557505096	-44.147420339411	0.005
2.1222759723983	-1.2252966039588	0.005
0.30667580280153	-0.17705935730141	0.005
20.115260138523	-11.613550855796	0.01
55.355347303408	-31.959424666708	0.005
231.4786222291	-133.64424485561	0.005
25.056212013618	-14.466210750935	0.01
89.664758654799	-51.767972546171	0.005
76.641091339189	-44.248754715668	0.005
10.869951451855	-6.2757693968068	0.005
5.0364676220677	-2.9078059373656	0.005
147.87587002501	-85.376173365591	0.005
46.614280424546	-26.912767351193	0.01
113.72829199126	-65.661059995632	0.005
0.33907563887383	-0.19576541137945	0.005
70.398397021668	-40.644533470978	0.005
14.174090208623	-8.1834147974668	0.005
24.344666657959	-14.055399848304	0.01
209.69746964875	-121.06889055009	0.005
45.425251455533	-26.226281155859	0.01
5.9311197810523	-3.4243336021865	0.005
322.10052425115	-185.96482438252	0.005
46.724577698001	-26.976447511712	0.01
114.26740220717	-65.972315423909	0.005
70.557560380236	-40.736426478893	0.005
148.76904755855	-85.891849655015	0.005
2.1626507434451	-1.2486069888912	0.005
14.218725442358	-8.2091849616787	0.005
0.35429726838519	-0.20455362327534	0.005
5.0619037454014	-2.9224914900195	0.005
20.236583720754	-11.683597058656	0.01
55.633944266404	-32.120272698289	0.005
231.96873622099	-133.92721230077	0.005
180.12009455826	-103.99238507967	0.005
77.014684650102	-44.464448914291	0.005
323.56958112344	-186.81298476319	0.005
10.95001405819	-6.3219935641264	0.005
2.1816190433188	-1.2595583419293	0.005
46.724577698001	-26.976447511712	0.01
34.038849661928	-19.65233901522	0.01
5.1160455326332	-2.9537502654521	0.005
209.69746964875	-121.06889055009	0.005
34.125222878589	-19.702206615109	0.01
66.852888083246	-38.597532930966	0.005
180.51339997778	-104.2194600695	0.005
149.6622250921	-86.40752594444	0.005
20.393989183129	-11.77447514473	0.01
89.868007827475	-51.885318510728	0.005
114.96684489791	-66.376138849692	0.005
55.9953965329	-32.328957261649	0.005
5.957830657371	-3.4397551338193	0.005
25.122216723944	-14.504318588209	0.01
325.47553849782	-187.91338976635	0.005
2.4106004042124	-1.3917607922806	0.005
115.66628758866	-66.779962275476	0.005
5.1862891975197	-2.9943054642832	0.005
14.313733289906	-8.2640377680355	0.005
46.837604990694	-27.041703849574	0.01
20.551394645505	-11.865353230804	0.01
90.300631671827	-52.135094003722	0.005
6.6107083841624	-3.8166942651303	0.005
327.3814958722	-189.01379476951	0.005
2.4305193053667	-1.403260975224	0.005
0.72635037091654	-0.41935858217465	0.005
77.499385371623	-44.744291006337	0.005
181.35056600583	-104.70279810116	0.005
150.35066052694	-86.804994328067	0.005
56.356848799396	-32.53764182501	0.005
67.008207138752	-38.687206429473	0.005
328.85055274449	-189.86195515019	0.005
11.053887446508	-6.3819648928333	0.005
2.4729174685632	-1.4277395661587	0.005
6.6394521604077	-3.833289492083	0.005
116.20539780456	-67.091217703753	0.005
210.15292039014	-121.33184515823	0.005
28.429695210517	-16.413892182771	0.01
47.078188021059	-27.180604526918	0.01
14.436996664573	-8.3352039105812	0.005
90.861918727507	-52.459153236412	0.005
182.43670691355	-105.32988184661	0.005
20.672718227736	-11.935399433664	0.01
11.157760834826	-6.4419362215402	0.005
34.309071661583	-19.808351759461	0.01
14.560260039241	-8.4063700531268	0.005
56.635445762391	-32.698489856591	0.005
77.984086093143	-45.024133098383	0.005
0.74273048319863	-0.42881564441007	0.005
150.67409145753	-86.991727262905	0.005
14.655267886789	-8.4612228594837	0.005
211.12236517588	-121.89155436624	0.005
2.5279249317382	-1.4594981398302	0.005
28.504283001207	-16.456955463804	0.01
5.2565328624062	-3.0348606631143	0.005
183.52284782126	-105.95696559205	0.005
91.423205783187	-52.783212469102	0.005
67.338809846796	-38.878079991957	0.005
34.547597446613	-19.946064685657	0.01
116.45867488763	-67.237447295842	0.005
6.7006344167326	-3.8686130842419	0.005
0.77759619533474	-0.44894537269734	0.005
47.390320934035	-27.360814548248	0.01
14.699903120523	-8.4869930236956	0.005
143.14594418693	-82.645349409727	0.005
78.357679404056	-45.239827297006	0.005
91.855829627539	-53.032987962096	0.005
20.729716745123	-11.968307543021	0.01
2.5829323949132	-1.4912567135018	0.005
212.38012481287	-122.61772223124	0.005
11.237823441161	-6.4881603888598	0.005
6.7800124005419	-3.9144419845619	0.005
78.533195692286	-45.341161673263	0.005
184.36001384932	-106.44030362371	0.005
143.46156301227	-82.827572023496	0.005
5.310674649638	-3.066119438547	0.005
34.786123231644	-20.083777611853	0.01
329.54072412039	-190.26042577985	0.005
67.767734472706	-39.125719740188	0.005
144.13337007435	-83.215440011636	0.005
28.663046042283	-16.548617348307	0.01
16.356726924691	-9.4435606930318	0.005
5.3361107729716	-3.0808049912008	0.005
56.766332219479	-32.774057187824	0.005
47.702453847011	-27.541024569578	0.01
129.15032151669	-74.56497289359	0.005
87.328270140725	-50.419000273612	0.005
28.869025534722	-16.667539663714	0.01
16.405948117951	-9.4719785622101	0.005
213.63788444987	-123.34389009623	0.005
4.458718790872	-2.5742424941508	0.005
11.275437314535	-6.5098767687773	0.005
59.965510314319	-34.621103522065	0.005
68.196659098615	-39.373359488418	0.005
92.059078800214	-53.150333926653	0.005
290.80578822826	-167.89680011549	0.005
18.763613908091	-10.833177540807	0.01
2.6253305581098	-1.5157353044364	0.005
68.527261806659	-39.564233050902	0.005
47.943036877377	-27.679925246922	0.01
291.43165610014	-168.25814509979	0.005
16.51071736041	-9.5324671125465	0.005
129.43653406742	-74.730217786797	0.005
214.6073292356	-123.90359930424	0.005
18.817892234211	-10.864515147003	0.01
29.075005027161	-16.786461979121	0.01
60.106358213955	-34.702422094835	0.005
34.969972014637	-20.189922756205	0.01
145.00497392326	-83.718660728426	0.005
7.6518830673962	-4.4178167487687	0.005
6.8593903843511	-3.9602708848819	0.005
130.0457487194	-75.081948030111	0.005
97.026975252542	-56.01855028071	0.005
184.75331926883	-106.66737861354	0.005
87.52661009888	-50.533511901844	0.005
145.87657777216	-84.221881445217	0.005
35.056345231298	-20.239790356094	0.01
68.682580862165	-39.653906549409	0.005
2.6452494592641	-1.5272354873798	0.005
292.76384043931	-169.02728208662	0.005
16.646645188692	-9.6109450807953	0.005
4.4829410062555	-2.5882271967228	0.005
7.682814460476	-4.4356749968898	0.005
97.245693250629	-56.144827175782	0.005
215.062779977	-124.16655391239	0.005
0.8228310411819	-0.47506172312395	0.005
29.233768068238	-16.878123863624	0.01
2.6452494592641	-1.5272354873798	0.005
60.406158498538	-34.875511869842	0.005
130.8361450481	-75.538283563255	0.005
4.534498942753	-2.6179941852385	0.005
2.665661383341	-1.5390203172403	0.005
48.05606417007	-27.745181584784	0.01
7.748653145127	-4.4736869791961	0.005
6.920572640676	-3.9955944770407	0.005
70.557560380236	-40.736426478893	0.005
87.948784487371	-50.777254398684	0.005
0.86806588702906	-0.50117807355056	0.005
18.933425782524	-10.931218472222	0.01
162.67958003285	-93.923099323622	0.005
16.782573016973	-9.689423049044	0.005
60.795119997593	-35.100078896026	0.005
70.720663279639	-40.830593981768	0.005
38.262448463261	-22.090834920118	0.01
146.54838483425	-84.609749433357	0.005
97.711243097232	-56.41361250504	0.005
29.308355858928	-16.921187144657	0.01
88.496514397762	-51.093486409892	0.005
243.94829351408	-140.8436129287	0.005
16.887342259432	-9.7499115993804	0.005
71.067834205039	-41.031033209003	0.005
2.7091089651864	-1.5641047903144	0.005
146.86400365958	-84.791972047126	0.005
98.31524841521	-56.762335137966	0.005
6.9493164169213	-4.0121897039934	0.005
7.8340723885185	-4.5230038023622	0.005
4.6013903144408	-2.656613936689	0.005
294.4922191108	-170.02516197787	0.005
163.03624121154	-94.129017751145	0.005
52.251544326039	-30.167443182212	0.005
71.518254469848	-41.291083470139	0.005
0.90293159916518	-0.52130780183783	0.005
2.765477946251	-1.596649436706	0.005
16.936563452692	-9.7783294685587	0.005
19.083319243117	-11.017759502045	0.01
7.2963054877273	-4.2125239374291	0.005
296.2205977823	-171.02304186912	0.005
38.357695919061	-22.145826064363	0.01
131.62654137681	-75.994619096399	0.005
31.131460133268	-17.973756888209	0.01
163.7954085342	-94.567323209246	0.005
98.919253733187	-57.111057770893	0.005
150.67409145753	-86.991727262905	0.005
2.8218469273157	-1.6291940830976	0.005
4.6682816861287	-2.6952336881394	0.005
71.968674734657	-41.551133731275	0.005
7.9194916319099	-4.5723206255282	0.005
61.184081496648	-35.32464592221	0.005
0.91931171144726	-0.53076486407325	0.005
297.55278212147	-171.79217885595	0.005
19.23321270371	-11.104300531868	0.01
38.560433868496	-22.262876874045	0.01
89.044244308153	-51.409718421099	0.005
13.660977459536	-7.8871690136564	0.005
72.315845660057	-41.751572958509	0.005
4.7198396226262	-2.7250006766551	0.005
61.483881781231	-35.497735697217	0.005
132.23575602879	-76.346349339714	0.005
164.78035376288	-95.13598160216	0.005
298.17864999334	-172.15352384026	0.005
13.704534601191	-7.912316741116	0.005
89.466418696645	-51.65346091794	0.005
2.865294509161	-1.6542785561717	0.005
244.47570887072	-141.14811632684	0.005
99.384803579791	-57.37984310015	0.005
52.376184363351	-30.239404141306	0.005
151.00552779846	-87.183082123562	0.005
7.3264897757507	-4.2299508442447	0.005
38.823466496491	-22.414738832624	0.01
1.1170491356897	-0.64492861918847	0.005
329.54072412039	-190.26042577985	0.005
165.76529899156	-95.704639995074	0.005
52.641485576599	-30.392575868191	0.005
4.7440618380097	-2.7389853792271	0.005
72.478948559459	-41.845740461385	0.005
99.603521577878	-57.506119995222	0.005
19.348746252023	-11.171003857087	0.01
7.985330316561	-4.6103326078345	0.005
31.211724626153	-18.020097614782	0.01
151.71100306355	-87.590388457768	0.005
61.624729680867	-35.579054269987	0.005
7.3907382179552	-4.2670446996465	0.005
89.664758654799	-51.767972546171	0.005
13.797247687417	-7.9658446664064	0.005
245.59833316561	-141.79626376569	0.005
19.403024578143	-11.202341463284	0.01
104.94951284683	-60.592629493436	0.005
31.382570750737	-18.118735670801	0.01
8.0162617096408	-4.6281908559556	0.005
2.885706433238	-1.6660633860322	0.005
152.62628810751	-88.118828524287	0.005
132.52196857951	-76.51159423292	0.005
1.1342501478614	-0.65485962819617	0.005
56.766332219479	-32.774057187824	0.005
330.24797808562	-190.66875904706	0.005
247.05482820938	-142.63717157128	0.005
1.7401147511472	-1.0046557199957	0.005
4.7440618380097	-2.7389853792271	0.005
31.604226860298	-18.246708885323	0.01
52.985687910326	-30.591301178224	0.005
1.1708631776443	-0.67599817079715	0.005
56.900458300914	-32.851494917046	0.005
7.4740942775617	-4.3151703430989	0.005
1.7586248905241	-1.0153425539476	0.005
166.52446631422	-96.142945453175	0.005
20.729716745123	-11.968307543021	0.01
78.533195692286	-45.341161673263	0.005
105.18487691651	-60.728517002424	0.005
7.5574503371682	-4.3632959865513	0.005
125.86011186175	-72.665369463617	0.005
8.7722990279214	-5.0646892051823	0.005
13.91753383408	-8.0352919055616	0.005
331.75339592002	-191.53791243899	0.005
4.7688835953712	-2.7533162275216	0.005
39.086499124486	-22.566600791202	0.01
1.2183649969606	-0.70342335896644	0.005
14.037819980742	-8.1047391447167	0.005
4.821717680509	-2.7838200007982	0.005
248.51132325315	-143.47807937687	0.005
166.88112749291	-96.348863880698	0.005
14.130533066969	-8.1582670700072	0.005
105.68585858009	-61.01775890075	0.005
4.8902647300387	-2.8233956582964	0.005
57.185950931534	-33.016324164186	0.005
31.825882969859	-18.374682099846	0.01
53.329890244054	-30.790026488257	0.005
153.54157315148	-88.647268590805	0.005
7.6216987793728	-4.4003898419531	0.005
333.70652808059	-192.66555381766	0.005
1.7980244489641	-1.038089899619	0.005
8.805584537611	-5.0839066031617	0.005
1.265866816277	-0.73084854713573	0.005
57.556349651233	-33.230173964712	0.005
78.713056280859	-45.445004232492	0.005
20.788126056767	-12.002030174822	0.01
53.595191457301	-30.943198215142	0.005
39.289237073922	-22.683651600884	0.01
154.24704841657	-89.054574925011	0.005
126.13941134957	-72.826623098095	0.005
31.996729094444	-18.473320155865	0.01
335.65966024116	-193.79319519633	0.005
7.6518830673962	-4.4178167487687	0.005
79.09589660563	-45.666037197055	0.005
4.9588117795685	-2.8629713157945	0.005
126.73391127573	-73.169857790496	0.005
53.719831494614	-31.015159174236	0.005
184.75331926883	-106.66737861354	0.005
57.926748370932	-33.444023765237	0.005
106.33583320948	-61.393021927997	0.005
32.076993587328	-18.519660882438	0.01
154.5784847575	-89.245929785668	0.005
249.63394754804	-144.12622681573	0.005
1.8491415162284	-1.0676023521642	0.005
20.912452569966	-12.073810120685	0.01
154.5784847575	-89.245929785668	0.005
1.3024798460598	-0.75198708973671	0.005
58.212241001552	-33.608853012377	0.005
106.98580783887	-61.768284955243	0.005
25.122216723944	-14.504318588209	0.01
6.9493164169213	-4.0121897039934	0.005
8.8764340518973	-5.1248115893069	0.005
337.16507807556	-194.66234858826	0.005
39.384484529721	-22.738642745129	0.01
50.818721545127	-29.340202563952	0.01
250.16136290468	-144.43073021386	0.005
79.592594421738	-45.952805814891	0.005
5.0116458647062	-2.8934750890712	0.005
6.978771643159	-4.0291956867908	0.005
127.50521668922	-73.615171178604	0.005
8.9683543558503	-5.1778818015381	0.005
154.91812453275	-89.442020901335	0.005
14.174090208623	-8.1834147974668	0.005
185.15635971212	-106.90007412196	0.005
58.346367082987	-33.686290741599	0.005
107.48678950245	-62.057526853569	0.005
13.160258222977	-7.5980786276406	0.005
25.189855154332	-14.543369654201	0.01
65.067389352811	-37.566674758312	0.005
107.72215357213	-62.193414362557	0.005
50.94035107966	-29.410425408456	0.01
25.333826209148	-14.626491381455	0.01
337.87233204079	-195.07068185548	0.005
5.0364676220677	-2.9078059373656	0.005
237.8852934295	-137.34313819778	0.005
13.202763303497	-7.6226189473212	0.005
1.3196808582316	-0.76191809874441	0.005
128.27652210272	-74.060484566712	0.005
21.073754041088	-12.166937568458	0.01
155.64106112988	-89.859408540295	0.005
80.089292237846	-46.239574432727	0.005
65.218956861638	-37.654182300333	0.005
35.056345231298	-20.239790356094	0.01
9.0602746598032	-5.2309520137693	0.005
1.9002585834928	-1.0971148047095	0.005
346.41016151378	-200	0.005
1.5273280128696	-0.88180323937112	0.005
156.57900054155	-90.400928112105	0.005
1.9396581419328	-1.1198621503808	0.005
21.23505551221	-12.260065016231	0.01
128.87102202887	-74.403719259112	0.005
238.39996969511	-137.64028667827	0.005
13.293237036292	-7.6748539813048	0.005
51.199244319539	-29.559897490191	0.01
4.1802678630353	-2.4134787760082	0.005
186.01424712051	-107.39537564813	0.005
7.0414682487269	-4.0653935888927	0.005
65.541574255275	-37.840445539395	0.005
25.520614548524	-14.734333679475	0.01
1.9581682813097	-1.1305489843327	0.005
9.1311241740895	-5.2718569999145	0.005
21.359382025409	-12.331844962094	0.01
129.15032151669	-74.56497289359	0.005
51.535132935583	-29.753822873082	0.01
4.2039050198382	-2.4271256948512	0.005
239.49547833456	-138.27277888616	0.005
2.1816190433188	-1.2595583419293	0.005
13.410617841256	-7.7426238206485	0.005
99.603521577878	-57.506119995222	0.005
65.960138718029	-38.082103844639	0.005
345.68540180269	-199.58155978571	0.005
7.1228109523243	-4.1123568207112	0.005
35.144856334708	-20.290892265474	0.01
80.472132562617	-46.46060739729	0.005
119.51618503811	-69.002701604269	0.005
13.52799864622	-7.8103936599922	0.005
240.91679347179	-139.09337556324	0.005
99.82765317942	-57.635522435707	0.005
7.2041536559217	-4.1593200525298	0.005
187.12727198922	-108.0379808557	0.005
4.2542176361751	-2.456173697437	0.005
21.417791337052	-12.365567593894	0.01
242.33810860902	-139.91397224032	0.005
51.871021551627	-29.947748255973	0.01
7.2668502614896	-4.1955179546317	0.005
2.2010568249575	-1.2707807503909	0.005
188.24029685793	-108.68058606326	0.005
66.378703180783	-38.323762149883	0.005
25.7074028879	-14.842175977495	0.01
13.618472379015	-7.8626286939758	0.005
35.333255693588	-20.399664686039	0.01
119.78215523693	-69.156259570156	0.005
344.14272230092	-198.69089336008	0.005
52.129914791505	-30.097220337708	0.005
157.51693995322	-90.942447683916	0.005
243.43361724847	-140.54646444821	0.005
9.1644096837791	-5.2910743978939	0.005
7.2963054877273	-4.2125239374291	0.005
21.417791337052	-12.365567593894	0.01
1.5453910645438	-0.89223194711759	0.005
80.651993151191	-46.56444995652	0.005
4.3194933269536	-2.4938606350795	0.005
52.251544326039	-30.167443182212	0.005
158.23987655035	-91.359835322876	0.005
66.70132057442	-38.510025388945	0.005
13.660977459536	-7.8871690136564	0.005
120.3482832481	-69.483113729801	0.005
158.5795163256	-91.555926438543	0.005
9.1644096837791	-5.2910743978939	0.005
66.852888083246	-38.597532930966	0.005
5.9578306573709	-3.4397551338193	0.005
2.2424309063745	-1.2946680874344	0.005
243.94829351408	-140.8436129287	0.005
100.30472609354	-57.910960611096	0.005
25.851373942716	-14.925297704749	0.01
85.048216272766	-49.102610559179	0.005
121.08277888138	-69.907174981392	0.005
4.3847690177322	-2.531547572722	0.005
342.14124677728	-197.53534092774	0.005
189.09818426632	-109.17588758943	0.005
35.577685405029	-20.540786245737	0.01
63.325017151688	-36.560715698965	0.005
2.2961097237656	-1.325659567105	0.005
21.477646379511	-12.40012491877	0.01
15.790895504416	-9.1168777702196	0.005
85.241765603755	-49.214356317527	0.005
189.50122470961	-109.40858309786	0.005
48.05606417007	-27.745181584784	0.01
1.5838389792544	-0.91442986102555	0.005
25.919012373104	-14.964348770741	0.01
2.3497885411567	-1.3566510467755	0.005
9.1985190579439	-5.3107674542498	0.005
5.9852026672985	-3.4555583711193	0.005
48.171889051693	-27.812053111368	0.01
15.838927831364	-9.1446092471133	0.005
85.653742954226	-49.452211551721	0.005
1.6337213820084	-0.9432294796834	0.005
4.4350816340691	-2.5605955753078	0.005
215.062779977	-124.16655391239	0.005
35.822115116471	-20.681907805436	0.01
15.941166525201	-9.2036367845217	0.005
158.5795163256	-91.555926438543	0.005
21.605050187515	-12.473681541617	0.01
100.92368146275	-58.268314660126	0.005
86.188243206746	-49.760805416396	0.005
194.36664727647	-112.21763612655	0.005
63.472923733457	-36.646109603764	0.005
340.13977125365	-196.37978849539	0.005
9.2711222001136	-5.3526848979255	0.005
121.81727451465	-70.331236232982	0.005
4.458718790872	-2.5742424941508	0.005
29.308355858928	-16.921187144657	0.01
86.722743459266	-50.06939928107	0.005
63.787748700113	-36.82787388301	0.005
6.0434650651555	-3.4891961822056	0.005
338.59709175187	-195.48912206977	0.005
16.073811214554	-9.2802192316257	0.005
36.010514475351	-20.790680226001	0.01
2.3911626225737	-1.3805383838191	0.005
215.52950376604	-124.43601701763	0.005
122.38340252582	-70.658090392627	0.005
194.78988627916	-112.46199327869	0.005
6.119054818649	-3.5328379467331	0.005
21.770344147176	-12.569114053723	0.01
101.54263683196	-58.625668709156	0.005
1.6836037847624	-0.97202909834126	0.005
9.3653176644497	-5.4070686746164	0.005
87.134720809737	-50.307254515264	0.005
36.09902557876	-20.84178213538	0.01
64.19620325225	-37.063695228638	0.005
158.92756274621	-91.756871133175	0.005
29.384789835829	-16.965316321796	0.01
195.69076711432	-112.98211707138	0.005
6.1946445721426	-3.5764797112606	0.005
9.4595131287857	-5.4614524513072	0.005
1.722051699473	-0.99422701224921	0.005
48.418426859941	-27.954391781325	0.01
337.87233204079	-195.07068185548	0.005
216.52294367631	-125.00957981725	0.005
1.7401147511472	-1.0046557199957	0.005
64.604657804387	-37.299516574266	0.005
39.384484529721	-22.738642745129	0.01
102.01970974608	-58.901106884545	0.005
283.6110047824	-163.74288995626	0.005
217.8118346367	-125.75372136018	0.005
87.328270140725	-50.419000273612	0.005
21.935638106837	-12.664546565828	0.01
159.66839321807	-92.18458980553	0.005
2.4106004042124	-1.3917607922806	0.005
29.547482556742	-17.059247008011	0.01
0.91931171144726	-0.53076486407325	0.005
16.206455903906	-9.3568016787297	0.005
122.64937272465	-70.811648358515	0.005
39.482089495329	-22.794994998297	0.01
196.85957174238	-113.65692673802	0.005
48.738285513854	-28.139062261264	0.01
102.24384134762	-59.030509325029	0.005
219.10072559708	-126.49786290312	0.005
16.308694597743	-9.4158292161381	0.005
284.22175593268	-164.09550729728	0.005
22.06304191484	-12.738103188675	0.01
3.1321150670072	-1.8083274770695	0.005
9.5321162709555	-5.5033698949829	0.005
29.758560423794	-17.181112871373	0.01
0.93609725617116	-0.54045600283809	0.005
94.512662207687	-54.566910967436	0.005
107.72215357213	-62.193414362557	0.005
39.689845496957	-22.914942981763	0.01
49.058144167767	-28.323732741203	0.01
6.2529069699995	-3.6101175223469	0.005
198.02837637044	-114.33173640466	0.005
64.919482771042	-37.481280853512	0.005
160.62954817922	-92.739512881083	0.005
94.726097343832	-54.690137800744	0.005
0.97182594717843	-0.56108397220893	0.005
39.959388556075	-23.070563739503	0.01
6.2802789799271	-3.6259207596468	0.005
220.09416550736	-127.07142570274	0.005
1.0181804235685	-0.58784674163086	0.005
80.651993151191	-46.56444995652	0.005
285.52176373639	-164.8460671527	0.005
161.59070314037	-93.294435956636	0.005
29.969638290847	-17.302978734736	0.01
65.067389352811	-37.566674758312	0.005
107.96334328562	-62.332665308563	0.005
1.0645348999585	-0.61460951105279	0.005
80.836305542507	-46.670862765261	0.005
49.304681976014	-28.466071411161	0.01
16.356726924691	-9.4435606930318	0.005
198.9292572056	-114.85186019735	0.005
3.1535499510462	-1.8207029131394	0.005
1.1002635909658	-0.63523748042363	0.005
49.420506857637	-28.532942937745	0.01
9.5662256451203	-5.5230629513389	0.005
12.671633236945	-7.3159708604224	0.005
199.3524962083	-115.09621734948	0.005
3.1991749433359	-1.8470445147197	0.005
22.122896957299	-12.772660513551	0.01
108.47672506077	-62.629066414644	0.005
220.5608892964	-127.34088880798	0.005
199.3524962083	-115.09621734948	0.005
81.228621704209	-46.897366606827	0.005
40.228931615192	-23.226184497242	0.01
109.14278762014	-63.013617812594	0.005
162.33153361224	-93.72215462899	0.005
30.13233101176	-17.39690942095	0.01
53.719831494614	-31.015159174236	0.005
11.729504313825	-6.7720324730476	0.005
3.2583689011402	-1.8812201621924	0.005
95.18040241137	-54.952430953782	0.005
40.43668761682	-23.346132480708	0.01
81.737613490427	-47.191233151616	0.005
109.80885017951	-63.398169210544	0.005
287.20839650533	-165.81984503587	0.005
1.1170491356897	-0.64492861918847	0.005
53.847556549052	-31.088901268799	0.005
40.534292582428	-23.402484733876	0.01
95.769818730114	-55.292730624073	0.005
263.05265625264	-151.87352189851	0.005
3.3175628589445	-1.9153958096651	0.005
12.7131116601	-7.3399184391963	0.005
11.769003226564	-6.79483718095	0.005
199.78621098841	-115.34662269453	0.005
96.359235048858	-55.633030294365	0.005
162.67958003285	-93.923099323622	0.005
30.20876498866	-17.441038598089	0.01
11.853078213201	-6.8433778971174	0.005
82.246605276645	-47.485099696404	0.005
288.89502927427	-166.79362291904	0.005
135.9770691832	-78.506397496535	0.005
27.572257394676	-15.918850228982	0.01
-4.016567427147e-17	8.3074784298951e-18	0.005
263.62021187446	-152.20120028955	0.005
18.139647371313	-10.472930292832	0.01
11.962157271885	-6.9063547210116	0.005
54.119424342383	-31.245864212462	0.005
110.32223195466	-63.694570316625	0.005
3.3631878512342	-1.9417374112453	0.005
96.813540116396	-55.895323447402	0.005
0.014853975381436	-0.0085759466850082	0.005
110.56342166815	-63.833821262631	0.005
12.071236330569	-6.9693315449058	0.005
82.638921438347	-47.71160353797	0.005
37.167513616146	-21.458673991391	0.01
290.19503707798	-167.54418277447	0.005
12.801400112381	-7.390891800887	0.005
136.2776255644	-78.679923804127	0.005
200.70938992712	-115.87962030331	0.005
27.645043620455	-15.960873376029	0.01
0.046471245202749	-0.026830185927384	0.005
54.472146170467	-31.449508254856	0.005
3.3846227352732	-1.9541128473153	0.005
18.192614675046	-10.503510979901	0.01
290.80578822826	-167.89680011549	0.005
136.91737162274	-79.049281363122	0.005
97.026975252542	-56.01855028071	0.005
12.915945729961	-7.4570247440315	0.005
264.82827629984	-152.89867661073	0.005
12.155311317207	-7.0178722610732	0.005
18.305357660735	-10.568603173038	0.01
298.17864999334	-172.15352384026	0.005
37.260460502232	-21.512336901093	0.01
266.39562154269	-153.80358380861	0.005
2.885706433238	-1.6660633860322	0.005
54.824867998551	-31.653152297249	0.005
82.823233829663	-47.818016346711	0.005
201.90712416008	-116.57113248513	0.005
0.087491555382896	-0.050513273052134	0.005
267.96296678554	-154.70849100648	0.005
116.45867488763	-67.237447295842	0.005
137.74737946016	-79.528486611488	0.005
2.9066235821203	-1.6781399075701	0.005
13.030491347541	-7.523157687176	0.005
12.194810229946	-7.0406769689756	0.005
269.17103121091	-155.40596732767	0.005
27.79997195988	-16.050321294501	0.01
203.10485839305	-117.26264466695	0.005
37.458301598704	-21.626560511398	0.01
13.118779799822	-7.5741310488667	0.005
269.73858683273	-155.73364571871	0.005
37.714981039703	-21.774754455754	0.01
204.02803733176	-117.79564227572	0.005
138.57738729758	-80.007691859853	0.005
2.9511465548009	-1.7038452578323	0.005
18.451630639702	-10.65305391682	0.01
298.82000891171	-172.52381258442	0.005
220.5608892964	-127.34088880798	0.005
10.399940341978	-6.0044083559971	0.005
37.971660480703	-21.922948400111	0.01
55.096735791882	-31.810115240913	0.005
28.000976302597	-16.166371205876	0.01
0.12851186556304	-0.074196360176884	0.005
13.160258222977	-7.5980786276406	0.005
10.436645701015	-6.0256002049176	0.005
116.71822096785	-67.387296295123	0.005
221.03916520586	-127.61702153305	0.005
300.18516655156	-173.31198671527	0.005
10.514774498912	-6.0707078874153	0.005
38.169501577175	-22.037172010416	0.01
204.46175211187	-118.04604762077	0.005
3.0089107501226	-1.7371954315508	0.005
222.05719425802	-128.20478088036	0.005
10.61613896023	-6.1292306864432	0.005
18.597903618669	-10.737504660601	0.01
38.262448463261	-22.090834920118	0.01
55.224460846321	-31.883857335475	0.005
139.21713335592	-80.377049418848	0.005
18.710646604358	-10.802596853738	0.01
117.27067499033	-67.706255773718	0.005
223.37798722111	-128.96734105314	0.005
301.95632485042	-174.3345654359	0.005
0.16012913538436	-0.09245059941926	0.005
42.919991517997	-24.779868656532	0.01
189.50122470961	-109.40858309786	0.005
224.6987801842	-129.72990122593	0.005
28.201980645313	-16.282421117252	0.01
303.72748314929	-175.35714415653	0.005
189.91424095279	-109.64703813703	0.005
18.763613908091	-10.833177540807	0.01
3.0666749454443	-1.7705456052693	0.005
190.79336224294	-110.15459905055	0.005
0.17498311076579	-0.10102654610427	0.005
16.936563452692	-9.7783294685587	0.005
10.717503421547	-6.1877534854711	0.005
43.025024963774	-24.840509744725	0.01
191.93393599304	-110.8131096122	0.005
28.356908984738	-16.371869035724	0.01
305.09264078914	-176.14531828738	0.005
43.248592777113	-24.969586681938	0.01
139.51768973712	-80.550575726441	0.005
117.98742996287	-68.120074450055	0.005
28.429695210517	-16.413892182771	0.01
225.71680923636	-130.31766057324	0.005
0.53804974252369	-0.31064316368346	0.005
25.919012373104	-14.964348770741	0.01
16.987002955359	-9.8074507290013	0.005
193.07450974314	-111.47162017385	0.005
305.7339997075	-176.51560703155	0.005
3.1111979181248	-1.7962509555316	0.005
118.70418493541	-68.533893126393	0.005
17.094365417227	-9.8694364752616	0.005
10.795632219445	-6.2328611679688	0.005
3.1321150670072	-1.8083274770695	0.005
0.55403421603211	-0.3198718037664	0.005
226.19508514582	-130.59379329831	0.005
25.988324944796	-15.004366402665	0.01
43.538650112906	-25.137051362839	0.01
3.6433803063387	-2.1035066006249	0.005
193.95363103329	-111.97918108737	0.005
119.25663895789	-68.852852604988	0.005
3.6658894052534	-2.1165022349425	0.005
194.36664727647	-112.21763612655	0.005
17.233657693644	-9.9498569085475	0.005
119.51618503811	-69.002701604269	0.005
43.8287074487	-25.30451604374	0.01
10.832337578482	-6.2540530168893	0.005
44.052275262038	-25.433592980953	0.01
0.58805779550423	-0.33951532653343	0.005
171.18666840663	-98.834669086241	0.005
3.7138009060837	-2.1441639528441	0.005
26.135859475108	-15.089545503456	0.01
17.372949970062	-10.030277341833	0.01
231.96873622099	-133.92721230077	0.005
0.63220005672012	-0.36500087292906	0.005
232.47098123615	-134.21718359547	0.005
44.157308707816	-25.494234069147	0.01
171.56120382815	-99.050907212679	0.005
233.54002947089	-134.83439888157	0.005
3.7759613847197	-2.1800523219176	0.005
36.09902557876	-20.84178213538	0.01
26.327271074842	-15.200057042088	0.01
0.676342317936	-0.39048641932468	0.005
8.0162617096408	-4.6281908559556	0.005
26.518682674575	-15.31056858072	0.01
0.71036589740813	-0.41012994209171	0.005
26.666217204888	-15.395747681511	0.01
172.35841717851	-99.511178555109	0.005
0.72635037091654	-0.41935858217465	0.005
3.8381218633557	-2.215940690991	0.005
36.18972744669	-20.894148883246	0.01
173.3927234009	-100.10833553103	0.005
3.886033364186	-2.2436024088926	0.005
17.48031243193	-10.092263088094	0.01
174.4270296233	-100.70549250696	0.005
8.047958705188	-4.6464911248673	0.005
8.1154270047513	-4.6854439657819	0.005
36.38278993387	-21.005613562189	0.01
234.92701482525	-135.63517524927	0.005
3.9085424631007	-2.2565980432103	0.005
26.73552977658	-15.435765313435	0.01
1.3196808582316	-0.76191809874441	0.005
236.3140001796	-136.43595161697	0.005
175.22424297366	-101.16576384939	0.005
17.530751934597	-10.121384348536	0.01
8.2029605138447	-4.7359814608201	0.005
17.530751934597	-10.121384348536	0.01
8.2904940229382	-4.7865189558583	0.005
17.582439882007	-10.151226398887	0.01
1.3373076206632	-0.77209491477926	0.005
36.633269597453	-21.150228063386	0.01
30.20876498866	-17.441038598089	0.01
8.3579623225015	-4.825471796773	0.005
175.59877839518	-101.38200197583	0.005
17.692459707528	-10.214746374768	0.01
237.38304841435	-137.05316690308	0.005
8.3896593180487	-4.8437720656847	0.005
237.8852934295	-137.34313819778	0.005
9.9779871549764	-5.7607935698962	0.005
36.883749261036	-21.294842564582	0.01
30.287090781948	-17.486260015928	0.01
17.835199652955	-10.297157320684	0.01
10.013805938997	-5.7814735544928	0.005
37.076811748215	-21.406307243525	0.01
30.453810308319	-17.582515579358	0.01
276.59000438951	-159.68931348944	0.005
10.090047627164	-5.8254917136791	0.005
1.3748268765908	-0.79375666728882	0.005
277.18600343497	-160.03341369878	0.005
1.4235044355506	-0.82186066905777	0.005
278.45461080437	-160.765844505	0.005
30.670112560964	-17.707397743149	0.01
175.59877839518	-101.38200197583	0.005
1.4721819945104	-0.84996467082671	0.005
175.98258411611	-101.60359231212	0.005
1.509701250438	-0.87162642333627	0.005
17.977939598382	-10.379568266601	0.01
37.167513616146	-21.458673991391	0.01
18.087959423903	-10.443088242482	0.01
10.188963748477	-5.8826009629466	0.005
280.10050458595	-161.71610172285	0.005
30.88641481361	-17.83227990694	0.01
41.712560187977	-24.082757853117	0.01
10.287879869791	-5.9397102122141	0.005
281.74639836754	-162.66635894071	0.005
1.5273280128696	-0.88180323937112	0.005
41.815056681338	-24.14193423115	0.01
18.139647371313	-10.472930292832	0.01
42.033224491848	-24.267893475276	0.01
176.79952966274	-102.07525604338	0.005
31.053134339981	-17.92853547037	0.01
10.364121557957	-5.9837283714005	0.005
283.01500573694	-163.39878974692	0.005
283.6110047824	-163.74288995626	0.005
42.316275852987	-24.431313254824	0.01
256.52821535062	-148.10663418742	0.005
31.131460133268	-17.973756888209	0.01
257.08206242828	-148.42639794679	0.005
26.73552977658	-15.435765313435	0.01
177.85943647672	-102.68719352775	0.005
26.806557954018	-15.4767734508	0.01
42.599327214126	-24.594733034373	0.01
178.9193432907	-103.29913101212	0.005
10.399940341978	-6.0044083559971	0.005
26.957744218524	-15.56406088131	0.01
258.26094767914	-149.10702766372	0.005
27.153893585628	-15.677307771209	0.01
259.79043580163	-149.99007804296	0.005
179.73628883733	-103.77079474338	0.005
42.817495024636	-24.720692278499	0.01
12.194810229946	-7.0406769689756	0.005
27.350042952732	-15.790554661108	0.01
180.12009455826	-103.99238507967	0.005
27.501229217238	-15.877842091618	0.01
261.31992392412	-150.87312842221	0.005
42.919991517997	-24.779868656532	0.01
12.235286806092	-7.0640461311097	0.005
27.572257394676	-15.918850228982	0.01
12.32144278768	-7.1137883102717	0.005
12.433221733445	-7.178323914699	0.005
262.49880917499	-151.55375813914	0.005
12.545000679211	-7.2428595191263	0.005
263.05265625264	-151.87352189851	0.005
12.631156660798	-7.2926016982883	0.005
250.16136290468	-144.43073021386	0.005
12.671633236945	-7.3159708604224	0.005
250.7018326053	-144.742770541	0.005
8.3896593180487	-4.8437720656847	0.005
32.076993587328	-18.519660882438	0.01
251.85224358391	-145.40696062918	0.005
32.159244727334	-18.567148600261	0.01
253.34478912765	-146.26868220064	0.005
32.33431950832	-18.668228072192	0.01
254.8373346714	-147.1304037721	0.005
8.4221408575843	-4.8625252912793	0.005
32.561461885297	-18.799368784684	0.01
255.98774565	-147.79459386027	0.005
32.788604262275	-18.930509497177	0.01
256.52821535062	-148.10663418742	0.005
8.4912790898311	-4.9024422682782	0.005
8.580979172985	-4.9542306354335	0.005
8.670679256139	-5.0060190025887	0.005
32.963679043261	-19.031588969107	0.01
8.7398174883858	-5.0459359795877	0.005
33.045930183267	-19.079076686931	0.01
8.7722990279214	-5.0646892051823	0.005
