6.2802789799271	-3.6259207596468	5	-2.6546122406753
9.5662256451203	-5.5230629513389	5	-2.6546122406753
166.88112749291	-96.348863880698	50	-26.546122365133
82.823233829663	-47.818016346711	50	-26.546122365133
132.52196857951	-76.51159423292	50	-26.546122365133
22.122896957299	-12.772660513551	50	-26.546122365133
5.3361107729716	-3.0808049912008	5	-2.6546122406753
61.624729680867	-35.579054269987	50	-26.546122365133
22.845454823784	-13.189829492271	50	-26.546122365133
0.35429726838519	-0.20455362327534	5	-2.6546122406753
15.23873086124	-8.7980853648454	5	-2.6546122406753
110.56342166815	-63.833821262631	50	-26.546122365133
269.73858683273	-155.73364571871	50	-26.546122365133
40.534292582428	-23.402484733876	50	-26.546122365133
92.059078800214	-53.150333926653	50	-26.546122365133
33.045930183267	-19.079076686931	50	-26.546122365133
22.908309534844	-13.226118676622	50	-26.546122365133
3.3846227352732	-1.9541128473153	5	-2.6546122406753
72.478948559459	-41.845740461385	50	-26.546122365133
15.285603042106	-8.8251470310856	5	-2.6546122406753
6.3083284883301	-3.642115150874	5	-2.6546122406753
270.32019032161	-156.06943464957	50	-26.546122365133
83.012108254683	-47.927063046839	50	-26.546122365133
40.634313424034	-23.460231793702	50	-26.546122365133
15.385372319453	-8.8827488502189	5	-2.6546122406753
22.184233486942	-12.808073175451	50	-26.546122365133
5.3621764864428	-3.09585403789	5	-2.6546122406753
167.24661647328	-96.559879041902	50	-26.546122365133
9.6011792775232	-5.5432434404159	5	-2.6546122406753
61.769063771868	-35.662385596279	50	-26.546122365133
0.36989565793939	-0.21355935768338	5	-2.6546122406753
92.267358715753	-53.270584391955	50	-26.546122365133
313.47635998726	-180.98566082323	50	-26.546122365133
49.420506857637	-28.532942937745	50	-26.546122365133
168.02457411845	-97.009033097758	50	-26.546122365133
3.4065881613852	-1.9667945919939	5	-2.6546122406753
132.81526533874	-76.680929195813	50	-26.546122365133
15.514813182828	-8.9574815675325	5	-2.6546122406753
49.539198578541	-28.601469634759	50	-26.546122365133
314.149861187	-181.3745069222	50	-26.546122365133
40.847211712579	-23.583148677903	50	-26.546122365133
33.130217183465	-19.127739809184	50	-26.546122365133
72.646088552651	-41.942238781447	50	-26.546122365133
22.314790698585	-12.883450416738	50	-26.546122365133
5.4176583810022	-3.127886524649	5	-2.6546122406753
23.042098255244	-13.303361630359	50	-26.546122365133
169.03389794977	-97.59176648347	50	-26.546122365133
62.076284551654	-35.839759596189	50	-26.546122365133
6.3680329682933	-3.6765855484525	5	-2.6546122406753
110.81058114611	-63.976518853763	50	-26.546122365133
92.710690693814	-53.52654222883	50	-26.546122365133
49.791838566761	-28.747331399966	50	-26.546122365133
83.414134884244	-48.159173229638	50	-26.546122365133
5.4896407038616	-3.1694455381288	5	-2.6546122406753
23.215676013235	-13.40357679566	50	-26.546122365133
3.4533424333082	-1.9937881834745	5	-2.6546122406753
170.04322178109	-98.174499869181	50	-26.546122365133
271.55815618359	-156.78417457324	50	-26.546122365133
0.40309744255589	-0.23272841696929	5	-2.6546122406753
315.58343493478	-182.20218111138	50	-26.546122365133
93.285870503951	-53.858622447044	50	-26.546122365133
6.4454936820448	-3.7213075123886	5	-2.6546122406753
111.33666979933	-64.280256279322	50	-26.546122365133
3.514001520806	-2.0288097239701	5	-2.6546122406753
83.935725051215	-48.460313452945	50	-26.546122365133
22.484175890542	-12.981245002911	50	-26.546122365133
41.123426385203	-23.742621293497	50	-26.546122365133
317.44335643125	-183.27600728804	50	-26.546122365133
5.561623026721	-3.2110045516086	5	-2.6546122406753
33.309625372806	-19.231321175595	50	-26.546122365133
73.001852590694	-42.147639244578	50	-26.546122365133
112.01921828817	-64.674325833087	50	-26.546122365133
23.389253771226	-13.503791960962	50	-26.546122365133
93.861050314087	-54.190702665259	50	-26.546122365133
9.6755794565015	-5.5861984037767	5	-2.6546122406753
22.653561082499	-13.079039589084	50	-26.546122365133
50.119614201382	-28.936572750848	50	-26.546122365133
133.43955900667	-77.041365313049	50	-26.546122365133
273.16429561112	-157.71147960407	50	-26.546122365133
84.457315218186	-48.761453676253	50	-26.546122365133
62.474873416278	-36.069884984476	50	-26.546122365133
0.44617350545444	-0.2575983934794	5	-2.6546122406753
6.5229543957963	-3.7660294763246	5	-2.6546122406753
3.5746606083037	-2.0638312644657	5	-2.6546122406753
9.7721064000483	-5.6419282606176	5	-2.6546122406753
41.399641057826	-23.90209390909	50	-26.546122365133
23.523042491625	-13.581034914699	50	-26.546122365133
319.30327792772	-184.3498334647	50	-26.546122365133
274.77043503865	-158.63878463491	50	-26.546122365133
0.48924956835299	-0.28246836998951	5	-2.6546122406753
170.82117942625	-98.623653925037	50	-26.546122365133
50.447389836003	-29.125814101731	50	-26.546122365133
3.6214148802268	-2.0908248559462	5	-2.6546122406753
84.859341847747	-48.993563859051	50	-26.546122365133
9.8686333435952	-5.6976581174584	5	-2.6546122406753
23.585897202685	-13.617324099049	50	-26.546122365133
15.644254046203	-9.0322142848462	5	-2.6546122406753
41.612539346371	-24.025010793291	50	-26.546122365133
22.784118294142	-13.154416830371	50	-26.546122365133
33.542389922598	-19.365707851075	50	-26.546122365133
94.304382292149	-54.446660502133	50	-26.546122365133
171.18666840663	-98.834669086241	50	-26.546122365133
85.048216272766	-49.102610559179	50	-26.546122365133
15.74402332355	-9.0898161039794	5	-2.6546122406753
9.9430335225734	-5.7406130808192	5	-2.6546122406753
41.712560187977	-24.082757853117	50	-26.546122365133
94.512662207687	-54.566910967436	50	-26.546122365133
6.5826588757594	-3.8004998739032	5	-2.6546122406753
73.463421577324	-42.414126223259	50	-26.546122365133
112.70176677701	-65.068395386851	50	-26.546122365133
5.6171049212804	-3.2430370383676	5	-2.6546122406753
320.73685167551	-185.17750765389	50	-26.546122365133
74.447894595188	-42.982511985133	50	-26.546122365133
15.790895504416	-9.1168777702196	5	-2.6546122406753
204.46175211187	-118.04604762077	50	-26.546122365133
134.24951888135	-77.508995864727	50	-26.546122365133
0.52245135296949	-0.30163742927542	5	-2.6546122406753
276.00840090063	-159.35352455858	50	-26.546122365133
50.700029824223	-29.271675866937	50	-26.546122365133
22.845454823784	-13.189829492271	50	-26.546122365133
62.873462280901	-36.300010372762	50	-26.546122365133
73.924990563954	-42.680613201939	50	-26.546122365133
6.6107083841624	-3.8166942651303	5	-2.6546122406753
321.41035287525	-185.56635375286	50	-26.546122365133
33.77515447239	-19.500094526555	50	-26.546122365133
135.05947875603	-77.976626416406	50	-26.546122365133
113.22785543023	-65.37213281241	50	-26.546122365133
5.6431706347516	-3.2580860850568	5	-2.6546122406753
74.619171558356	-43.081398785924	50	-26.546122365133
14.699903120523	-8.4869930236956	5	-2.6546122406753
204.90620197367	-118.30265086812	50	-26.546122365133
50.818721545127	-29.340202563952	50	-26.546122365133
9.9779871549764	-5.7607935698962	5	-2.6546122406753
3.6433803063387	-2.1035066006249	5	-2.6546122406753
0.53804974252369	-0.31064316368346	5	-2.6546122406753
44.157308707816	-25.494234069147	50	-26.546122365133
19.403024578143	-11.202341463284	50	-26.546122365133
102.24384134762	-59.030509325029	50	-26.546122365133
23.585897202685	-13.617324099049	50	-26.546122365133
63.180683060687	-36.477384372672	50	-26.546122365133
205.85223095525	-118.8488409553	50	-26.546122365133
276.59000438951	-159.68931348944	50	-26.546122365133
74.280754601996	-42.886013665071	50	-26.546122365133
5.6431706347516	-3.2580860850568	5	-2.6546122406753
113.47501490819	-65.514830403542	50	-26.546122365133
135.68377242397	-78.337062533641	50	-26.546122365133
44.26494189754	-25.556376120208	50	-26.546122365133
102.47352053016	-59.163114662898	50	-26.546122365133
305.7339997075	-176.51560703155	50	-26.546122365133
0.17498311076579	-0.10102654610427	5	-2.6546122406753
33.95456266173	-19.603675892966	50	-26.546122365133
1.9581682813097	-1.1305489843327	5	-2.6546122406753
226.19508514582	-130.59379329831	50	-26.546122365133
23.650307663555	-13.654511495971	50	-26.546122365133
14.745643157721	-8.5134010464846	5	-2.6546122406753
63.325017151688	-36.560715698965	50	-26.546122365133
3.9085424631007	-2.2565980432103	5	-2.6546122406753
19.458646374229	-11.234454722227	50	-26.546122365133
74.983741299425	-43.291883224068	50	-26.546122365133
34.038849661928	-19.65233901522	50	-26.546122365133
23.787407858508	-13.733666330433	50	-26.546122365133
11.275437314535	-6.5098767687773	5	-2.6546122406753
1.9771365811834	-1.1415003373709	5	-2.6546122406753
45.425251455533	-26.226281155859	50	-26.546122365133
226.68519913771	-130.87676074346	50	-26.546122365133
5.6698815110702	-3.2735076166896	5	-2.6546122406753
58.346367082987	-33.686290741599	50	-26.546122365133
122.64937272465	-70.811648358515	50	-26.546122365133
23.965281930322	-13.836361973677	50	-26.546122365133
74.447894595188	-42.982511985133	50	-26.546122365133
3.9316087029422	-2.269915342992	5	-2.6546122406753
0.19020474027715	-0.10981475800015	5	-2.6546122406753
75.456734823074	-43.564966162272	50	-26.546122365133
135.9770691832	-78.506397496535	50	-26.546122365133
14.84300262282	-8.5696115598675	5	-2.6546122406753
44.494043367946	-25.688647915818	50	-26.546122365133
306.39123358845	-176.89506118964	50	-26.546122365133
45.535548728988	-26.289961316378	50	-26.546122365133
207.07961088031	-119.55746908543	50	-26.546122365133
227.72842601315	-131.47906806082	50	-26.546122365133
68.682580862165	-39.653906549409	50	-26.546122365133
0.22260457634946	-0.1285208120782	5	-2.6546122406753
3.9807061001106	-2.2982617384637	5	-2.6546122406753
2.0175113522302	-1.1648107223032	5	-2.6546122406753
24.344666657959	-14.055399848304	50	-26.546122365133
14.969316990882	-8.6425391942705	5	-2.6546122406753
24.143156002136	-13.93905761692	50	-26.546122365133
208.30699080537	-120.26609721556	50	-26.546122365133
139.51768973712	-80.550575726441	50	-26.546122365133
75.929728346723	-43.838049100476	50	-26.546122365133
11.313982177519	-6.5321306557969	5	-2.6546122406753
19.577039551117	-11.302809054773	50	-26.546122365133
209.25301978695	-120.81228730274	50	-26.546122365133
44.791280081675	-25.860257612503	50	-26.546122365133
102.96240168826	-59.445370331126	50	-26.546122365133
122.92192611503	-70.96900713182	50	-26.546122365133
15.095631358944	-8.7154668286735	5	-2.6546122406753
2.0698936623142	-1.195053663131	5	-2.6546122406753
24.280256197089	-14.018212451382	50	-26.546122365133
24.410671368284	-14.093507685578	50	-26.546122365133
19.730643099639	-11.391492104861	50	-26.546122365133
11.396026431794	-6.5794989280881	5	-2.6546122406753
68.841744220733	-39.745799557323	50	-26.546122365133
139.82568518902	-80.728396983504	50	-26.546122365133
209.69746964875	-121.06889055009	50	-26.546122365133
229.08191068341	-132.26050279954	50	-26.546122365133
76.294298087792	-44.04853353862	50	-26.546122365133
307.79018170949	-177.7027442639	50	-26.546122365133
24.551164985801	-14.174621713471	50	-26.546122365133
123.50206670791	-71.303951459287	50	-26.546122365133
45.770320806214	-26.425507038363	50	-26.546122365133
19.884246648162	-11.480175154949	50	-26.546122365133
24.344666657959	-14.055399848304	50	-26.546122365133
230.43539535366	-133.04193753826	50	-26.546122365133
103.59667709722	-59.811569409233	50	-26.546122365133
4.044405163068	-2.3350384096092	5	-2.6546122406753
2.1222759723983	-1.2252966039588	5	-2.6546122406753
309.60517984738	-178.75063392739	50	-26.546122365133
124.2547422932	-71.738508911066	50	-26.546122365133
0.26464018957549	-0.1527900846898	5	-2.6546122406753
24.733441690951	-14.279859218257	50	-26.546122365133
45.088516795403	-26.031867309187	50	-26.546122365133
58.483812997579	-33.765645177388	50	-26.546122365133
20.002639825049	-11.548529487495	50	-26.546122365133
69.180529678786	-39.941397432728	50	-26.546122365133
46.074914576767	-26.601364333785	50	-26.546122365133
104.23095250619	-60.17776848734	50	-26.546122365133
20.058261621136	-11.580642746439	50	-26.546122365133
0.30667580280153	-0.17705935730141	5	-2.6546122406753
2.1626507434451	-1.2486069888912	5	-2.6546122406753
45.317618265809	-26.164139104797	50	-26.546122365133
11.50247081418	-6.6409546209124	5	-2.6546122406753
76.46557505096	-44.147420339411	50	-26.546122365133
140.48126560143	-81.106896511082	50	-26.546122365133
180.12009455826	-103.99238507967	50	-26.546122365133
20.058261621136	-11.580642746439	50	-26.546122365133
311.42017798527	-179.79852359088	50	-26.546122365133
5.726736660082	-3.3063329522764	5	-2.6546122406753
15.192990824042	-8.7716773420564	5	-2.6546122406753
4.1081042260253	-2.3718150807548	5	-2.6546122406753
24.915718396102	-14.385096723042	50	-26.546122365133
125.00741787849	-72.173066362845	50	-26.546122365133
231.4786222291	-133.64424485561	50	-26.546122365133
69.620070621201	-40.195166514151	50	-26.546122365133
11.608915196566	-6.7024103137367	5	-2.6546122406753
76.46557505096	-44.147420339411	50	-26.546122365133
45.425251455533	-26.226281155859	50	-26.546122365133
0.33907563887383	-0.19576541137945	5	-2.6546122406753
20.115260138523	-11.613550855796	50	-26.546122365133
46.37950834732	-26.777221629208	50	-26.546122365133
141.33181696202	-81.597962568084	50	-26.546122365133
25.056212013618	-14.466210750935	50	-26.546122365133
5.8005006460613	-3.3489206094381	5	-2.6546122406753
180.51339997778	-104.2194600695	50	-26.546122365133
15.23873086124	-8.7980853648454	5	-2.6546122406753
70.059611563616	-40.448935595574	50	-26.546122365133
312.81912610631	-180.60620666514	50	-26.546122365133
2.1816190433188	-1.2595583419293	5	-2.6546122406753
104.71983366429	-60.460024155568	50	-26.546122365133
25.122216723944	-14.504318588209	50	-26.546122365133
142.18236832262	-82.089028625085	50	-26.546122365133
5.8742646320405	-3.3915082665997	5	-2.6546122406753
58.77637202342	-33.934554209711	50	-26.546122365133
46.614280424546	-26.912767351193	50	-26.546122365133
125.58755847137	-72.508010690312	50	-26.546122365133
14.174090208623	-8.1834147974668	5	-2.6546122406753
76.641091339189	-44.248754715668	50	-26.546122365133
4.1572016231938	-2.4001614762265	5	-2.6546122406753
20.236583720754	-11.683597058656	50	-26.546122365133
59.155938698653	-34.153697131832	50	-26.546122365133
46.724577698001	-26.976447511712	50	-26.546122365133
125.86011186175	-72.665369463617	50	-26.546122365133
5.9311197810523	-3.4243336021865	5	-2.6546122406753
104.94951284683	-60.592629493436	50	-26.546122365133
28.429695210517	-16.413892182771	50	-26.546122365133
181.35056600583	-104.70279810116	50	-26.546122365133
11.690959450841	-6.7497785860279	5	-2.6546122406753
2.4106004042124	-1.3917607922806	5	-2.6546122406753
313.47635998726	-180.98566082323	50	-26.546122365133
14.218725442358	-8.2091849616787	5	-2.6546122406753
70.398397021668	-40.644533470978	50	-26.546122365133
0.35429726838519	-0.20455362327534	5	-2.6546122406753
77.014684650102	-44.464448914291	50	-26.546122365133
142.83794873503	-82.467528152664	50	-26.546122365133
28.504283001207	-16.456955463804	50	-26.546122365133
321.41035287525	-185.56635375286	50	-26.546122365133
182.43670691355	-105.32988184661	50	-26.546122365133
70.557560380236	-40.736426478893	50	-26.546122365133
231.96873622099	-133.92721230077	50	-26.546122365133
46.724577698001	-26.976447511712	50	-26.546122365133
0.72635037091654	-0.41935858217465	5	-2.6546122406753
34.038849661928	-19.65233901522	50	-26.546122365133
14.313733289906	-8.2640377680355	5	-2.6546122406753
77.499385371623	-44.744291006337	50	-26.546122365133
59.535505373886	-34.372840053954	50	-26.546122365133
2.4305193053667	-1.403260975224	5	-2.6546122406753
4.1802678630353	-2.4134787760082	5	-2.6546122406753
5.957830657371	-3.4397551338193	5	-2.6546122406753
113.47501490819	-65.514830403542	50	-26.546122365133
89.664758654799	-51.767972546171	50	-26.546122365133
46.837604990694	-27.041703849574	50	-26.546122365133
77.984086093143	-45.024133098383	50	-26.546122365133
2.4729174685632	-1.4277395661587	5	-2.6546122406753
59.828064399728	-34.541749086277	50	-26.546122365133
6.6107083841624	-3.8166942651303	5	-2.6546122406753
28.663046042283	-16.548617348307	50	-26.546122365133
183.52284782126	-105.95696559205	50	-26.546122365133
322.10052425115	-185.96482438252	50	-26.546122365133
20.393989183129	-11.77447514473	50	-26.546122365133
11.729504313825	-6.7720324730476	5	-2.6546122406753
14.436996664573	-8.3352039105812	5	-2.6546122406753
47.078188021059	-27.180604526918	50	-26.546122365133
34.125222878589	-19.702206615109	50	-26.546122365133
209.69746964875	-121.06889055009	50	-26.546122365133
2.5279249317382	-1.4594981398302	5	-2.6546122406753
113.72829199126	-65.661059995632	50	-26.546122365133
28.869025534722	-16.667539663714	50	-26.546122365133
143.14594418693	-82.645349409727	50	-26.546122365133
66.852888083246	-38.597532930966	50	-26.546122365133
14.560260039241	-8.4063700531268	5	-2.6546122406753
47.390320934035	-27.360814548248	50	-26.546122365133
34.309071661583	-19.808351759461	50	-26.546122365133
323.56958112344	-186.81298476319	50	-26.546122365133
0.74273048319863	-0.42881564441007	5	-2.6546122406753
10.832337578482	-6.2540530168893	5	-2.6546122406753
78.357679404056	-45.239827297006	50	-26.546122365133
89.868007827475	-51.885318510728	50	-26.546122365133
14.655267886789	-8.4612228594837	5	-2.6546122406753
67.008207138752	-38.687206429473	50	-26.546122365133
184.36001384932	-106.44030362371	50	-26.546122365133
6.6394521604077	-3.833289492083	5	-2.6546122406753
146.86400365958	-84.791972047126	50	-26.546122365133
59.965510314319	-34.621103522065	50	-26.546122365133
2.5829323949132	-1.4912567135018	5	-2.6546122406753
0.77759619533474	-0.44894537269734	5	-2.6546122406753
34.547597446613	-19.946064685657	50	-26.546122365133
10.869951451855	-6.2757693968068	5	-2.6546122406753
147.18743459017	-84.978704981964	50	-26.546122365133
14.699903120523	-8.4869930236956	5	-2.6546122406753
325.47553849782	-187.91338976635	50	-26.546122365133
20.551394645505	-11.865353230804	50	-26.546122365133
5.0364676220677	-2.9078059373656	5	-2.6546122406753
29.075005027161	-16.786461979121	50	-26.546122365133
6.7006344167326	-3.8686130842419	5	-2.6546122406753
55.224460846321	-31.883857335475	50	-26.546122365133
184.75331926883	-106.66737861354	50	-26.546122365133
78.533195692286	-45.341161673263	50	-26.546122365133
47.702453847011	-27.541024569578	50	-26.546122365133
114.26740220717	-65.972315423909	50	-26.546122365133
162.67958003285	-93.923099323622	50	-26.546122365133
34.786123231644	-20.083777611853	50	-26.546122365133
6.7800124005419	-3.9144419845619	5	-2.6546122406753
67.338809846796	-38.878079991957	50	-26.546122365133
29.233768068238	-16.878123863624	50	-26.546122365133
147.87587002501	-85.376173365591	50	-26.546122365133
210.15292039014	-121.33184515823	50	-26.546122365133
55.355347303408	-31.959424666708	50	-26.546122365133
0.8228310411819	-0.47506172312395	5	-2.6546122406753
20.672718227736	-11.935399433664	50	-26.546122365133
5.0619037454014	-2.9224914900195	5	-2.6546122406753
6.8593903843511	-3.9602708848819	5	-2.6546122406753
16.356726924691	-9.4435606930318	5	-2.6546122406753
87.328270140725	-50.419000273612	50	-26.546122365133
29.308355858928	-16.921187144657	50	-26.546122365133
20.729716745123	-11.968307543021	50	-26.546122365133
327.3814958722	-189.01379476951	50	-26.546122365133
114.96684489791	-66.376138849692	50	-26.546122365133
10.95001405819	-6.3219935641264	5	-2.6546122406753
2.6253305581098	-1.5157353044364	5	-2.6546122406753
90.300631671827	-52.135094003722	50	-26.546122365133
328.85055274449	-189.86195515019	50	-26.546122365133
163.03624121154	-94.129017751145	50	-26.546122365133
31.131460133268	-17.973756888209	50	-26.546122365133
34.969972014637	-20.189922756205	50	-26.546122365133
67.767734472706	-39.125719740188	50	-26.546122365133
6.920572640676	-3.9955944770407	5	-2.6546122406753
16.405948117951	-9.4719785622101	5	-2.6546122406753
47.943036877377	-27.679925246922	50	-26.546122365133
329.54072412039	-190.26042577985	50	-26.546122365133
18.763613908091	-10.833177540807	50	-26.546122365133
5.1160455326332	-2.9537502654521	5	-2.6546122406753
148.76904755855	-85.891849655015	50	-26.546122365133
115.66628758866	-66.779962275476	50	-26.546122365133
211.12236517588	-121.89155436624	50	-26.546122365133
87.52661009888	-50.533511901844	50	-26.546122365133
90.861918727507	-52.459153236412	50	-26.546122365133
163.7954085342	-94.567323209246	50	-26.546122365133
2.6452494592641	-1.5272354873798	5	-2.6546122406753
6.9493164169213	-4.0121897039934	5	-2.6546122406753
18.817892234211	-10.864515147003	50	-26.546122365133
290.80578822826	-167.89680011549	50	-26.546122365133
5.1862891975197	-2.9943054642832	5	-2.6546122406753
35.056345231298	-20.239790356094	50	-26.546122365133
212.38012481287	-122.61772223124	50	-26.546122365133
149.6622250921	-86.40752594444	50	-26.546122365133
11.053887446508	-6.3819648928333	5	-2.6546122406753
91.423205783187	-52.783212469102	50	-26.546122365133
116.20539780456	-67.091217703753	50	-26.546122365133
87.948784487371	-50.777254398684	50	-26.546122365133
0.86806588702906	-0.50117807355056	5	-2.6546122406753
68.196659098615	-39.373359488418	50	-26.546122365133
48.05606417007	-27.745181584784	50	-26.546122365133
16.51071736041	-9.5324671125465	5	-2.6546122406753
91.855829627539	-53.032987962096	50	-26.546122365133
213.63788444987	-123.34389009623	50	-26.546122365133
11.157760834826	-6.4419362215402	5	-2.6546122406753
116.45867488763	-67.237447295842	50	-26.546122365133
150.35066052694	-86.804994328067	50	-26.546122365133
88.496514397762	-51.093486409892	50	-26.546122365133
2.6452494592641	-1.5272354873798	5	-2.6546122406753
0.90293159916518	-0.52130780183783	5	-2.6546122406753
164.78035376288	-95.13598160216	50	-26.546122365133
55.633944266404	-32.120272698289	50	-26.546122365133
38.262448463261	-22.090834920118	50	-26.546122365133
92.059078800214	-53.150333926653	50	-26.546122365133
129.15032151669	-74.56497289359	50	-26.546122365133
11.237823441161	-6.4881603888598	5	-2.6546122406753
18.933425782524	-10.931218472222	50	-26.546122365133
291.43165610014	-168.25814509979	50	-26.546122365133
0.91931171144726	-0.53076486407325	5	-2.6546122406753
97.026975252542	-56.01855028071	50	-26.546122365133
52.251544326039	-30.167443182212	50	-26.546122365133
7.2963054877273	-4.2125239374291	5	-2.6546122406753
31.211724626153	-18.020097614782	50	-26.546122365133
214.6073292356	-123.90359930424	50	-26.546122365133
5.2565328624062	-3.0348606631143	5	-2.6546122406753
150.67409145753	-86.991727262905	50	-26.546122365133
97.245693250629	-56.144827175782	50	-26.546122365133
215.062779977	-124.16655391239	50	-26.546122365133
55.9953965329	-32.328957261649	50	-26.546122365133
165.76529899156	-95.704639995074	50	-26.546122365133
68.527261806659	-39.564233050902	50	-26.546122365133
89.044244308153	-51.409718421099	50	-26.546122365133
97.711243097232	-56.41361250504	50	-26.546122365133
143.14594418693	-82.645349409727	50	-26.546122365133
16.646645188692	-9.6109450807953	5	-2.6546122406753
11.275437314535	-6.5098767687773	5	-2.6546122406753
292.76384043931	-169.02728208662	50	-26.546122365133
166.52446631422	-96.142945453175	50	-26.546122365133
129.43653406742	-74.730217786797	50	-26.546122365133
143.46156301227	-82.827572023496	50	-26.546122365133
98.31524841521	-56.762335137966	50	-26.546122365133
2.665661383341	-1.5390203172403	5	-2.6546122406753
1.1170491356897	-0.64492861918847	5	-2.6546122406753
31.382570750737	-18.118735670801	50	-26.546122365133
7.3264897757507	-4.2299508442447	5	-2.6546122406753
52.376184363351	-30.239404141306	50	-26.546122365133
89.466418696645	-51.65346091794	50	-26.546122365133
19.083319243117	-11.017759502045	50	-26.546122365133
5.310674649638	-3.066119438547	5	-2.6546122406753
38.357695919061	-22.145826064363	50	-26.546122365133
243.94829351408	-140.8436129287	50	-26.546122365133
144.13337007435	-83.215440011636	50	-26.546122365133
16.782573016973	-9.689423049044	5	-2.6546122406753
1.1342501478614	-0.65485962819617	5	-2.6546122406753
7.3907382179552	-4.2670446996465	5	-2.6546122406753
19.23321270371	-11.104300531868	50	-26.546122365133
89.664758654799	-51.767972546171	50	-26.546122365133
52.641485576599	-30.392575868191	50	-26.546122365133
98.919253733187	-57.111057770893	50	-26.546122365133
5.3361107729716	-3.0808049912008	5	-2.6546122406753
31.604226860298	-18.246708885323	50	-26.546122365133
38.560433868496	-22.262876874045	50	-26.546122365133
244.47570887072	-141.14811632684	50	-26.546122365133
7.6518830673962	-4.4178167487687	5	-2.6546122406753
68.682580862165	-39.653906549409	50	-26.546122365133
130.0457487194	-75.081948030111	50	-26.546122365133
1.1708631776443	-0.67599817079715	5	-2.6546122406753
294.4922191108	-170.02516197787	50	-26.546122365133
145.00497392326	-83.718660728426	50	-26.546122365133
19.348746252023	-11.171003857087	50	-26.546122365133
2.7091089651864	-1.5641047903144	5	-2.6546122406753
52.985687910326	-30.591301178224	50	-26.546122365133
38.823466496491	-22.414738832624	50	-26.546122365133
99.384803579791	-57.37984310015	50	-26.546122365133
31.825882969859	-18.374682099846	50	-26.546122365133
56.356848799396	-32.53764182501	50	-26.546122365133
166.88112749291	-96.348863880698	50	-26.546122365133
7.4740942775617	-4.3151703430989	5	-2.6546122406753
78.533195692286	-45.341161673263	50	-26.546122365133
16.887342259432	-9.7499115993804	5	-2.6546122406753
2.765477946251	-1.596649436706	5	-2.6546122406753
4.458718790872	-2.5742424941508	5	-2.6546122406753
53.329890244054	-30.790026488257	50	-26.546122365133
31.996729094444	-18.473320155865	50	-26.546122365133
56.635445762391	-32.698489856591	50	-26.546122365133
245.59833316561	-141.79626376569	50	-26.546122365133
130.8361450481	-75.538283563255	50	-26.546122365133
7.682814460476	-4.4356749968898	5	-2.6546122406753
145.87657777216	-84.221881445217	50	-26.546122365133
2.8218469273157	-1.6291940830976	5	-2.6546122406753
70.557560380236	-40.736426478893	50	-26.546122365133
296.2205977823	-171.02304186912	50	-26.546122365133
1.2183649969606	-0.70342335896644	5	-2.6546122406753
56.766332219479	-32.774057187824	50	-26.546122365133
99.603521577878	-57.506119995222	50	-26.546122365133
39.086499124486	-22.566600791202	50	-26.546122365133
131.62654137681	-75.994619096399	50	-26.546122365133
184.75331926883	-106.66737861354	50	-26.546122365133
247.05482820938	-142.63717157128	50	-26.546122365133
1.265866816277	-0.73084854713573	5	-2.6546122406753
78.713056280859	-45.445004232492	50	-26.546122365133
104.94951284683	-60.592629493436	50	-26.546122365133
19.403024578143	-11.202341463284	50	-26.546122365133
16.936563452692	-9.7783294685587	5	-2.6546122406753
4.4829410062555	-2.5882271967228	5	-2.6546122406753
59.965510314319	-34.621103522065	50	-26.546122365133
7.5574503371682	-4.3632959865513	5	-2.6546122406753
297.55278212147	-171.79217885595	50	-26.546122365133
2.865294509161	-1.6542785561717	5	-2.6546122406753
185.15635971212	-106.90007412196	50	-26.546122365133
248.51132325315	-143.47807937687	50	-26.546122365133
146.54838483425	-84.609749433357	50	-26.546122365133
298.17864999334	-172.15352384026	50	-26.546122365133
132.23575602879	-76.346349339714	50	-26.546122365133
70.720663279639	-40.830593981768	50	-26.546122365133
4.534498942753	-2.6179941852385	5	-2.6546122406753
186.01424712051	-107.39537564813	50	-26.546122365133
32.076993587328	-18.519660882438	50	-26.546122365133
105.18487691651	-60.728517002424	50	-26.546122365133
60.106358213955	-34.702422094835	50	-26.546122365133
7.6216987793728	-4.4003898419531	5	-2.6546122406753
79.09589660563	-45.666037197055	50	-26.546122365133
20.729716745123	-11.968307543021	50	-26.546122365133
13.660977459536	-7.8871690136564	5	-2.6546122406753
329.54072412039	-190.26042577985	50	-26.546122365133
7.748653145127	-4.4736869791961	5	-2.6546122406753
53.595191457301	-30.943198215142	50	-26.546122365133
249.63394754804	-144.12622681573	50	-26.546122365133
105.68585858009	-61.01775890075	50	-26.546122365133
1.3024798460598	-0.75198708973671	5	-2.6546122406753
7.8340723885185	-4.5230038023622	5	-2.6546122406753
60.406158498538	-34.875511869842	50	-26.546122365133
79.592594421738	-45.952805814891	50	-26.546122365133
25.122216723944	-14.504318588209	50	-26.546122365133
39.289237073922	-22.683651600884	50	-26.546122365133
330.24797808562	-190.66875904706	50	-26.546122365133
2.885706433238	-1.6660633860322	5	-2.6546122406753
132.52196857951	-76.51159423292	50	-26.546122365133
250.16136290468	-144.43073021386	50	-26.546122365133
4.6013903144408	-2.656613936689	5	-2.6546122406753
146.86400365958	-84.791972047126	50	-26.546122365133
1.3196808582316	-0.76191809874441	5	-2.6546122406753
25.189855154332	-14.543369654201	50	-26.546122365133
71.067834205039	-41.031033209003	50	-26.546122365133
39.384484529721	-22.738642745129	50	-26.546122365133
80.089292237846	-46.239574432727	50	-26.546122365133
20.788126056767	-12.002030174822	50	-26.546122365133
1.7401147511472	-1.0046557199957	5	-2.6546122406753
53.719831494614	-31.015159174236	50	-26.546122365133
7.6518830673962	-4.4178167487687	5	-2.6546122406753
331.75339592002	-191.53791243899	50	-26.546122365133
125.86011186175	-72.665369463617	50	-26.546122365133
237.8852934295	-137.34313819778	50	-26.546122365133
7.9194916319099	-4.5723206255282	5	-2.6546122406753
71.518254469848	-41.291083470139	50	-26.546122365133
187.12727198922	-108.0379808557	50	-26.546122365133
1.7586248905241	-1.0153425539476	5	-2.6546122406753
333.70652808059	-192.66555381766	50	-26.546122365133
126.13941134957	-72.826623098095	50	-26.546122365133
50.818721545127	-29.340202563952	50	-26.546122365133
13.704534601191	-7.912316741116	5	-2.6546122406753
20.912452569966	-12.073810120685	50	-26.546122365133
1.5273280128696	-0.88180323937112	5	-2.6546122406753
7.985330316561	-4.6103326078345	5	-2.6546122406753
4.6682816861287	-2.6952336881394	5	-2.6546122406753
6.9493164169213	-4.0121897039934	5	-2.6546122406753
126.73391127573	-73.169857790496	50	-26.546122365133
60.795119997593	-35.100078896026	50	-26.546122365133
106.33583320948	-61.393021927997	50	-26.546122365133
35.056345231298	-20.239790356094	50	-26.546122365133
71.968674734657	-41.551133731275	50	-26.546122365133
1.7980244489641	-1.038089899619	5	-2.6546122406753
335.65966024116	-193.79319519633	50	-26.546122365133
21.073754041088	-12.166937568458	50	-26.546122365133
8.0162617096408	-4.6281908559556	5	-2.6546122406753
188.24029685793	-108.68058606326	50	-26.546122365133
150.67409145753	-86.991727262905	50	-26.546122365133
80.472132562617	-46.46060739729	50	-26.546122365133
1.5453910645438	-0.89223194711759	5	-2.6546122406753
61.184081496648	-35.32464592221	50	-26.546122365133
50.94035107966	-29.410425408456	50	-26.546122365133
13.797247687417	-7.9658446664064	5	-2.6546122406753
25.333826209148	-14.626491381455	50	-26.546122365133
21.23505551221	-12.260065016231	50	-26.546122365133
1.8491415162284	-1.0676023521642	5	-2.6546122406753
72.315845660057	-41.751572958509	50	-26.546122365133
8.7722990279214	-5.0646892051823	5	-2.6546122406753
6.978771643159	-4.0291956867908	5	-2.6546122406753
1.5838389792544	-0.91442986102555	5	-2.6546122406753
189.09818426632	-109.17588758943	50	-26.546122365133
337.16507807556	-194.66234858826	50	-26.546122365133
61.483881781231	-35.497735697217	50	-26.546122365133
4.7198396226262	-2.7250006766551	5	-2.6546122406753
238.39996969511	-137.64028667827	50	-26.546122365133
151.00552779846	-87.183082123562	50	-26.546122365133
35.144856334708	-20.290892265474	50	-26.546122365133
8.805584537611	-5.0839066031617	5	-2.6546122406753
1.6337213820084	-0.9432294796834	5	-2.6546122406753
72.478948559459	-41.845740461385	50	-26.546122365133
51.199244319539	-29.559897490191	50	-26.546122365133
80.651993151191	-46.56444995652	50	-26.546122365133
61.624729680867	-35.579054269987	50	-26.546122365133
127.50521668922	-73.615171178604	50	-26.546122365133
239.49547833456	-138.27277888616	50	-26.546122365133
4.7440618380097	-2.7389853792271	5	-2.6546122406753
25.520614548524	-14.734333679475	50	-26.546122365133
35.333255693588	-20.399664686039	50	-26.546122365133
151.71100306355	-87.590388457768	50	-26.546122365133
21.359382025409	-12.331844962094	50	-26.546122365133
8.8764340518973	-5.1248115893069	5	-2.6546122406753
337.87233204079	-195.07068185548	50	-26.546122365133
128.27652210272	-74.060484566712	50	-26.546122365133
35.577685405029	-20.540786245737	50	-26.546122365133
189.50122470961	-109.40858309786	50	-26.546122365133
25.7074028879	-14.842175977495	50	-26.546122365133
4.7440618380097	-2.7389853792271	5	-2.6546122406753
128.87102202887	-74.403719259112	50	-26.546122365133
1.6836037847624	-0.97202909834126	5	-2.6546122406753
51.535132935583	-29.753822873082	50	-26.546122365133
8.9683543558503	-5.1778818015381	5	-2.6546122406753
56.766332219479	-32.774057187824	50	-26.546122365133
106.98580783887	-61.768284955243	50	-26.546122365133
194.36664727647	-112.21763612655	50	-26.546122365133
7.0414682487269	-4.0653935888927	5	-2.6546122406753
129.15032151669	-74.56497289359	50	-26.546122365133
152.62628810751	-88.118828524287	50	-26.546122365133
240.91679347179	-139.09337556324	50	-26.546122365133
25.851373942716	-14.925297704749	50	-26.546122365133
1.9002585834928	-1.0971148047095	5	-2.6546122406753
194.78988627916	-112.46199327869	50	-26.546122365133
119.51618503811	-69.002701604269	50	-26.546122365133
13.91753383408	-8.0352919055616	5	-2.6546122406753
4.7688835953712	-2.7533162275216	5	-2.6546122406753
85.048216272766	-49.102610559179	50	-26.546122365133
153.54157315148	-88.647268590805	50	-26.546122365133
7.1228109523243	-4.1123568207112	5	-2.6546122406753
346.41016151378	-200	50	-26.546122365133
1.722051699473	-0.99422701224921	5	-2.6546122406753
25.919012373104	-14.964348770741	50	-26.546122365133
51.871021551627	-29.947748255973	50	-26.546122365133
195.69076711432	-112.98211707138	50	-26.546122365133
9.0602746598032	-5.2309520137693	5	-2.6546122406753
56.900458300914	-32.851494917046	50	-26.546122365133
7.2041536559217	-4.1593200525298	5	-2.6546122406753
1.7401147511472	-1.0046557199957	5	-2.6546122406753
107.48678950245	-62.057526853569	50	-26.546122365133
35.822115116471	-20.681907805436	50	-26.546122365133
52.129914791505	-30.097220337708	50	-26.546122365133
29.308355858928	-16.921187144657	50	-26.546122365133
196.85957174238	-113.65692673802	50	-26.546122365133
1.9396581419328	-1.1198621503808	5	-2.6546122406753
345.68540180269	-199.58155978571	50	-26.546122365133
21.417791337052	-12.365567593894	50	-26.546122365133
9.1311241740895	-5.2718569999145	5	-2.6546122406753
198.02837637044	-114.33173640466	50	-26.546122365133
4.821717680509	-2.7838200007982	5	-2.6546122406753
107.72215357213	-62.193414362557	50	-26.546122365133
0.91931171144726	-0.53076486407325	5	-2.6546122406753
14.037819980742	-8.1047391447167	5	-2.6546122406753
242.33810860902	-139.91397224032	50	-26.546122365133
344.14272230092	-198.69089336008	50	-26.546122365133
52.251544326039	-30.167443182212	50	-26.546122365133
9.1644096837791	-5.2910743978939	5	-2.6546122406753
198.9292572056	-114.85186019735	50	-26.546122365133
7.2668502614896	-4.1955179546317	5	-2.6546122406753
21.417791337052	-12.365567593894	50	-26.546122365133
1.9581682813097	-1.1305489843327	5	-2.6546122406753
85.241765603755	-49.214356317527	50	-26.546122365133
57.185950931534	-33.016324164186	50	-26.546122365133
119.78215523693	-69.156259570156	50	-26.546122365133
0.93609725617116	-0.54045600283809	5	-2.6546122406753
199.3524962083	-115.09621734948	50	-26.546122365133
29.384789835829	-16.965316321796	50	-26.546122365133
342.14124677728	-197.53534092774	50	-26.546122365133
154.24704841657	-89.054574925011	50	-26.546122365133
99.603521577878	-57.506119995222	50	-26.546122365133
85.653742954226	-49.452211551721	50	-26.546122365133
4.8902647300387	-2.8233956582964	5	-2.6546122406753
0.97182594717843	-0.56108397220893	5	-2.6546122406753
2.1816190433188	-1.2595583419293	5	-2.6546122406753
36.010514475351	-20.790680226001	50	-26.546122365133
199.3524962083	-115.09621734948	50	-26.546122365133
21.477646379511	-12.40012491877	50	-26.546122365133
14.130533066969	-8.1582670700072	5	-2.6546122406753
243.43361724847	-140.54646444821	50	-26.546122365133
7.2963054877273	-4.2125239374291	5	-2.6546122406753
1.0181804235685	-0.58784674163086	5	-2.6546122406753
2.2010568249575	-1.2707807503909	5	-2.6546122406753
57.556349651233	-33.230173964712	50	-26.546122365133
36.09902557876	-20.84178213538	50	-26.546122365133
120.3482832481	-69.483113729801	50	-26.546122365133
199.78621098841	-115.34662269453	50	-26.546122365133
21.605050187515	-12.473681541617	50	-26.546122365133
86.188243206746	-49.760805416396	50	-26.546122365133
29.547482556742	-17.059247008011	50	-26.546122365133
4.9588117795685	-2.8629713157945	5	-2.6546122406753
14.174090208623	-8.1834147974668	5	-2.6546122406753
5.9578306573709	-3.4397551338193	5	-2.6546122406753
154.5784847575	-89.245929785668	50	-26.546122365133
340.13977125365	-196.37978849539	50	-26.546122365133
121.08277888138	-69.907174981392	50	-26.546122365133
200.70938992712	-115.87962030331	50	-26.546122365133
9.1644096837791	-5.2910743978939	5	-2.6546122406753
39.384484529721	-22.738642745129	50	-26.546122365133
86.722743459266	-50.06939928107	50	-26.546122365133
1.0645348999585	-0.61460951105279	5	-2.6546122406753
21.770344147176	-12.569114053723	50	-26.546122365133
5.9852026672985	-3.4555583711193	5	-2.6546122406753
338.59709175187	-195.48912206977	50	-26.546122365133
201.90712416008	-116.57113248513	50	-26.546122365133
243.94829351408	-140.8436129287	50	-26.546122365133
121.81727451465	-70.331236232982	50	-26.546122365133
154.5784847575	-89.245929785668	50	-26.546122365133
99.82765317942	-57.635522435707	50	-26.546122365133
1.1002635909658	-0.63523748042363	5	-2.6546122406753
21.935638106837	-12.664546565828	50	-26.546122365133
48.05606417007	-27.745181584784	50	-26.546122365133
2.2424309063745	-1.2946680874344	5	-2.6546122406753
13.160258222977	-7.5980786276406	5	-2.6546122406753
215.062779977	-124.16655391239	50	-26.546122365133
337.87233204079	-195.07068185548	50	-26.546122365133
203.10485839305	-117.26264466695	50	-26.546122365133
9.1985190579439	-5.3107674542498	5	-2.6546122406753
57.926748370932	-33.444023765237	50	-26.546122365133
100.30472609354	-57.910960611096	50	-26.546122365133
2.2961097237656	-1.325659567105	5	-2.6546122406753
6.0434650651555	-3.4891961822056	5	-2.6546122406753
5.0116458647062	-2.8934750890712	5	-2.6546122406753
154.91812453275	-89.442020901335	50	-26.546122365133
29.758560423794	-17.181112871373	50	-26.546122365133
6.119054818649	-3.5328379467331	5	-2.6546122406753
283.6110047824	-163.74288995626	50	-26.546122365133
155.64106112988	-89.859408540295	50	-26.546122365133
39.482089495329	-22.794994998297	50	-26.546122365133
22.06304191484	-12.738103188675	50	-26.546122365133
87.134720809737	-50.307254515264	50	-26.546122365133
48.171889051693	-27.812053111368	50	-26.546122365133
6.1946445721426	-3.5764797112606	5	-2.6546122406753
215.52950376604	-124.43601701763	50	-26.546122365133
204.02803733176	-117.79564227572	50	-26.546122365133
9.2711222001136	-5.3526848979255	5	-2.6546122406753
58.212241001552	-33.608853012377	50	-26.546122365133
122.38340252582	-70.658090392627	50	-26.546122365133
2.3497885411567	-1.3566510467755	5	-2.6546122406753
48.418426859941	-27.954391781325	50	-26.546122365133
6.2529069699995	-3.6101175223469	5	-2.6546122406753
216.52294367631	-125.00957981725	50	-26.546122365133
29.969638290847	-17.302978734736	50	-26.546122365133
2.3911626225737	-1.3805383838191	5	-2.6546122406753
122.64937272465	-70.811648358515	50	-26.546122365133
204.46175211187	-118.04604762077	50	-26.546122365133
58.346367082987	-33.686290741599	50	-26.546122365133
48.738285513854	-28.139062261264	50	-26.546122365133
284.22175593268	-164.09550729728	50	-26.546122365133
156.57900054155	-90.400928112105	50	-26.546122365133
13.202763303497	-7.6226189473212	5	-2.6546122406753
2.4106004042124	-1.3917607922806	5	-2.6546122406753
217.8118346367	-125.75372136018	50	-26.546122365133
107.72215357213	-62.193414362557	50	-26.546122365133
100.92368146275	-58.268314660126	50	-26.546122365133
5.0364676220677	-2.9078059373656	5	-2.6546122406753
22.122896957299	-12.772660513551	50	-26.546122365133
9.3653176644497	-5.4070686746164	5	-2.6546122406753
219.10072559708	-126.49786290312	50	-26.546122365133
157.51693995322	-90.942447683916	50	-26.546122365133
107.96334328562	-62.332665308563	50	-26.546122365133
39.689845496957	-22.914942981763	50	-26.546122365133
13.293237036292	-7.6748539813048	5	-2.6546122406753
4.1802678630353	-2.4134787760082	5	-2.6546122406753
18.139647371313	-10.472930292832	50	-26.546122365133
1.1170491356897	-0.64492861918847	5	-2.6546122406753
30.13233101176	-17.39690942095	50	-26.546122365133
3.1321150670072	-1.8083274770695	5	-2.6546122406753
65.067389352811	-37.566674758312	50	-26.546122365133
49.058144167767	-28.323732741203	50	-26.546122365133
189.50122470961	-109.40858309786	50	-26.546122365133
6.2802789799271	-3.6259207596468	5	-2.6546122406753
87.328270140725	-50.419000273612	50	-26.546122365133
220.09416550736	-127.07142570274	50	-26.546122365133
101.54263683196	-58.625668709156	50	-26.546122365133
30.20876498866	-17.441038598089	50	-26.546122365133
189.91424095279	-109.64703813703	50	-26.546122365133
9.4595131287857	-5.4614524513072	5	-2.6546122406753
13.410617841256	-7.7426238206485	5	-2.6546122406753
3.1535499510462	-1.8207029131394	5	-2.6546122406753
285.52176373639	-164.8460671527	50	-26.546122365133
4.2039050198382	-2.4271256948512	5	-2.6546122406753
102.01970974608	-58.901106884545	50	-26.546122365133
13.52799864622	-7.8103936599922	5	-2.6546122406753
18.192614675046	-10.503510979901	50	-26.546122365133
49.304681976014	-28.466071411161	50	-26.546122365133
4.2542176361751	-2.456173697437	5	-2.6546122406753
-4.016567427147e-17	8.3074784298951e-18	5	-2.6546122406753
65.218956861638	-37.654182300333	50	-26.546122365133
158.23987655035	-91.359835322876	50	-26.546122365133
27.572257394676	-15.918850228982	50	-26.546122365133
9.5321162709555	-5.5033698949829	5	-2.6546122406753
27.645043620455	-15.960873376029	50	-26.546122365133
3.1991749433359	-1.8470445147197	5	-2.6546122406753
287.20839650533	-165.81984503587	50	-26.546122365133
13.618472379015	-7.8626286939758	5	-2.6546122406753
220.5608892964	-127.34088880798	50	-26.546122365133
4.3194933269536	-2.4938606350795	5	-2.6546122406753
108.47672506077	-62.629066414644	50	-26.546122365133
190.79336224294	-110.15459905055	50	-26.546122365133
158.5795163256	-91.555926438543	50	-26.546122365133
288.89502927427	-166.79362291904	50	-26.546122365133
39.959388556075	-23.070563739503	50	-26.546122365133
49.420506857637	-28.532942937745	50	-26.546122365133
18.305357660735	-10.568603173038	50	-26.546122365133
0.014853975381436	-0.0085759466850082	5	-2.6546122406753
65.541574255275	-37.840445539395	50	-26.546122365133
27.79997195988	-16.050321294501	50	-26.546122365133
80.651993151191	-46.56444995652	50	-26.546122365133
102.24384134762	-59.030509325029	50	-26.546122365133
263.05265625264	-151.87352189851	50	-26.546122365133
191.93393599304	-110.8131096122	50	-26.546122365133
290.19503707798	-167.54418277447	50	-26.546122365133
28.000976302597	-16.166371205876	50	-26.546122365133
3.2583689011402	-1.8812201621924	5	-2.6546122406753
65.960138718029	-38.082103844639	50	-26.546122365133
0.046471245202749	-0.026830185927384	5	-2.6546122406753
94.512662207687	-54.566910967436	50	-26.546122365133
13.660977459536	-7.8871690136564	5	-2.6546122406753
109.14278762014	-63.013617812594	50	-26.546122365133
28.201980645313	-16.282421117252	50	-26.546122365133
3.3175628589445	-1.9153958096651	5	-2.6546122406753
53.719831494614	-31.015159174236	50	-26.546122365133
66.378703180783	-38.323762149883	50	-26.546122365133
290.80578822826	-167.89680011549	50	-26.546122365133
158.5795163256	-91.555926438543	50	-26.546122365133
0.087491555382896	-0.050513273052134	5	-2.6546122406753
9.5662256451203	-5.5230629513389	5	-2.6546122406753
15.790895504416	-9.1168777702196	5	-2.6546122406753
18.451630639702	-10.65305391682	50	-26.546122365133
80.836305542507	-46.670862765261	50	-26.546122365133
94.726097343832	-54.690137800744	50	-26.546122365133
109.80885017951	-63.398169210544	50	-26.546122365133
40.228931615192	-23.226184497242	50	-26.546122365133
15.838927831364	-9.1446092471133	5	-2.6546122406753
158.92756274621	-91.756871133175	50	-26.546122365133
95.18040241137	-54.952430953782	50	-26.546122365133
193.07450974314	-111.47162017385	50	-26.546122365133
298.17864999334	-172.15352384026	50	-26.546122365133
18.597903618669	-10.737504660601	50	-26.546122365133
53.847556549052	-31.088901268799	50	-26.546122365133
11.729504313825	-6.7720324730476	5	-2.6546122406753
66.70132057442	-38.510025388945	50	-26.546122365133
4.3847690177322	-2.531547572722	5	-2.6546122406753
28.356908984738	-16.371869035724	50	-26.546122365133
3.3631878512342	-1.9417374112453	5	-2.6546122406753
193.95363103329	-111.97918108737	50	-26.546122365133
11.769003226564	-6.79483718095	5	-2.6546122406753
4.4350816340691	-2.5605955753078	5	-2.6546122406753
95.769818730114	-55.292730624073	50	-26.546122365133
0.12851186556304	-0.074196360176884	5	-2.6546122406753
298.82000891171	-172.52381258442	50	-26.546122365133
263.62021187446	-152.20120028955	50	-26.546122365133
54.119424342383	-31.245864212462	50	-26.546122365133
110.32223195466	-63.694570316625	50	-26.546122365133
15.941166525201	-9.2036367845217	5	-2.6546122406753
81.228621704209	-46.897366606827	50	-26.546122365133
3.3846227352732	-1.9541128473153	5	-2.6546122406753
96.359235048858	-55.633030294365	50	-26.546122365133
28.429695210517	-16.413892182771	50	-26.546122365133
54.472146170467	-31.449508254856	50	-26.546122365133
0.16012913538436	-0.09245059941926	5	-2.6546122406753
40.43668761682	-23.346132480708	50	-26.546122365133
4.458718790872	-2.5742424941508	5	-2.6546122406753
264.82827629984	-152.89867661073	50	-26.546122365133
159.66839321807	-92.18458980553	50	-26.546122365133
194.36664727647	-112.21763612655	50	-26.546122365133
81.737613490427	-47.191233151616	50	-26.546122365133
16.073811214554	-9.2802192316257	5	-2.6546122406753
18.710646604358	-10.802596853738	50	-26.546122365133
96.813540116396	-55.895323447402	50	-26.546122365133
66.852888083246	-38.597532930966	50	-26.546122365133
300.18516655156	-173.31198671527	50	-26.546122365133
25.919012373104	-14.964348770741	50	-26.546122365133
16.206455903906	-9.3568016787297	5	-2.6546122406753
11.853078213201	-6.8433778971174	5	-2.6546122406753
25.988324944796	-15.004366402665	50	-26.546122365133
54.824867998551	-31.653152297249	50	-26.546122365133
2.885706433238	-1.6660633860322	5	-2.6546122406753
82.246605276645	-47.485099696404	50	-26.546122365133
110.56342166815	-63.833821262631	50	-26.546122365133
26.135859475108	-15.089545503456	50	-26.546122365133
11.962157271885	-6.9063547210116	5	-2.6546122406753
18.763613908091	-10.833177540807	50	-26.546122365133
171.18666840663	-98.834669086241	50	-26.546122365133
55.096735791882	-31.810115240913	50	-26.546122365133
0.17498311076579	-0.10102654610427	5	-2.6546122406753
266.39562154269	-153.80358380861	50	-26.546122365133
16.308694597743	-9.4158292161381	5	-2.6546122406753
16.356726924691	-9.4435606930318	5	-2.6546122406753
301.95632485042	-174.3345654359	50	-26.546122365133
97.026975252542	-56.01855028071	50	-26.546122365133
82.638921438347	-47.71160353797	50	-26.546122365133
12.071236330569	-6.9693315449058	5	-2.6546122406753
40.534292582428	-23.402484733876	50	-26.546122365133
0.53804974252369	-0.31064316368346	5	-2.6546122406753
16.936563452692	-9.7783294685587	5	-2.6546122406753
55.224460846321	-31.883857335475	50	-26.546122365133
171.56120382815	-99.050907212679	50	-26.546122365133
2.9066235821203	-1.6781399075701	5	-2.6546122406753
160.62954817922	-92.739512881083	50	-26.546122365133
116.45867488763	-67.237447295842	50	-26.546122365133
267.96296678554	-154.70849100648	50	-26.546122365133
63.325017151688	-36.560715698965	50	-26.546122365133
12.155311317207	-7.0178722610732	5	-2.6546122406753
26.327271074842	-15.200057042088	50	-26.546122365133
0.55403421603211	-0.3198718037664	5	-2.6546122406753
2.9511465548009	-1.7038452578323	5	-2.6546122406753
116.71822096785	-67.387296295123	50	-26.546122365133
303.72748314929	-175.35714415653	50	-26.546122365133
269.17103121091	-155.40596732767	50	-26.546122365133
172.35841717851	-99.511178555109	50	-26.546122365133
26.518682674575	-15.31056858072	50	-26.546122365133
37.167513616146	-21.458673991391	50	-26.546122365133
12.194810229946	-7.0406769689756	5	-2.6546122406753
82.823233829663	-47.818016346711	50	-26.546122365133
0.58805779550423	-0.33951532653343	5	-2.6546122406753
16.987002955359	-9.8074507290013	5	-2.6546122406753
305.09264078914	-176.14531828738	50	-26.546122365133
63.472923733457	-36.646109603764	50	-26.546122365133
0.63220005672012	-0.36500087292906	5	-2.6546122406753
10.399940341978	-6.0044083559971	5	-2.6546122406753
117.27067499033	-67.706255773718	50	-26.546122365133
173.3927234009	-100.10833553103	50	-26.546122365133
161.59070314037	-93.294435956636	50	-26.546122365133
117.98742996287	-68.120074450055	50	-26.546122365133
37.260460502232	-21.512336901093	50	-26.546122365133
17.094365417227	-9.8694364752616	5	-2.6546122406753
12.671633236945	-7.3159708604224	5	-2.6546122406753
3.0089107501226	-1.7371954315508	5	-2.6546122406753
0.676342317936	-0.39048641932468	5	-2.6546122406753
269.73858683273	-155.73364571871	50	-26.546122365133
10.436645701015	-6.0256002049176	5	-2.6546122406753
17.233657693644	-9.9498569085475	5	-2.6546122406753
26.666217204888	-15.395747681511	50	-26.546122365133
3.0666749454443	-1.7705456052693	5	-2.6546122406753
174.4270296233	-100.70549250696	50	-26.546122365133
220.5608892964	-127.34088880798	50	-26.546122365133
305.7339997075	-176.51560703155	50	-26.546122365133
10.514774498912	-6.0707078874153	5	-2.6546122406753
118.70418493541	-68.533893126393	50	-26.546122365133
3.1111979181248	-1.7962509555316	5	-2.6546122406753
0.71036589740813	-0.41012994209171	5	-2.6546122406753
63.787748700113	-36.82787388301	50	-26.546122365133
37.458301598704	-21.626560511398	50	-26.546122365133
26.73552977658	-15.435765313435	50	-26.546122365133
12.7131116601	-7.3399184391963	5	-2.6546122406753
162.33153361224	-93.72215462899	50	-26.546122365133
221.03916520586	-127.61702153305	50	-26.546122365133
10.61613896023	-6.1292306864432	5	-2.6546122406753
119.25663895789	-68.852852604988	50	-26.546122365133
17.372949970062	-10.030277341833	50	-26.546122365133
162.67958003285	-93.923099323622	50	-26.546122365133
0.72635037091654	-0.41935858217465	5	-2.6546122406753
17.48031243193	-10.092263088094	50	-26.546122365133
175.22424297366	-101.16576384939	50	-26.546122365133
37.714981039703	-21.774754455754	50	-26.546122365133
135.9770691832	-78.506397496535	50	-26.546122365133
30.20876498866	-17.441038598089	50	-26.546122365133
3.1321150670072	-1.8083274770695	5	-2.6546122406753
12.801400112381	-7.390891800887	5	-2.6546122406753
64.19620325225	-37.063695228638	50	-26.546122365133
10.717503421547	-6.1877534854711	5	-2.6546122406753
3.6433803063387	-2.1035066006249	5	-2.6546122406753
12.915945729961	-7.4570247440315	5	-2.6546122406753
37.971660480703	-21.922948400111	50	-26.546122365133
1.3196808582316	-0.76191809874441	5	-2.6546122406753
17.530751934597	-10.121384348536	50	-26.546122365133
13.030491347541	-7.523157687176	5	-2.6546122406753
222.05719425802	-128.20478088036	50	-26.546122365133
119.51618503811	-69.002701604269	50	-26.546122365133
30.287090781948	-17.486260015928	50	-26.546122365133
17.530751934597	-10.121384348536	50	-26.546122365133
10.795632219445	-6.2328611679688	5	-2.6546122406753
64.604657804387	-37.299516574266	50	-26.546122365133
3.6658894052534	-2.1165022349425	5	-2.6546122406753
223.37798722111	-128.96734105314	50	-26.546122365133
175.59877839518	-101.38200197583	50	-26.546122365133
1.3373076206632	-0.77209491477926	5	-2.6546122406753
38.169501577175	-22.037172010416	50	-26.546122365133
13.118779799822	-7.5741310488667	5	-2.6546122406753
175.59877839518	-101.38200197583	50	-26.546122365133
30.453810308319	-17.582515579358	50	-26.546122365133
17.582439882007	-10.151226398887	50	-26.546122365133
10.832337578482	-6.2540530168893	5	-2.6546122406753
136.2776255644	-78.679923804127	50	-26.546122365133
64.919482771042	-37.481280853512	50	-26.546122365133
3.7138009060837	-2.1441639528441	5	-2.6546122406753
30.670112560964	-17.707397743149	50	-26.546122365133
65.067389352811	-37.566674758312	50	-26.546122365133
3.7759613847197	-2.1800523219176	5	-2.6546122406753
224.6987801842	-129.72990122593	50	-26.546122365133
30.88641481361	-17.83227990694	50	-26.546122365133
136.91737162274	-79.049281363122	50	-26.546122365133
31.053134339981	-17.92853547037	50	-26.546122365133
38.262448463261	-22.090834920118	50	-26.546122365133
137.74737946016	-79.528486611488	50	-26.546122365133
13.160258222977	-7.5980786276406	5	-2.6546122406753
31.131460133268	-17.973756888209	50	-26.546122365133
175.98258411611	-101.60359231212	50	-26.546122365133
1.3748268765908	-0.79375666728882	5	-2.6546122406753
8.0162617096408	-4.6281908559556	5	-2.6546122406753
42.919991517997	-24.779868656532	50	-26.546122365133
17.692459707528	-10.214746374768	50	-26.546122365133
26.73552977658	-15.435765313435	50	-26.546122365133
176.79952966274	-102.07525604338	50	-26.546122365133
1.4235044355506	-0.82186066905777	5	-2.6546122406753
8.047958705188	-4.6464911248673	5	-2.6546122406753
17.835199652955	-10.297157320684	50	-26.546122365133
3.8381218633557	-2.215940690991	5	-2.6546122406753
225.71680923636	-130.31766057324	50	-26.546122365133
8.1154270047513	-4.6854439657819	5	-2.6546122406753
138.57738729758	-80.007691859853	50	-26.546122365133
226.19508514582	-130.59379329831	50	-26.546122365133
139.21713335592	-80.377049418848	50	-26.546122365133
1.4721819945104	-0.84996467082671	5	-2.6546122406753
177.85943647672	-102.68719352775	50	-26.546122365133
231.96873622099	-133.92721230077	50	-26.546122365133
17.977939598382	-10.379568266601	50	-26.546122365133
43.025024963774	-24.840509744725	50	-26.546122365133
3.886033364186	-2.2436024088926	5	-2.6546122406753
8.2029605138447	-4.7359814608201	5	-2.6546122406753
232.47098123615	-134.21718359547	50	-26.546122365133
26.806557954018	-15.4767734508	50	-26.546122365133
139.51768973712	-80.550575726441	50	-26.546122365133
1.509701250438	-0.87162642333627	5	-2.6546122406753
178.9193432907	-103.29913101212	50	-26.546122365133
18.087959423903	-10.443088242482	50	-26.546122365133
3.9085424631007	-2.2565980432103	5	-2.6546122406753
179.73628883733	-103.77079474338	50	-26.546122365133
233.54002947089	-134.83439888157	50	-26.546122365133
26.957744218524	-15.56406088131	50	-26.546122365133
8.2904940229382	-4.7865189558583	5	-2.6546122406753
18.139647371313	-10.472930292832	50	-26.546122365133
1.5273280128696	-0.88180323937112	5	-2.6546122406753
8.3579623225015	-4.825471796773	5	-2.6546122406753
43.248592777113	-24.969586681938	50	-26.546122365133
27.153893585628	-15.677307771209	50	-26.546122365133
180.12009455826	-103.99238507967	50	-26.546122365133
234.92701482525	-135.63517524927	50	-26.546122365133
8.3896593180487	-4.8437720656847	5	-2.6546122406753
236.3140001796	-136.43595161697	50	-26.546122365133
27.350042952732	-15.790554661108	50	-26.546122365133
237.38304841435	-137.05316690308	50	-26.546122365133
27.501229217238	-15.877842091618	50	-26.546122365133
237.8852934295	-137.34313819778	50	-26.546122365133
43.538650112906	-25.137051362839	50	-26.546122365133
27.572257394676	-15.918850228982	50	-26.546122365133
276.59000438951	-159.68931348944	50	-26.546122365133
43.8287074487	-25.30451604374	50	-26.546122365133
44.052275262038	-25.433592980953	50	-26.546122365133
9.9779871549764	-5.7607935698962	5	-2.6546122406753
44.157308707816	-25.494234069147	50	-26.546122365133
36.09902557876	-20.84178213538	50	-26.546122365133
277.18600343497	-160.03341369878	50	-26.546122365133
36.18972744669	-20.894148883246	50	-26.546122365133
278.45461080437	-160.765844505	50	-26.546122365133
280.10050458595	-161.71610172285	50	-26.546122365133
281.74639836754	-162.66635894071	50	-26.546122365133
10.013805938997	-5.7814735544928	5	-2.6546122406753
32.076993587328	-18.519660882438	50	-26.546122365133
36.38278993387	-21.005613562189	50	-26.546122365133
283.01500573694	-163.39878974692	50	-26.546122365133
32.159244727334	-18.567148600261	50	-26.546122365133
36.633269597453	-21.150228063386	50	-26.546122365133
283.6110047824	-163.74288995626	50	-26.546122365133
36.883749261036	-21.294842564582	50	-26.546122365133
10.090047627164	-5.8254917136791	5	-2.6546122406753
37.076811748215	-21.406307243525	50	-26.546122365133
32.33431950832	-18.668228072192	50	-26.546122365133
37.167513616146	-21.458673991391	50	-26.546122365133
256.52821535062	-148.10663418742	50	-26.546122365133
32.561461885297	-18.799368784684	50	-26.546122365133
41.712560187977	-24.082757853117	50	-26.546122365133
32.788604262275	-18.930509497177	50	-26.546122365133
41.815056681338	-24.14193423115	50	-26.546122365133
42.033224491848	-24.267893475276	50	-26.546122365133
257.08206242828	-148.42639794679	50	-26.546122365133
10.188963748477	-5.8826009629466	5	-2.6546122406753
42.316275852987	-24.431313254824	50	-26.546122365133
258.26094767914	-149.10702766372	50	-26.546122365133
32.963679043261	-19.031588969107	50	-26.546122365133
42.599327214126	-24.594733034373	50	-26.546122365133
259.79043580163	-149.99007804296	50	-26.546122365133
261.31992392412	-150.87312842221	50	-26.546122365133
10.287879869791	-5.9397102122141	5	-2.6546122406753
33.045930183267	-19.079076686931	50	-26.546122365133
42.817495024636	-24.720692278499	50	-26.546122365133
262.49880917499	-151.55375813914	50	-26.546122365133
10.364121557957	-5.9837283714005	5	-2.6546122406753
263.05265625264	-151.87352189851	50	-26.546122365133
10.399940341978	-6.0044083559971	5	-2.6546122406753
42.919991517997	-24.779868656532	50	-26.546122365133
250.16136290468	-144.43073021386	50	-26.546122365133
12.194810229946	-7.0406769689756	5	-2.6546122406753
250.7018326053	-144.742770541	50	-26.546122365133
12.235286806092	-7.0640461311097	5	-2.6546122406753
251.85224358391	-145.40696062918	50	-26.546122365133
12.32144278768	-7.1137883102717	5	-2.6546122406753
253.34478912765	-146.26868220064	50	-26.546122365133
12.433221733445	-7.178323914699	5	-2.6546122406753
254.8373346714	-147.1304037721	50	-26.546122365133
12.545000679211	-7.2428595191263	5	-2.6546122406753
255.98774565	-147.79459386027	50	-26.546122365133
256.52821535062	-148.10663418742	50	-26.546122365133
12.631156660798	-7.2926016982883	5	-2.6546122406753
12.671633236945	-7.3159708604224	5	-2.6546122406753
8.3896593180487	-4.8437720656847	5	-2.6546122406753
8.4221408575843	-4.8625252912793	5	-2.6546122406753
8.4912790898311	-4.9024422682782	5	-2.6546122406753
8.580979172985	-4.9542306354335	5	-2.6546122406753
8.670679256139	-5.0060190025887	5	-2.6546122406753
8.7398174883858	-5.0459359795877	5	-2.6546122406753
8.7722990279214	-5.0646892051823	5	-2.6546122406753
