22.122896957299	-12.772660513551	80	-42.473795781439
15.23873086124	-8.7980853648454	70.985640236341	-37.687869835684
313.47635998726	-180.98566082323	80	-42.473795781439
5.3361107729716	-3.0808049912008	28.106037434006	-14.922126180468
0.35429726838519	-0.20455362327534	6.534152174565	-3.4691280675882
92.059078800214	-53.150333926653	80	-42.473795781439
9.5662256451203	-5.5230629513389	46.422972135042	-24.646997977331
72.478948559459	-41.845740461385	80	-42.473795781439
49.420506857637	-28.532942937745	80	-42.473795781439
110.56342166815	-63.833821262631	80	-42.473795781439
269.73858683273	-155.73364571871	80	-42.473795781439
6.2802789799271	-3.6259207596468	32.194405697351	-17.09273266394
22.184233486942	-12.808073175451	80	-42.473795781439
40.534292582428	-23.402484733876	80	-42.473795781439
82.823233829663	-47.818016346711	80	-42.473795781439
314.149861187	-181.3745069222	80	-42.473795781439
0.36989565793939	-0.21355935768338	6.6016951826254	-3.5049881667195
132.52196857951	-76.51159423292	80	-42.473795781439
166.88112749291	-96.348863880698	80	-42.473795781439
3.3846227352732	-1.9541128473153	19.655846354865	-10.435730053337
33.045930183267	-19.079076686931	80	-42.473795781439
22.845454823784	-13.189829492271	80	-42.473795781439
49.539198578541	-28.601469634759	80	-42.473795781439
72.646088552651	-41.942238781447	80	-42.473795781439
110.81058114611	-63.976518853763	80	-42.473795781439
6.3083284883301	-3.642115150874	32.315863631555	-17.1572174076
270.32019032161	-156.06943464957	80	-42.473795781439
22.314790698585	-12.883450416738	80	-42.473795781439
40.634313424034	-23.460231793702	80	-42.473795781439
15.285603042106	-8.8251470310856	71.188602733142	-37.795627181177
132.81526533874	-76.680929195813	80	-42.473795781439
61.624729680867	-35.579054269987	80	-42.473795781439
0.40309744255589	-0.23272841696929	6.7454631272697	-3.5813177957205
167.24661647328	-96.559879041902	80	-42.473795781439
83.012108254683	-47.927063046839	80	-42.473795781439
315.58343493478	-182.20218111138	80	-42.473795781439
5.3621764864428	-3.09585403789	28.218905284175	-14.982050255691
22.908309534844	-13.226118676622	80	-42.473795781439
9.6011792775232	-5.5432434404159	46.574325803119	-24.727355037181
3.4065881613852	-1.9667945919939	19.750959439954	-10.486227725234
73.001852590694	-42.147639244578	80	-42.473795781439
92.267358715753	-53.270584391955	80	-42.473795781439
40.847211712579	-23.583148677903	80	-42.473795781439
49.791838566761	-28.747331399966	80	-42.473795781439
22.484175890542	-12.981245002911	80	-42.473795781439
33.130217183465	-19.127739809184	80	-42.473795781439
111.33666979933	-64.280256279322	80	-42.473795781439
271.55815618359	-156.78417457324	80	-42.473795781439
61.769063771868	-35.662385596279	80	-42.473795781439
133.43955900667	-77.041365313049	80	-42.473795781439
6.3680329682933	-3.6765855484525	32.574391613394	-17.29447571639
317.44335643125	-183.27600728804	80	-42.473795781439
168.02457411845	-97.009033097758	80	-42.473795781439
0.44617350545444	-0.2575983934794	6.9319879510955	-3.6803480116515
83.414134884244	-48.159173229638	80	-42.473795781439
5.4176583810022	-3.127886524649	28.459148934868	-15.109601002643
23.042098255244	-13.303361630359	80	-42.473795781439
9.6755794565015	-5.5861984037767	46.896488028325	-24.898398194186
73.463421577324	-42.414126223259	80	-42.473795781439
3.4533424333082	-1.9937881834745	19.953411376058	-10.593714002593
92.710690693814	-53.52654222883	80	-42.473795781439
112.01921828817	-64.674325833087	80	-42.473795781439
41.123426385203	-23.742621293497	80	-42.473795781439
22.653561082499	-13.079039589084	80	-42.473795781439
50.119614201382	-28.936572750848	80	-42.473795781439
33.309625372806	-19.231321175595	80	-42.473795781439
15.385372319453	-8.8827488502189	71.620616376641	-38.024992922012
6.4454936820448	-3.7213075123886	32.909806342914	-17.472554925418
62.076284551654	-35.839759596189	80	-42.473795781439
134.24951888135	-77.508995864727	80	-42.473795781439
273.16429561112	-157.71147960407	80	-42.473795781439
319.30327792772	-184.3498334647	80	-42.473795781439
9.7721064000483	-5.6419282606176	47.314461954632	-25.12030993401
83.935725051215	-48.460313452945	80	-42.473795781439
169.03389794977	-97.59176648347	80	-42.473795781439
23.215676013235	-13.40357679566	80	-42.473795781439
5.4896407038616	-3.1694455381288	28.770841535966	-15.275085601196
112.70176677701	-65.068395386851	80	-42.473795781439
0.48924956835299	-0.28246836998951	7.1185127749213	-3.7793782275826
73.924990563954	-42.680613201939	80	-42.473795781439
3.514001520806	-2.0288097239701	20.216072929776	-10.73316691748
93.285870503951	-53.858622447044	80	-42.473795781439
15.514813182828	-8.9574815675325	72.181111756494	-38.322572500734
41.399641057826	-23.90209390909	80	-42.473795781439
22.784118294142	-13.154416830371	80	-42.473795781439
33.542389922598	-19.365707851075	80	-42.473795781439
6.5229543957963	-3.7660294763246	33.245221072435	-17.650634134445
320.73685167551	-185.17750765389	80	-42.473795781439
62.474873416278	-36.069884984476	80	-42.473795781439
50.447389836003	-29.125814101731	80	-42.473795781439
274.77043503865	-158.63878463491	80	-42.473795781439
135.05947875603	-77.976626416406	80	-42.473795781439
9.8686333435952	-5.6976581174584	47.732435880938	-25.342221673835
84.457315218186	-48.761453676253	80	-42.473795781439
5.561623026721	-3.2110045516086	29.082534137064	-15.440570199748
170.04322178109	-98.174499869181	80	-42.473795781439
23.389253771226	-13.503791960962	80	-42.473795781439
0.52245135296949	-0.30163742927542	7.2622807195656	-3.8557078565835
74.280754601996	-42.886013665071	80	-42.473795781439
113.22785543023	-65.37213281241	80	-42.473795781439
93.861050314087	-54.190702665259	80	-42.473795781439
15.644254046203	-9.0322142848462	72.741607136346	-38.620152079455
3.5746606083037	-2.0638312644657	20.478734483493	-10.872619832368
41.612539346371	-24.025010793291	80	-42.473795781439
321.41035287525	-185.56635375286	80	-42.473795781439
33.77515447239	-19.500094526555	80	-42.473795781439
22.845454823784	-13.189829492271	80	-42.473795781439
62.873462280901	-36.300010372762	80	-42.473795781439
135.68377242397	-78.337062533641	80	-42.473795781439
50.700029824223	-29.271675866937	80	-42.473795781439
276.00840090063	-159.35352455858	80	-42.473795781439
6.5826588757594	-3.8004998739032	33.503749054274	-17.787892443235
84.859341847747	-48.993563859051	80	-42.473795781439
9.9430335225734	-5.7406130808192	48.054598106144	-25.51326483084
0.53804974252369	-0.31064316368346	7.329823727626	-3.8915679557148
5.6171049212804	-3.2430370383676	29.322777787757	-15.568120946701
23.523042491625	-13.581034914699	80	-42.473795781439
74.447894595188	-42.982511985133	80	-42.473795781439
113.47501490819	-65.514830403542	80	-42.473795781439
170.82117942625	-98.623653925037	80	-42.473795781439
41.712560187977	-24.082757853117	80	-42.473795781439
94.304382292149	-54.446660502133	80	-42.473795781439
3.6214148802268	-2.0908248559462	20.681186419597	-10.980106109727
19.403024578143	-11.202341463284	80	-42.473795781439
15.74402332355	-9.0898161039794	73.173620779846	-38.84951782029
63.180683060687	-36.477384372672	80	-42.473795781439
305.7339997075	-176.51560703155	80	-42.473795781439
135.9770691832	-78.506397496535	80	-42.473795781439
33.95456266173	-19.603675892966	80	-42.473795781439
6.6107083841624	-3.8166942651303	33.625206988477	-17.852377186896
276.59000438951	-159.68931348944	80	-42.473795781439
50.818721545127	-29.340202563952	80	-42.473795781439
85.048216272766	-49.102610559179	80	-42.473795781439
23.585897202685	-13.617324099049	80	-42.473795781439
0.17498311076579	-0.10102654610427	5.757699095782	-3.0568916988569
5.6431706347516	-3.2580860850568	29.435645637926	-15.628045021924
9.9779871549764	-5.7607935698962	48.205951774222	-25.59362189069
68.682580862165	-39.653906549409	80	-42.473795781439
171.18666840663	-98.834669086241	80	-42.473795781439
44.157308707816	-25.494234069147	80	-42.473795781439
94.512662207687	-54.566910967436	80	-42.473795781439
122.64937272465	-70.811648358515	80	-42.473795781439
3.6433803063387	-2.1035066006249	20.776299504686	-11.030603781624
19.458646374229	-11.234454722227	80	-42.473795781439
63.325017151688	-36.560715698965	80	-42.473795781439
15.790895504416	-9.1168777702196	73.376583276647	-38.957275165783
306.39123358845	-176.89506118964	80	-42.473795781439
5.6431706347516	-3.2580860850568	29.435645637926	-15.628045021924
139.51768973712	-80.550575726441	80	-42.473795781439
34.038849661928	-19.65233901522	80	-42.473795781439
226.19508514582	-130.59379329831	80	-42.473795781439
23.585897202685	-13.617324099049	80	-42.473795781439
45.425251455533	-26.226281155859	80	-42.473795781439
74.447894595188	-42.982511985133	80	-42.473795781439
0.19020474027715	-0.10981475800015	5.8236106850012	-3.0918856411046
3.9085424631007	-2.2565980432103	21.924485324077	-11.640201406707
68.841744220733	-39.745799557323	80	-42.473795781439
11.275437314535	-6.5098767687773	53.824075765829	-28.576410029045
44.26494189754	-25.556376120208	80	-42.473795781439
204.46175211187	-118.04604762077	80	-42.473795781439
122.92192611503	-70.96900713182	80	-42.473795781439
102.24384134762	-59.030509325029	80	-42.473795781439
19.577039551117	-11.302809054773	80	-42.473795781439
58.346367082987	-33.686290741599	80	-42.473795781439
14.699903120523	-8.4869930236956	68.652447677717	-36.449125532647
307.79018170949	-177.7027442639	80	-42.473795781439
1.9581682813097	-1.1305489843327	13.479117382495	-7.1563659915721
5.6698815110702	-3.2735076166896	29.551307125172	-15.689452301781
226.68519913771	-130.87676074346	80	-42.473795781439
139.82568518902	-80.728396983504	80	-42.473795781439
23.650307663555	-13.654511495971	80	-42.473795781439
45.535548728988	-26.289961316378	80	-42.473795781439
24.344666657959	-14.055399848304	80	-42.473795781439
204.90620197367	-118.30265086812	80	-42.473795781439
0.22260457634946	-0.1285208120782	5.9639060905865	-3.1663716211703
11.313982177519	-6.5321306557969	53.990979918477	-28.665023190218
74.619171558356	-43.081398785924	80	-42.473795781439
3.9316087029422	-2.269915342992	22.02436507244	-11.693229807134
309.60517984738	-178.75063392739	80	-42.473795781439
44.494043367946	-25.688647915818	80	-42.473795781439
58.483812997579	-33.765645177388	80	-42.473795781439
14.745643157721	-8.5134010464846	68.850507848634	-36.554280123285
69.180529678786	-39.941397432728	80	-42.473795781439
1.9771365811834	-1.1415003373709	13.561252530282	-7.1999733852368
123.50206670791	-71.303951459287	80	-42.473795781439
5.726736660082	-3.3063329522764	29.797497142073	-15.820160108032
102.47352053016	-59.163114662898	80	-42.473795781439
23.787407858508	-13.733666330433	80	-42.473795781439
227.72842601315	-131.47906806082	80	-42.473795781439
140.48126560143	-81.106896511082	80	-42.473795781439
24.410671368284	-14.093507685578	80	-42.473795781439
45.770320806214	-26.425507038363	80	-42.473795781439
74.983741299425	-43.291883224068	80	-42.473795781439
205.85223095525	-118.8488409553	80	-42.473795781439
311.42017798527	-179.79852359088	80	-42.473795781439
0.26464018957549	-0.1527900846898	6.1459256351735	-3.2630098832225
11.396026431794	-6.5794989280881	54.346241960661	-28.853639783055
44.791280081675	-25.860257612503	80	-42.473795781439
58.77637202342	-33.934554209711	80	-42.473795781439
3.9807061001106	-2.2982617384637	22.236963038477	-11.806102839535
19.730643099639	-11.391492104861	80	-42.473795781439
69.620070621201	-40.195166514151	80	-42.473795781439
124.2547422932	-71.738508911066	80	-42.473795781439
2.0175113522302	-1.1648107223032	13.736080417274	-7.2927934348395
14.84300262282	-8.5696115598675	69.272086699006	-36.778105798216
229.08191068341	-132.26050279954	80	-42.473795781439
102.96240168826	-59.445370331126	80	-42.473795781439
5.8005006460613	-3.3489206094381	30.116904570785	-15.989740681741
141.33181696202	-81.597962568084	80	-42.473795781439
46.074914576767	-26.601364333785	80	-42.473795781439
23.965281930322	-13.836361973677	80	-42.473795781439
24.551164985801	-14.174621713471	80	-42.473795781439
207.07961088031	-119.55746908543	80	-42.473795781439
11.50247081418	-6.6409546209124	54.807159656843	-29.098351334275
75.456734823074	-43.564966162272	80	-42.473795781439
312.81912610631	-180.60620666514	80	-42.473795781439
45.088516795403	-26.031867309187	80	-42.473795781439
0.30667580280153	-0.17705935730141	6.3279451797605	-3.3596481452748
19.884246648162	-11.480175154949	80	-42.473795781439
4.044405163068	-2.3350384096092	22.512788072069	-11.952544541371
59.155938698653	-34.153697131832	80	-42.473795781439
70.059611563616	-40.448935595574	80	-42.473795781439
2.0698936623142	-1.195053663131	13.962902473483	-7.4132183560029
125.00741787849	-72.173066362845	80	-42.473795781439
230.43539535366	-133.04193753826	80	-42.473795781439
5.8742646320405	-3.3915082665997	30.436311999498	-16.15932125545
142.18236832262	-82.089028625085	80	-42.473795781439
24.143156002136	-13.93905761692	80	-42.473795781439
14.969316990882	-8.6425391942705	69.819043957029	-37.068497684165
103.59667709722	-59.811569409233	80	-42.473795781439
208.30699080537	-120.26609721556	80	-42.473795781439
24.733441690951	-14.279859218257	80	-42.473795781439
46.37950834732	-26.777221629208	80	-42.473795781439
313.47635998726	-180.98566082323	80	-42.473795781439
11.608915196566	-6.7024103137367	55.268077353025	-29.343062885494
20.002639825049	-11.548529487495	80	-42.473795781439
45.317618265809	-26.164139104797	80	-42.473795781439
75.929728346723	-43.838049100476	80	-42.473795781439
0.33907563887383	-0.19576541137945	6.4682405853459	-3.4341341253405
4.1081042260253	-2.3718150807548	22.788613105661	-12.098986243208
2.1222759723983	-1.2252966039588	14.189724529691	-7.5336432771664
59.535505373886	-34.372840053954	80	-42.473795781439
70.398397021668	-40.644533470978	80	-42.473795781439
125.58755847137	-72.508010690312	80	-42.473795781439
5.9311197810523	-3.4243336021865	30.682502016399	-16.290029061702
24.280256197089	-14.018212451382	80	-42.473795781439
231.4786222291	-133.64424485561	80	-42.473795781439
142.83794873503	-82.467528152664	80	-42.473795781439
15.095631358944	-8.7154668286735	70.366001215051	-37.358889570114
104.23095250619	-60.17776848734	80	-42.473795781439
24.915718396102	-14.385096723042	80	-42.473795781439
46.614280424546	-26.912767351193	80	-42.473795781439
209.25301978695	-120.81228730274	80	-42.473795781439
11.690959450841	-6.7497785860279	55.623339395209	-29.531679478331
20.058261621136	-11.580642746439	80	-42.473795781439
45.425251455533	-26.226281155859	80	-42.473795781439
76.294298087792	-44.04853353862	80	-42.473795781439
321.41035287525	-185.56635375286	80	-42.473795781439
59.828064399728	-34.541749086277	80	-42.473795781439
0.35429726838519	-0.20455362327534	6.534152174565	-3.4691280675882
125.86011186175	-72.665369463617	80	-42.473795781439
4.1572016231938	-2.4001614762265	23.001211071699	-12.211859275608
2.1626507434451	-1.2486069888912	14.364552416684	-7.626463326769
70.557560380236	-40.736426478893	80	-42.473795781439
24.344666657959	-14.055399848304	80	-42.473795781439
231.96873622099	-133.92721230077	80	-42.473795781439
5.957830657371	-3.4397551338193	30.798163503645	-16.351436341559
15.192990824042	-8.7716773420564	70.787580065423	-37.582715245045
104.71983366429	-60.460024155568	80	-42.473795781439
143.14594418693	-82.645349409727	80	-42.473795781439
46.724577698001	-26.976447511712	80	-42.473795781439
209.69746964875	-121.06889055009	80	-42.473795781439
25.056212013618	-14.466210750935	80	-42.473795781439
11.729504313825	-6.7720324730476	55.790243547857	-29.620292639504
59.965510314319	-34.621103522065	80	-42.473795781439
322.10052425115	-185.96482438252	80	-42.473795781439
20.058261621136	-11.580642746439	80	-42.473795781439
2.1816190433188	-1.2595583419293	14.44668756447	-7.6700707204337
34.038849661928	-19.65233901522	80	-42.473795781439
113.47501490819	-65.514830403542	80	-42.473795781439
76.46557505096	-44.147420339411	80	-42.473795781439
0.72635037091654	-0.41935858217465	8.1451893663099	-4.324463875976
4.1802678630353	-2.4134787760082	23.101090820061	-12.264887676036
66.852888083246	-38.597532930966	80	-42.473795781439
6.6107083841624	-3.8166942651303	33.625206988477	-17.852377186896
15.23873086124	-8.7980853648454	70.985640236341	-37.687869835684
209.69746964875	-121.06889055009	80	-42.473795781439
25.122216723944	-14.504318588209	80	-42.473795781439
55.224460846321	-31.883857335475	80	-42.473795781439
104.94951284683	-60.592629493436	80	-42.473795781439
46.724577698001	-26.976447511712	80	-42.473795781439
146.86400365958	-84.791972047126	80	-42.473795781439
180.12009455826	-103.99238507967	80	-42.473795781439
20.115260138523	-11.613550855796	80	-42.473795781439
10.832337578482	-6.2540530168893	51.90539762667	-27.557740735993
323.56958112344	-186.81298476319	80	-42.473795781439
2.4106004042124	-1.3917607922806	15.438205942105	-8.1964900839414
5.0364676220677	-2.9078059373656	26.808544530242	-14.233258072764
0.74273048319863	-0.42881564441007	8.2161173330755	-4.3621211256669
76.46557505096	-44.147420339411	80	-42.473795781439
67.008207138752	-38.687206429473	80	-42.473795781439
34.125222878589	-19.702206615109	80	-42.473795781439
6.6394521604077	-3.833289492083	33.749671190623	-17.918458025689
55.355347303408	-31.959424666708	80	-42.473795781439
113.72829199126	-65.661059995632	80	-42.473795781439
28.429695210517	-16.413892182771	80	-42.473795781439
14.174090208623	-8.1834147974668	66.375610981001	-35.240301821728
210.15292039014	-121.33184515823	80	-42.473795781439
147.18743459017	-84.978704981964	80	-42.473795781439
46.837604990694	-27.041703849574	80	-42.473795781439
180.51339997778	-104.2194600695	80	-42.473795781439
89.664758654799	-51.767972546171	80	-42.473795781439
325.47553849782	-187.91338976635	80	-42.473795781439
20.236583720754	-11.683597058656	80	-42.473795781439
10.869951451855	-6.2757693968068	52.068270476051	-27.644213587771
2.4305193053667	-1.403260975224	15.52445731418	-8.2422828734789
0.77759619533474	-0.44894537269734	8.3670902952301	-4.4422760601965
5.0619037454014	-2.9224914900195	26.918686175146	-14.291734744416
55.633944266404	-32.120272698289	80	-42.473795781439
67.338809846796	-38.878079991957	80	-42.473795781439
6.7006344167326	-3.8686130842419	34.014598131814	-18.059113685638
76.641091339189	-44.248754715668	80	-42.473795781439
34.309071661583	-19.808351759461	80	-42.473795781439
28.504283001207	-16.456955463804	80	-42.473795781439
114.26740220717	-65.972315423909	80	-42.473795781439
14.218725442358	-8.2091849616787	66.56888721259	-35.342916511591
211.12236517588	-121.89155436624	80	-42.473795781439
47.078188021059	-27.180604526918	80	-42.473795781439
20.393989183129	-11.77447514473	80	-42.473795781439
147.87587002501	-85.376173365591	80	-42.473795781439
181.35056600583	-104.70279810116	80	-42.473795781439
327.3814958722	-189.01379476951	80	-42.473795781439
89.868007827475	-51.885318510728	80	-42.473795781439
10.95001405819	-6.3219935641264	52.414951730948	-27.828274448023
2.4729174685632	-1.4277395661587	15.70804674619	-8.3397546240036
6.7800124005419	-3.9144419845619	34.358314884214	-18.241600624969
0.8228310411819	-0.47506172312395	8.5629629234296	-4.5462692353017
5.1160455326332	-2.9537502654521	27.153126990891	-14.416204636037
28.663046042283	-16.548617348307	80	-42.473795781439
77.014684650102	-44.464448914291	80	-42.473795781439
55.9953965329	-32.328957261649	80	-42.473795781439
67.767734472706	-39.125719740188	80	-42.473795781439
114.96684489791	-66.376138849692	80	-42.473795781439
212.38012481287	-122.61772223124	80	-42.473795781439
47.390320934035	-27.360814548248	80	-42.473795781439
20.551394645505	-11.865353230804	80	-42.473795781439
14.313733289906	-8.2640377680355	66.980283260266	-35.561335907996
34.547597446613	-19.946064685657	80	-42.473795781439
182.43670691355	-105.32988184661	80	-42.473795781439
328.85055274449	-189.86195515019	80	-42.473795781439
148.76904755855	-85.891849655015	80	-42.473795781439
90.300631671827	-52.135094003722	80	-42.473795781439
6.8593903843511	-3.9602708848819	34.702031636614	-18.424087564301
2.5279249317382	-1.4594981398302	15.946236048727	-8.4662146714056
56.356848799396	-32.53764182501	80	-42.473795781439
5.1862891975197	-2.9943054642832	27.457290982124	-14.577692126616
0.86806588702906	-0.50117807355056	8.7588355516292	-4.6502624104069
11.053887446508	-6.3819648928333	52.86473669625	-28.067075382519
28.869025534722	-16.667539663714	80	-42.473795781439
47.702453847011	-27.541024569578	80	-42.473795781439
20.672718227736	-11.935399433664	80	-42.473795781439
68.196659098615	-39.373359488418	80	-42.473795781439
77.499385371623	-44.744291006337	80	-42.473795781439
115.66628758866	-66.779962275476	80	-42.473795781439
213.63788444987	-123.34389009623	80	-42.473795781439
14.436996664573	-8.3352039105812	67.514029329359	-35.844713677187
183.52284782126	-105.95696559205	80	-42.473795781439
34.786123231644	-20.083777611853	80	-42.473795781439
56.635445762391	-32.698489856591	80	-42.473795781439
329.54072412039	-190.26042577985	80	-42.473795781439
149.6622250921	-86.40752594444	80	-42.473795781439
90.861918727507	-52.459153236412	80	-42.473795781439
2.5829323949132	-1.4912567135018	16.184425351263	-8.5926747188075
6.920572640676	-3.9955944770407	34.966958577805	-18.56474322425
5.2565328624062	-3.0348606631143	27.761454973358	-14.739179617195
11.157760834826	-6.4419362215402	53.314521661551	-28.305876317015
29.075005027161	-16.786461979121	80	-42.473795781439
47.943036877377	-27.679925246922	80	-42.473795781439
20.729716745123	-11.968307543021	80	-42.473795781439
0.90293159916518	-0.52130780183783	8.9098085137838	-4.7304173449366
68.527261806659	-39.564233050902	80	-42.473795781439
116.20539780456	-67.091217703753	80	-42.473795781439
184.36001384932	-106.44030362371	80	-42.473795781439
77.984086093143	-45.024133098383	80	-42.473795781439
14.560260039241	-8.4063700531268	68.047775398451	-36.128091446379
150.35066052694	-86.804994328067	80	-42.473795781439
56.766332219479	-32.774057187824	80	-42.473795781439
214.6073292356	-123.90359930424	80	-42.473795781439
290.80578822826	-167.89680011549	80	-42.473795781439
91.423205783187	-52.783212469102	80	-42.473795781439
2.6253305581098	-1.5157353044364	16.368014783273	-8.6901464693322
34.969972014637	-20.189922756205	80	-42.473795781439
5.310674649638	-3.066119438547	27.995895789103	-14.863649508816
29.233768068238	-16.878123863624	80	-42.473795781439
6.9493164169213	-4.0121897039934	35.091422779951	-18.630824063043
18.763613908091	-10.833177540807	80	-42.473795781439
48.05606417007	-27.745181584784	80	-42.473795781439
0.91931171144726	-0.53076486407325	8.9807364805494	-4.7680745946274
11.237823441161	-6.4881603888598	53.661202916448	-28.489937177267
14.655267886789	-8.4612228594837	68.459171446128	-36.346510842784
116.45867488763	-67.237447295842	80	-42.473795781439
78.357679404056	-45.239827297006	80	-42.473795781439
59.965510314319	-34.621103522065	80	-42.473795781439
68.682580862165	-39.653906549409	80	-42.473795781439
184.75331926883	-106.66737861354	80	-42.473795781439
215.062779977	-124.16655391239	80	-42.473795781439
291.43165610014	-168.25814509979	80	-42.473795781439
150.67409145753	-86.991727262905	80	-42.473795781439
2.6452494592641	-1.5272354873798	16.454266155349	-8.7359392588697
29.308355858928	-16.921187144657	80	-42.473795781439
91.855829627539	-53.032987962096	80	-42.473795781439
7.2963054877273	-4.2125239374291	36.593929530718	-19.42853862411
35.056345231298	-20.239790356094	80	-42.473795781439
11.275437314535	-6.5098767687773	53.824075765829	-28.576410029045
14.699903120523	-8.4869930236956	68.652447677717	-36.449125532647
18.817892234211	-10.864515147003	80	-42.473795781439
52.251544326039	-30.167443182212	80	-42.473795781439
162.67958003285	-93.923099323622	80	-42.473795781439
5.3361107729716	-3.0808049912008	28.106037434006	-14.922126180468
60.106358213955	-34.702422094835	80	-42.473795781439
1.1170491356897	-0.64492861918847	9.8369646439135	-5.222665346491
78.533195692286	-45.341161673263	80	-42.473795781439
129.15032151669	-74.56497289359	80	-42.473795781439
70.557560380236	-40.736426478893	80	-42.473795781439
292.76384043931	-169.02728208662	80	-42.473795781439
2.6452494592641	-1.5272354873798	16.454266155349	-8.7359392588697
243.94829351408	-140.8436129287	80	-42.473795781439
92.059078800214	-53.150333926653	80	-42.473795781439
7.6518830673962	-4.4178167487687	38.133625615766	-20.245997837543
7.3264897757507	-4.2299508442447	36.724631331835	-19.497931144214
143.14594418693	-82.645349409727	80	-42.473795781439
31.131460133268	-17.973756888209	80	-42.473795781439
18.933425782524	-10.931218472222	80	-42.473795781439
60.406158498538	-34.875511869842	80	-42.473795781439
38.262448463261	-22.090834920118	80	-42.473795781439
16.356726924691	-9.4435606930318	75.826705197738	-40.258099892093
1.1342501478614	-0.65485962819617	9.9114472114713	-5.2622098135333
163.03624121154	-94.129017751145	80	-42.473795781439
52.376184363351	-30.239404141306	80	-42.473795781439
2.665661383341	-1.5390203172403	16.542652379302	-8.782865489191
87.328270140725	-50.419000273612	80	-42.473795781439
294.4922191108	-170.02516197787	80	-42.473795781439
244.47570887072	-141.14811632684	80	-42.473795781439
4.458718790872	-2.5742424941508	24.306818706131	-12.905035675978
97.026975252542	-56.01855028071	80	-42.473795781439
7.682814460476	-4.4356749968898	38.267562476673	-20.317107923508
143.46156301227	-82.827572023496	80	-42.473795781439
70.720663279639	-40.830593981768	80	-42.473795781439
7.3907382179552	-4.2670446996465	37.002835247349	-19.645635847862
129.43653406742	-74.730217786797	80	-42.473795781439
31.211724626153	-18.020097614782	80	-42.473795781439
19.083319243117	-11.017759502045	80	-42.473795781439
60.795119997593	-35.100078896026	80	-42.473795781439
16.405948117951	-9.4719785622101	76.039839216576	-40.371257526957
38.357695919061	-22.145826064363	80	-42.473795781439
1.1708631776443	-0.67599817079715	10.069986280979	-5.3463817642946
163.7954085342	-94.567323209246	80	-42.473795781439
52.641485576599	-30.392575868191	80	-42.473795781439
296.2205977823	-171.02304186912	80	-42.473795781439
87.52661009888	-50.533511901844	80	-42.473795781439
4.4829410062555	-2.5882271967228	24.411703975421	-12.960721619826
2.7091089651864	-1.5641047903144	16.730785927358	-8.8827498129269
7.4740942775617	-4.3151703430989	37.363777573242	-19.837268230827
7.748653145127	-4.4736869791961	38.552652343971	-20.468468533529
144.13337007435	-83.215440011636	80	-42.473795781439
245.59833316561	-141.79626376569	80	-42.473795781439
97.245693250629	-56.144827175782	80	-42.473795781439
71.067834205039	-41.031033209003	80	-42.473795781439
130.0457487194	-75.081948030111	80	-42.473795781439
38.560433868496	-22.262876874045	80	-42.473795781439
61.184081496648	-35.32464592221	80	-42.473795781439
31.382570750737	-18.118735670801	80	-42.473795781439
16.51071736041	-9.5324671125465	76.493503344099	-40.612117995753
52.985687910326	-30.591301178224	80	-42.473795781439
164.78035376288	-95.13598160216	80	-42.473795781439
1.2183649969606	-0.70342335896644	10.275675192248	-5.4555866244298
297.55278212147	-171.79217885595	80	-42.473795781439
7.5574503371682	-4.3632959865513	37.724719899135	-20.028900613792
87.948784487371	-50.777254398684	80	-42.473795781439
2.765477946251	-1.596649436706	16.974870775295	-9.0123399377206
7.8340723885185	-4.5230038023622	38.922528517716	-20.664844096858
4.534498942753	-2.6179941852385	24.634956389289	-13.079251337742
247.05482820938	-142.63717157128	80	-42.473795781439
130.8361450481	-75.538283563255	80	-42.473795781439
145.00497392326	-83.718660728426	80	-42.473795781439
19.23321270371	-11.104300531868	80	-42.473795781439
16.646645188692	-9.6109450807953	77.082088105964	-40.924610857914
53.329890244054	-30.790026488257	80	-42.473795781439
38.823466496491	-22.414738832624	80	-42.473795781439
71.518254469848	-41.291083470139	80	-42.473795781439
61.483881781231	-35.497735697217	80	-42.473795781439
165.76529899156	-95.704639995074	80	-42.473795781439
31.604226860298	-18.246708885323	80	-42.473795781439
298.17864999334	-172.15352384026	80	-42.473795781439
97.711243097232	-56.41361250504	80	-42.473795781439
1.265866816277	-0.73084854713573	10.481364103518	-5.5647914845651
7.6216987793728	-4.4003898419531	38.002923814648	-20.176605317439
7.9194916319099	-4.5723206255282	39.292404691461	-20.861219660188
2.8218469273157	-1.6291940830976	17.218955623232	-9.1419300625143
248.51132325315	-143.47807937687	80	-42.473795781439
88.496514397762	-51.093486409892	80	-42.473795781439
131.62654137681	-75.994619096399	80	-42.473795781439
19.348746252023	-11.171003857087	80	-42.473795781439
145.87657777216	-84.221881445217	80	-42.473795781439
16.782573016973	-9.689423049044	77.67067286783	-41.237103720074
4.6013903144408	-2.656613936689	24.924604525167	-13.233032034872
53.595191457301	-30.943198215142	80	-42.473795781439
39.086499124486	-22.566600791202	80	-42.473795781439
31.825882969859	-18.374682099846	80	-42.473795781439
61.624729680867	-35.579054269987	80	-42.473795781439
166.52446631422	-96.142945453175	80	-42.473795781439
2.865294509161	-1.6542785561717	17.407089171288	-9.2418143862502
329.54072412039	-190.26042577985	80	-42.473795781439
98.31524841521	-56.762335137966	80	-42.473795781439
71.968674734657	-41.551133731275	80	-42.473795781439
7.985330316561	-4.6103326078345	39.577494558759	-21.012580270208
1.3024798460598	-0.75198708973671	10.639903173025	-5.6489634353264
249.63394754804	-144.12622681573	80	-42.473795781439
7.6518830673962	-4.4178167487687	38.133625615766	-20.245997837543
89.044244308153	-51.409718421099	80	-42.473795781439
132.23575602879	-76.346349339714	80	-42.473795781439
39.289237073922	-22.683651600884	80	-42.473795781439
146.54838483425	-84.609749433357	80	-42.473795781439
19.403024578143	-11.202341463284	80	-42.473795781439
4.6682816861287	-2.6952336881394	25.214252661046	-13.386812732003
16.887342259432	-9.7499115993804	78.124336995353	-41.47796418887
53.719831494614	-31.015159174236	80	-42.473795781439
2.885706433238	-1.6660633860322	17.495475395241	-9.2887406165715
31.996729094444	-18.473320155865	80	-42.473795781439
98.919253733187	-57.111057770893	80	-42.473795781439
166.88112749291	-96.348863880698	80	-42.473795781439
56.766332219479	-32.774057187824	80	-42.473795781439
1.3196808582316	-0.76191809874441	10.714385740583	-5.6885079023687
72.315845660057	-41.751572958509	80	-42.473795781439
6.9493164169213	-4.0121897039934	35.091422779951	-18.630824063043
8.0162617096408	-4.6281908559556	39.711431419667	-21.083690356173
250.16136290468	-144.43073021386	80	-42.473795781439
330.24797808562	-190.66875904706	80	-42.473795781439
20.729716745123	-11.968307543021	80	-42.473795781439
132.52196857951	-76.51159423292	80	-42.473795781439
89.466418696645	-51.65346091794	80	-42.473795781439
4.7198396226262	-2.7250006766551	25.437505074913	-13.505342449919
39.384484529721	-22.738642745129	80	-42.473795781439
146.86400365958	-84.791972047126	80	-42.473795781439
50.818721545127	-29.340202563952	80	-42.473795781439
16.936563452692	-9.7783294685587	78.33747101419	-41.591121823735
1.7401147511472	-1.0046557199957	12.534917899968	-6.655069291654
56.900458300914	-32.851494917046	80	-42.473795781439
1.5273280128696	-0.88180323937112	11.613524295283	-6.1658807442112
184.75331926883	-106.66737861354	80	-42.473795781439
32.076993587328	-18.519660882438	80	-42.473795781439
99.384803579791	-57.37984310015	80	-42.473795781439
6.978771643159	-4.0291956867908	35.218967650931	-18.698540498073
72.478948559459	-41.845740461385	80	-42.473795781439
8.7722990279214	-5.0646892051823	42.985169038867	-22.821791144483
20.788126056767	-12.002030174822	80	-42.473795781439
331.75339592002	-191.53791243899	80	-42.473795781439
125.86011186175	-72.665369463617	80	-42.473795781439
89.664758654799	-51.767972546171	80	-42.473795781439
237.8852934295	-137.34313819778	80	-42.473795781439
4.7440618380097	-2.7389853792271	25.542390344204	-13.561028393767
50.94035107966	-29.410425408456	80	-42.473795781439
1.5453910645438	-0.89223194711759	11.691739603382	-6.2074070069962
1.7586248905241	-1.0153425539476	12.615069154607	-6.6976233919142
35.056345231298	-20.239790356094	80	-42.473795781439
25.122216723944	-14.504318588209	80	-42.473795781439
13.660977459536	-7.8871690136564	64.153767602423	-34.060675297856
150.67409145753	-86.991727262905	80	-42.473795781439
185.15635971212	-106.90007412196	80	-42.473795781439
7.0414682487269	-4.0653935888927	35.490451916695	-18.842677588831
99.603521577878	-57.506119995222	80	-42.473795781439
57.185950931534	-33.016324164186	80	-42.473795781439
20.912452569966	-12.073810120685	80	-42.473795781439
333.70652808059	-192.66555381766	80	-42.473795781439
8.805584537611	-5.0839066031617	43.129299523713	-22.898313254215
4.7440618380097	-2.7389853792271	25.542390344204	-13.561028393767
78.533195692286	-45.341161673263	80	-42.473795781439
51.199244319539	-29.559897490191	80	-42.473795781439
238.39996969511	-137.64028667827	80	-42.473795781439
1.7980244489641	-1.038089899619	12.785674247142	-6.7882014651493
35.144856334708	-20.290892265474	80	-42.473795781439
126.13941134957	-72.826623098095	80	-42.473795781439
13.704534601191	-7.912316741116	64.34237555837	-34.160811495391
25.189855154332	-14.543369654201	80	-42.473795781439
186.01424712051	-107.39537564813	80	-42.473795781439
151.00552779846	-87.183082123562	80	-42.473795781439
1.5838389792544	-0.91442986102555	11.858223957692	-6.2957972878084
7.1228109523243	-4.1123568207112	35.842676155334	-19.029681343576
104.94951284683	-60.592629493436	80	-42.473795781439
57.556349651233	-33.230173964712	80	-42.473795781439
21.073754041088	-12.166937568458	80	-42.473795781439
8.8764340518973	-5.1248115893069	43.436086919802	-23.06119356932
51.535132935583	-29.753822873082	80	-42.473795781439
335.65966024116	-193.79319519633	80	-42.473795781439
78.713056280859	-45.445004232492	80	-42.473795781439
4.7688835953712	-2.7533162275216	25.649871706412	-13.61809266162
1.8491415162284	-1.0676023521642	13.007017641232	-6.905717641613
35.333255693588	-20.399664686039	80	-42.473795781439
126.73391127573	-73.169857790496	80	-42.473795781439
13.797247687417	-7.9658446664064	64.743834998048	-34.37395532356
239.49547833456	-138.27277888616	80	-42.473795781439
187.12727198922	-108.0379808557	80	-42.473795781439
25.333826209148	-14.626491381455	80	-42.473795781439
151.71100306355	-87.590388457768	80	-42.473795781439
7.2041536559217	-4.1593200525298	36.194900393974	-19.216685098322
105.18487691651	-60.728517002424	80	-42.473795781439
57.926748370932	-33.444023765237	80	-42.473795781439
1.6337213820084	-0.9432294796834	12.074221097626	-6.4104750179326
51.871021551627	-29.947748255973	80	-42.473795781439
8.9683543558503	-5.1778818015381	43.834113511536	-23.272514821458
337.16507807556	-194.66234858826	80	-42.473795781439
21.23505551221	-12.260065016231	80	-42.473795781439
79.09589660563	-45.666037197055	80	-42.473795781439
35.577685405029	-20.540786245737	80	-42.473795781439
1.9002585834928	-1.0971148047095	13.228361035321	-7.0232338180768
127.50521668922	-73.615171178604	80	-42.473795781439
188.24029685793	-108.68058606326	80	-42.473795781439
13.91753383408	-8.0352919055616	65.264689291712	-34.650488559792
25.520614548524	-14.734333679475	80	-42.473795781439
7.2668502614896	-4.1955179546317	36.466384659738	-19.36082218908
58.212241001552	-33.608853012377	80	-42.473795781439
240.91679347179	-139.09337556324	80	-42.473795781439
105.68585858009	-61.01775890075	80	-42.473795781439
152.62628810751	-88.118828524287	80	-42.473795781439
1.6836037847624	-0.97202909834126	12.290218237559	-6.5251527480567
52.129914791505	-30.097220337708	80	-42.473795781439
4.821717680509	-2.7838200007982	25.878650005987	-13.739556196299
21.359382025409	-12.331844962094	80	-42.473795781439
79.592594421738	-45.952805814891	80	-42.473795781439
35.822115116471	-20.681907805436	80	-42.473795781439
337.87233204079	-195.07068185548	80	-42.473795781439
189.09818426632	-109.17588758943	80	-42.473795781439
128.27652210272	-74.060484566712	80	-42.473795781439
1.9396581419328	-1.1198621503808	13.398966127856	-7.1138118913119
14.037819980742	-8.1047391447167	65.785543585376	-34.927021796024
25.7074028879	-14.842175977495	80	-42.473795781439
7.2963054877273	-4.2125239374291	36.593929530718	-19.42853862411
58.346367082987	-33.686290741599	80	-42.473795781439
106.33583320948	-61.393021927997	80	-42.473795781439
1.722051699473	-0.99422701224921	12.456702591869	-6.613543028869
242.33810860902	-139.91397224032	80	-42.473795781439
4.8902647300387	-2.8233956582964	26.175467437223	-13.897143233265
52.251544326039	-30.167443182212	80	-42.473795781439
9.0602746598032	-5.2309520137693	44.23214010327	-23.483836073596
80.089292237846	-46.239574432727	80	-42.473795781439
153.54157315148	-88.647268590805	80	-42.473795781439
21.417791337052	-12.365567593894	80	-42.473795781439
36.010514475351	-20.790680226001	80	-42.473795781439
128.87102202887	-74.403719259112	80	-42.473795781439
14.130533066969	-8.1582670700072	66.187003025054	-35.140165624194
1.9581682813097	-1.1305489843327	13.479117382495	-7.1563659915721
65.067389352811	-37.566674758312	80	-42.473795781439
189.50122470961	-109.40858309786	80	-42.473795781439
346.41016151378	-200	80	-42.473795781439
25.851373942716	-14.925297704749	80	-42.473795781439
243.43361724847	-140.54646444821	80	-42.473795781439
5.9578306573709	-3.4397551338193	30.798163503645	-16.351436341559
48.05606417007	-27.745181584784	80	-42.473795781439
106.98580783887	-61.768284955243	80	-42.473795781439
9.1311241740895	-5.2718569999145	44.538927499359	-23.646716388701
1.7401147511472	-1.0046557199957	12.534917899968	-6.655069291654
4.9588117795685	-2.8629713157945	26.472284868459	-14.054730270232
80.472132562617	-46.46060739729	80	-42.473795781439
36.09902557876	-20.84178213538	80	-42.473795781439
21.417791337052	-12.365567593894	80	-42.473795781439
154.24704841657	-89.054574925011	80	-42.473795781439
14.174090208623	-8.1834147974668	66.375610981001	-35.240301821728
129.15032151669	-74.56497289359	80	-42.473795781439
2.1816190433188	-1.2595583419293	14.44668756447	-7.6700707204337
65.218956861638	-37.654182300333	80	-42.473795781439
5.9852026672985	-3.4555583711193	30.916687783394	-16.414363542217
345.68540180269	-199.58155978571	80	-42.473795781439
194.36664727647	-112.21763612655	80	-42.473795781439
243.94829351408	-140.8436129287	80	-42.473795781439
48.171889051693	-27.812053111368	80	-42.473795781439
0.91931171144726	-0.53076486407325	8.9807364805494	-4.7680745946274
25.919012373104	-14.964348770741	80	-42.473795781439
107.48678950245	-62.057526853569	80	-42.473795781439
9.1644096837791	-5.2910743978939	44.683057984204	-23.723238498432
21.477646379511	-12.40012491877	80	-42.473795781439
39.384484529721	-22.738642745129	80	-42.473795781439
80.651993151191	-46.56444995652	80	-42.473795781439
2.2010568249575	-1.2707807503909	14.530855627932	-7.7147574346637
154.5784847575	-89.245929785668	80	-42.473795781439
5.0116458647062	-2.8934750890712	26.701063168034	-14.176193804911
119.51618503811	-69.002701604269	80	-42.473795781439
6.0434650651555	-3.4891961822056	31.168971366542	-16.548306559573
65.541574255275	-37.840445539395	80	-42.473795781439
344.14272230092	-198.69089336008	80	-42.473795781439
194.78988627916	-112.46199327869	80	-42.473795781439
13.160258222977	-7.5980786276406	61.985589707305	-32.909540983793
29.308355858928	-16.921187144657	80	-42.473795781439
0.93609725617116	-0.54045600283809	9.0534200212856	-4.806663917947
215.062779977	-124.16655391239	80	-42.473795781439
48.418426859941	-27.954391781325	80	-42.473795781439
107.72215357213	-62.193414362557	80	-42.473795781439
21.605050187515	-12.473681541617	80	-42.473795781439
154.5784847575	-89.245929785668	80	-42.473795781439
9.1644096837791	-5.2910743978939	44.683057984204	-23.723238498432
85.048216272766	-49.102610559179	80	-42.473795781439
39.482089495329	-22.794994998297	80	-42.473795781439
2.2424309063745	-1.2946680874344	14.710010655758	-7.8098748604675
65.960138718029	-38.082103844639	80	-42.473795781439
5.0364676220677	-2.9078059373656	26.808544530242	-14.233258072764
6.119054818649	-3.5328379467331	31.496284600498	-16.722084502749
119.78215523693	-69.156259570156	80	-42.473795781439
342.14124677728	-197.53534092774	80	-42.473795781439
195.69076711432	-112.98211707138	80	-42.473795781439
215.52950376604	-124.43601701763	80	-42.473795781439
13.202763303497	-7.6226189473212	62.169642104909	-33.007258533144
0.97182594717843	-0.56108397220893	9.208129791567	-4.8888028077921
48.738285513854	-28.139062261264	80	-42.473795781439
29.384789835829	-16.965316321796	80	-42.473795781439
21.770344147176	-12.569114053723	80	-42.473795781439
154.91812453275	-89.442020901335	80	-42.473795781439
99.603521577878	-57.506119995222	80	-42.473795781439
9.1985190579439	-5.3107674542498	44.830755906874	-23.801654640984
39.689845496957	-22.914942981763	80	-42.473795781439
340.13977125365	-196.37978849539	80	-42.473795781439
85.241765603755	-49.214356317527	80	-42.473795781439
6.1946445721426	-3.5764797112606	31.823597834454	-16.895862445925
1.0181804235685	-0.58784674163086	9.4088505622314	-4.9953699705592
196.85957174238	-113.65692673802	80	-42.473795781439
216.52294367631	-125.00957981725	80	-42.473795781439
13.293237036292	-7.6748539813048	62.561404859786	-33.215254173689
4.1802678630353	-2.4134787760082	23.101090820061	-12.264887676036
49.058144167767	-28.323732741203	80	-42.473795781439
21.935638106837	-12.664546565828	80	-42.473795781439
120.3482832481	-69.483113729801	80	-42.473795781439
9.2711222001136	-5.3526848979255	45.145136734441	-23.968566479312
29.547482556742	-17.059247008011	80	-42.473795781439
155.64106112988	-89.859408540295	80	-42.473795781439
39.959388556075	-23.070563739503	80	-42.473795781439
85.653742954226	-49.452211551721	80	-42.473795781439
2.2961097237656	-1.325659567105	14.942446753287	-7.9332804021876
66.378703180783	-38.323762149883	80	-42.473795781439
1.0645348999585	-0.61460951105279	9.6095713328959	-5.1019371333263
338.59709175187	-195.48912206977	80	-42.473795781439
198.02837637044	-114.33173640466	80	-42.473795781439
6.2529069699995	-3.6101175223469	32.075881417602	-17.029805463281
49.304681976014	-28.466071411161	80	-42.473795781439
22.06304191484	-12.738103188675	80	-42.473795781439
4.2039050198382	-2.4271256948512	23.203442711384	-12.319228592654
29.758560423794	-17.181112871373	80	-42.473795781439
121.08277888138	-69.907174981392	80	-42.473795781439
99.82765317942	-57.635522435707	80	-42.473795781439
9.3653176644497	-5.4070686746164	45.553015059623	-24.185118237881
86.188243206746	-49.760805416396	80	-42.473795781439
156.57900054155	-90.400928112105	80	-42.473795781439
40.228931615192	-23.226184497242	80	-42.473795781439
2.3497885411567	-1.3566510467755	15.174882850816	-8.0566859439076
66.70132057442	-38.510025388945	80	-42.473795781439
337.87233204079	-195.07068185548	80	-42.473795781439
1.1002635909658	-0.63523748042363	9.7642811031772	-5.1840760231714
217.8118346367	-125.75372136018	80	-42.473795781439
4.2542176361751	-2.456173697437	23.421302730777	-12.434895367299
13.410617841256	-7.7426238206485	63.069678654864	-33.485108140824
198.9292572056	-114.85186019735	80	-42.473795781439
6.2802789799271	-3.6259207596468	32.194405697351	-17.09273266394
100.30472609354	-57.910960611096	80	-42.473795781439
157.51693995322	-90.942447683916	80	-42.473795781439
29.969638290847	-17.302978734736	80	-42.473795781439
121.81727451465	-70.331236232982	80	-42.473795781439
86.722743459266	-50.06939928107	80	-42.473795781439
40.43668761682	-23.346132480708	80	-42.473795781439
66.852888083246	-38.597532930966	80	-42.473795781439
2.3911626225737	-1.3805383838191	15.354037878643	-8.1518033697115
283.6110047824	-163.74288995626	80	-42.473795781439
49.420506857637	-28.532942937745	80	-42.473795781439
219.10072559708	-126.49786290312	80	-42.473795781439
100.92368146275	-58.268314660126	80	-42.473795781439
22.122896957299	-12.772660513551	80	-42.473795781439
4.3194933269536	-2.4938606350795	23.703954763096	-12.584961676007
199.3524962083	-115.09621734948	80	-42.473795781439
13.52799864622	-7.8103936599922	63.577952449942	-33.75496210796
158.23987655035	-91.359835322876	80	-42.473795781439
122.38340252582	-70.658090392627	80	-42.473795781439
63.325017151688	-36.560715698965	80	-42.473795781439
87.134720809737	-50.307254515264	80	-42.473795781439
9.4595131287857	-5.4614524513072	45.960893384804	-24.401669996451
40.534292582428	-23.402484733876	80	-42.473795781439
53.719831494614	-31.015159174236	80	-42.473795781439
30.13233101176	-17.39690942095	80	-42.473795781439
284.22175593268	-164.09550729728	80	-42.473795781439
2.4106004042124	-1.3917607922806	15.438205942105	-8.1964900839414
1.1170491356897	-0.64492861918847	9.8369646439135	-5.222665346491
220.09416550736	-127.07142570274	80	-42.473795781439
18.139647371313	-10.472930292832	80	-42.473795781439
101.54263683196	-58.625668709156	80	-42.473795781439
4.3847690177322	-2.531547572722	23.986606795415	-12.735027984714
13.618472379015	-7.8626286939758	63.969715204819	-33.962957748505
63.472923733457	-36.646109603764	80	-42.473795781439
122.64937272465	-70.811648358515	80	-42.473795781439
158.5795163256	-91.555926438543	80	-42.473795781439
3.1321150670072	-1.8083274770695	18.562456078021	-9.8552246117988
199.3524962083	-115.09621734948	80	-42.473795781439
53.847556549052	-31.088901268799	80	-42.473795781439
37.167513616146	-21.458673991391	80	-42.473795781439
87.328270140725	-50.419000273612	80	-42.473795781439
285.52176373639	-164.8460671527	80	-42.473795781439
-4.016567427147e-17	8.3074784298951e-18	5	-2.6546122406753
18.192614675046	-10.503510979901	80	-42.473795781439
30.20876498866	-17.441038598089	80	-42.473795781439
220.5608892964	-127.34088880798	80	-42.473795781439
4.4350816340691	-2.5605955753078	24.204466814808	-12.85069475936
102.01970974608	-58.901106884545	80	-42.473795781439
13.660977459536	-7.8871690136564	64.153767602423	-34.060675297856
63.787748700113	-36.82787388301	80	-42.473795781439
107.72215357213	-62.193414362557	80	-42.473795781439
3.1535499510462	-1.8207029131394	18.655271848546	-9.9045025878255
158.5795163256	-91.555926438543	80	-42.473795781439
54.119424342383	-31.245864212462	80	-42.473795781439
199.78621098841	-115.34662269453	80	-42.473795781439
37.260460502232	-21.512336901093	80	-42.473795781439
80.651993151191	-46.56444995652	80	-42.473795781439
9.5321162709555	-5.5033698949829	46.275274212372	-24.568581834779
27.572257394676	-15.918850228982	80	-42.473795781439
287.20839650533	-165.81984503587	80	-42.473795781439
263.05265625264	-151.87352189851	80	-42.473795781439
102.24384134762	-59.030509325029	80	-42.473795781439
0.014853975381436	-0.0085759466850082	5.0643196001376	-2.6887609601839
18.305357660735	-10.568603173038	80	-42.473795781439
64.19620325225	-37.063695228638	80	-42.473795781439
15.790895504416	-9.1168777702196	73.376583276647	-38.957275165783
3.1991749433359	-1.8470445147197	18.852833860397	-10.009392694634
158.92756274621	-91.756871133175	80	-42.473795781439
4.458718790872	-2.5742424941508	24.306818706131	-12.905035675978
200.70938992712	-115.87962030331	80	-42.473795781439
107.96334328562	-62.332665308563	80	-42.473795781439
54.472146170467	-31.449508254856	80	-42.473795781439
37.458301598704	-21.626560511398	80	-42.473795781439
94.512662207687	-54.566910967436	80	-42.473795781439
9.5662256451203	-5.5230629513389	46.422972135042	-24.646997977331
288.89502927427	-166.79362291904	80	-42.473795781439
80.836305542507	-46.670862765261	80	-42.473795781439
64.604657804387	-37.299516574266	80	-42.473795781439
263.62021187446	-152.20120028955	80	-42.473795781439
27.645043620455	-15.960873376029	80	-42.473795781439
15.838927831364	-9.1446092471133	73.58456935335	-39.067699642612
3.2583689011402	-1.8812201621924	19.109151216443	-10.145477332568
0.046471245202749	-0.026830185927384	5.2012263944554	-2.7614478504629
18.451630639702	-10.65305391682	80	-42.473795781439
159.66839321807	-92.18458980553	80	-42.473795781439
108.47672506077	-62.629066414644	80	-42.473795781439
54.824867998551	-31.653152297249	80	-42.473795781439
201.90712416008	-116.57113248513	80	-42.473795781439
37.714981039703	-21.774754455754	80	-42.473795781439
264.82827629984	-152.89867661073	80	-42.473795781439
15.941166525201	-9.2036367845217	74.027275883913	-39.302742477215
27.79997195988	-16.050321294501	80	-42.473795781439
3.3175628589445	-1.9153958096651	19.365468572488	-10.281561970502
81.228621704209	-46.897366606827	80	-42.473795781439
64.919482771042	-37.481280853512	80	-42.473795781439
160.62954817922	-92.739512881083	80	-42.473795781439
11.729504313825	-6.7720324730476	55.790243547857	-29.620292639504
55.096735791882	-31.810115240913	80	-42.473795781439
94.726097343832	-54.690137800744	80	-42.473795781439
18.597903618669	-10.737504660601	80	-42.473795781439
109.14278762014	-63.013617812594	80	-42.473795781439
0.087491555382896	-0.050513273052134	5.378849547891	-2.8557519697661
16.073811214554	-9.2802192316257	74.601644237193	-39.607687528938
203.10485839305	-117.26264466695	80	-42.473795781439
290.19503707798	-167.54418277447	80	-42.473795781439
65.067389352811	-37.566674758312	80	-42.473795781439
3.3631878512342	-1.9417374112453	19.56303058434	-10.38645207731
266.39562154269	-153.80358380861	80	-42.473795781439
11.769003226564	-6.79483718095	55.961278857125	-29.711099124461
95.18040241137	-54.952430953782	80	-42.473795781439
55.224460846321	-31.883857335475	80	-42.473795781439
18.710646604358	-10.802596853738	80	-42.473795781439
109.80885017951	-63.398169210544	80	-42.473795781439
0.12851186556304	-0.074196360176884	5.5564727013266	-2.9500560890693
16.206455903906	-9.3568016787297	75.176012590473	-39.912632580661
37.971660480703	-21.922948400111	80	-42.473795781439
3.3846227352732	-1.9541128473153	19.655846354865	-10.435730053337
290.80578822826	-167.89680011549	80	-42.473795781439
81.737613490427	-47.191233151616	80	-42.473795781439
95.769818730114	-55.292730624073	80	-42.473795781439
18.763613908091	-10.833177540807	80	-42.473795781439
267.96296678554	-154.70849100648	80	-42.473795781439
28.000976302597	-16.166371205876	80	-42.473795781439
204.02803733176	-117.79564227572	80	-42.473795781439
161.59070314037	-93.294435956636	80	-42.473795781439
110.32223195466	-63.694570316625	80	-42.473795781439
0.16012913538436	-0.09245059941926	5.6933794956445	-3.0227429793482
2.885706433238	-1.6660633860322	17.495475395241	-9.2887406165715
16.308694597743	-9.4158292161381	75.618719121036	-40.147675415264
298.17864999334	-172.15352384026	80	-42.473795781439
82.246605276645	-47.485099696404	80	-42.473795781439
96.359235048858	-55.633030294365	80	-42.473795781439
16.936563452692	-9.7783294685587	78.33747101419	-41.591121823735
269.17103121091	-155.40596732767	80	-42.473795781439
11.853078213201	-6.8433778971174	56.32533422838	-29.904384293087
28.201980645313	-16.282421117252	80	-42.473795781439
204.46175211187	-118.04604762077	80	-42.473795781439
110.56342166815	-63.833821262631	80	-42.473795781439
0.17498311076579	-0.10102654610427	5.757699095782	-3.0568916988569
2.9066235821203	-1.6781399075701	17.586049306776	-9.3368283393366
16.356726924691	-9.4435606930318	75.826705197739	-40.258099892093
162.33153361224	-93.72215462899	80	-42.473795781439
82.638921438347	-47.71160353797	80	-42.473795781439
96.813540116396	-55.895323447402	80	-42.473795781439
298.82000891171	-172.52381258442	80	-42.473795781439
16.987002955359	-9.8074507290013	78.55588046751	-41.707080305185
11.962157271885	-6.9063547210116	56.797660407587	-30.155152864033
38.169501577175	-22.037172010416	80	-42.473795781439
189.50122470961	-109.40858309786	80	-42.473795781439
28.356908984738	-16.371869035724	80	-42.473795781439
269.73858683273	-155.73364571871	80	-42.473795781439
2.9511465548009	-1.7038452578323	17.778839433742	-9.4391849453438
116.45867488763	-67.237447295842	80	-42.473795781439
12.671633236945	-7.3159708604224	59.869781453168	-31.786210887679
0.53804974252369	-0.31064316368346	7.329823727626	-3.8915679557148
162.67958003285	-93.923099323622	80	-42.473795781439
97.026975252542	-56.01855028071	80	-42.473795781439
300.18516655156	-173.31198671527	80	-42.473795781439
82.823233829663	-47.818016346711	80	-42.473795781439
17.094365417227	-9.8694364752616	79.020773564462	-41.95390248591
38.262448463261	-22.090834920118	80	-42.473795781439
12.071236330569	-6.9693315449058	57.269986586794	-30.405921434979
189.91424095279	-109.64703813703	80	-42.473795781439
28.429695210517	-16.413892182771	80	-42.473795781439
220.5608892964	-127.34088880798	80	-42.473795781439
3.0089107501226	-1.7371954315508	18.028965736631	-9.5719826141851
135.9770691832	-78.506397496535	80	-42.473795781439
0.55403421603211	-0.3198718037664	7.399038528248	-3.9283156470443
116.71822096785	-67.387296295123	80	-42.473795781439
12.7131116601	-7.3399184391963	60.049388293972	-31.881568191134
17.233657693644	-9.9498569085475	79.623926814106	-42.274130085254
190.79336224294	-110.15459905055	80	-42.473795781439
25.919012373104	-14.964348770741	80	-42.473795781439
3.0666749454443	-1.7705456052693	18.27909203952	-9.7047802830265
136.2776255644	-78.679923804127	80	-42.473795781439
221.03916520586	-127.61702153305	80	-42.473795781439
117.27067499033	-67.706255773718	80	-42.473795781439
0.58805779550423	-0.33951532653343	7.5463649490007	-4.006534550889
12.801400112381	-7.390891800887	60.431688506652	-32.08453995562
191.93393599304	-110.8131096122	80	-42.473795781439
25.988324944796	-15.004366402665	80	-42.473795781439
301.95632485042	-174.3345654359	80	-42.473795781439
3.1111979181248	-1.7962509555316	18.471882166487	-9.8071368890337
136.91737162274	-79.049281363122	80	-42.473795781439
12.155311317207	-7.0178722610732	57.634041958049	-30.599206603606
42.919991517997	-24.779868656532	80	-42.473795781439
117.98742996287	-68.120074450055	80	-42.473795781439
0.63220005672012	-0.36500087292906	7.7375065469679	-4.1080159158454
26.135859475108	-15.089545503456	80	-42.473795781439
193.07450974314	-111.47162017385	80	-42.473795781439
3.1321150670072	-1.8083274770695	18.562456078021	-9.8552246117988
303.72748314929	-175.35714415653	80	-42.473795781439
137.74737946016	-79.528486611488	80	-42.473795781439
118.70418493541	-68.533893126393	80	-42.473795781439
12.194810229946	-7.0406769689756	57.805077267317	-30.690013088562
43.025024963774	-24.840509744725	80	-42.473795781439
0.676342317936	-0.39048641932468	7.9286481449351	-4.2094972808018
17.372949970062	-10.030277341833	80	-42.473795781439
3.6433803063387	-2.1035066006249	20.776299504686	-11.030603781624
222.05719425802	-128.20478088036	80	-42.473795781439
138.57738729758	-80.007691859853	80	-42.473795781439
119.25663895789	-68.852852604988	80	-42.473795781439
3.6658894052534	-2.1165022349425	20.873766762069	-11.082351336436
223.37798722111	-128.96734105314	80	-42.473795781439
3.7138009060837	-2.1441639528441	21.081229646331	-11.192498038654
224.6987801842	-129.72990122593	80	-42.473795781439
305.09264078914	-176.14531828738	80	-42.473795781439
10.399940341978	-6.0044083559971	50.033062669978	-26.563676078789
3.7759613847197	-2.1800523219176	21.350392414382	-11.335402594166
12.915945729961	-7.4570247440315	60.927685580236	-32.347875935736
0.71036589740813	-0.41012994209171	8.0759745656878	-4.2877161846466
225.71680923636	-130.31766057324	80	-42.473795781439
305.7339997075	-176.51560703155	80	-42.473795781439
17.48031243193	-10.092263088094	80	-42.473795781439
3.8381218633557	-2.215940690991	21.619555182432	-11.478307149677
193.95363103329	-111.97918108737	80	-42.473795781439
139.21713335592	-80.377049418848	80	-42.473795781439
26.327271074842	-15.200057042088	80	-42.473795781439
13.030491347541	-7.523157687176	61.42368265382	-32.611211915852
119.51618503811	-69.002701604269	80	-42.473795781439
43.248592777113	-24.969586681938	80	-42.473795781439
17.530751934597	-10.121384348536	80	-42.473795781439
26.518682674575	-15.31056858072	80	-42.473795781439
43.538650112906	-25.137051362839	80	-42.473795781439
10.436645701015	-6.0256002049176	50.192001536882	-26.648060290963
0.72635037091654	-0.41935858217465	8.1451893663099	-4.324463875976
226.19508514582	-130.59379329831	80	-42.473795781439
10.514774498912	-6.0707078874153	50.530309155615	-26.82767539981
3.886033364186	-2.2436024088926	21.827018066695	-11.588453851895
194.36664727647	-112.21763612655	80	-42.473795781439
1.3196808582316	-0.76191809874441	10.714385740583	-5.6885079023687
139.51768973712	-80.550575726441	80	-42.473795781439
13.118779799822	-7.5741310488667	61.8059828665	-32.814183680337
231.96873622099	-133.92721230077	80	-42.473795781439
1.3373076206632	-0.77209491477926	10.790711860844	-5.7290311529239
17.530751934597	-10.121384348536	80	-42.473795781439
43.8287074487	-25.30451604374	80	-42.473795781439
232.47098123615	-134.21718359547	80	-42.473795781439
17.582439882007	-10.151226398887	80	-42.473795781439
3.9085424631007	-2.2565980432103	21.924485324077	-11.640201406707
10.61613896023	-6.1292306864432	50.969230148324	-27.060708407391
171.18666840663	-98.834669086241	80	-42.473795781439
17.692459707528	-10.214746374768	80	-42.473795781439
13.160258222977	-7.5980786276406	61.985589707305	-32.909540983793
26.666217204888	-15.395747681511	80	-42.473795781439
1.3748268765908	-0.79375666728882	10.953175004666	-5.8152864828231
233.54002947089	-134.83439888157	80	-42.473795781439
1.4235044355506	-0.82186066905777	11.163955017933	-5.9271943232899
234.92701482525	-135.63517524927	80	-42.473795781439
1.4721819945104	-0.84996467082671	11.3747350312	-6.0391021637567
10.717503421547	-6.1877534854711	51.408151141033	-27.293741414972
171.56120382815	-99.050907212679	80	-42.473795781439
17.835199652955	-10.297157320684	80	-42.473795781439
1.509701250438	-0.87162642333627	11.537198175022	-6.1253574936559
44.052275262038	-25.433592980953	80	-42.473795781439
26.73552977658	-15.435765313435	80	-42.473795781439
10.795632219445	-6.2328611679688	51.746458759766	-27.47335652382
10.832337578482	-6.2540530168893	51.90539762667	-27.557740735993
236.3140001796	-136.43595161697	80	-42.473795781439
8.0162617096408	-4.6281908559556	39.711431419667	-21.083690356173
8.047958705188	-4.6464911248673	39.848683436504	-21.156560532837
1.5273280128696	-0.88180323937112	11.613524295283	-6.1658807442112
17.977939598382	-10.379568266601	80	-42.473795781439
44.157308707816	-25.494234069147	80	-42.473795781439
30.20876498866	-17.441038598089	80	-42.473795781439
30.287090781948	-17.486260015928	80	-42.473795781439
237.38304841435	-137.05316690308	80	-42.473795781439
172.35841717851	-99.511178555109	80	-42.473795781439
30.453810308319	-17.582515579358	80	-42.473795781439
30.670112560964	-17.707397743149	80	-42.473795781439
8.1154270047513	-4.6854439657819	40.140829743364	-21.311667565019
36.09902557876	-20.84178213538	80	-42.473795781439
30.88641481361	-17.83227990694	80	-42.473795781439
8.2029605138447	-4.7359814608201	40.519860956151	-21.51290374408
36.18972744669	-20.894148883246	80	-42.473795781439
173.3927234009	-100.10833553103	80	-42.473795781439
18.087959423903	-10.443088242482	80	-42.473795781439
174.4270296233	-100.70549250696	80	-42.473795781439
18.139647371313	-10.472930292832	80	-42.473795781439
31.053134339981	-17.92853547037	80	-42.473795781439
237.8852934295	-137.34313819778	80	-42.473795781439
8.2904940229382	-4.7865189558583	40.898892168937	-21.714139923142
36.38278993387	-21.005613562189	80	-42.473795781439
36.633269597453	-21.150228063386	80	-42.473795781439
175.22424297366	-101.16576384939	80	-42.473795781439
36.883749261036	-21.294842564582	80	-42.473795781439
31.131460133268	-17.973756888209	80	-42.473795781439
8.3579623225015	-4.825471796773	41.191038475797	-21.869246955323
276.59000438951	-159.68931348944	80	-42.473795781439
26.73552977658	-15.435765313435	80	-42.473795781439
277.18600343497	-160.03341369878	80	-42.473795781439
175.59877839518	-101.38200197583	80	-42.473795781439
278.45461080437	-160.765844505	80	-42.473795781439
37.076811748215	-21.406307243525	80	-42.473795781439
8.3896593180487	-4.8437720656847	41.328290492635	-21.942117131987
26.806557954018	-15.4767734508	80	-42.473795781439
9.9779871549764	-5.7607935698962	48.205951774222	-25.59362189069
26.957744218524	-15.56406088131	80	-42.473795781439
175.59877839518	-101.38200197583	80	-42.473795781439
10.013805938997	-5.7814735544928	48.361051658696	-25.675967900917
280.10050458595	-161.71610172285	80	-42.473795781439
37.167513616146	-21.458673991391	80	-42.473795781439
27.153893585628	-15.677307771209	80	-42.473795781439
281.74639836754	-162.66635894071	80	-42.473795781439
27.350042952732	-15.790554661108	80	-42.473795781439
283.01500573694	-163.39878974692	80	-42.473795781439
27.501229217238	-15.877842091618	80	-42.473795781439
283.6110047824	-163.74288995626	80	-42.473795781439
10.090047627164	-5.8254917136791	48.691187852594	-25.851244616894
27.572257394676	-15.918850228982	80	-42.473795781439
256.52821535062	-148.10663418742	80	-42.473795781439
32.076993587328	-18.519660882438	80	-42.473795781439
257.08206242828	-148.42639794679	80	-42.473795781439
32.159244727334	-18.567148600261	80	-42.473795781439
175.98258411611	-101.60359231212	80	-42.473795781439
258.26094767914	-149.10702766372	80	-42.473795781439
41.712560187977	-24.082757853117	80	-42.473795781439
32.33431950832	-18.668228072192	80	-42.473795781439
10.188963748477	-5.8826009629466	49.1195072221	-26.07864898474
32.561461885297	-18.799368784684	80	-42.473795781439
10.287879869791	-5.9397102122141	49.547826591606	-26.306053352585
32.788604262275	-18.930509497177	80	-42.473795781439
10.364121557957	-5.9837283714005	49.877962785504	-26.481330068562
259.79043580163	-149.99007804296	80	-42.473795781439
41.815056681338	-24.14193423115	80	-42.473795781439
10.399940341978	-6.0044083559971	50.033062669978	-26.563676078789
42.033224491848	-24.267893475276	80	-42.473795781439
12.194810229946	-7.0406769689756	57.805077267317	-30.690013088562
176.79952966274	-102.07525604338	80	-42.473795781439
42.316275852987	-24.431313254824	80	-42.473795781439
32.963679043261	-19.031588969107	80	-42.473795781439
12.235286806092	-7.0640461311097	57.980345983323	-30.783067184183
261.31992392412	-150.87312842221	80	-42.473795781439
33.045930183267	-19.079076686931	80	-42.473795781439
12.32144278768	-7.1137883102717	58.353412327037	-30.98113648036
12.433221733445	-7.178323914699	58.837429360242	-31.23811198812
12.545000679211	-7.2428595191263	59.321446393447	-31.495087495881
42.599327214126	-24.594733034373	80	-42.473795781439
262.49880917499	-151.55375813914	80	-42.473795781439
12.631156660798	-7.2926016982883	59.694512737162	-31.693156792058
42.817495024636	-24.720692278499	80	-42.473795781439
263.05265625264	-151.87352189851	80	-42.473795781439
177.85943647672	-102.68719352775	80	-42.473795781439
42.919991517997	-24.779868656532	80	-42.473795781439
178.9193432907	-103.29913101212	80	-42.473795781439
179.73628883733	-103.77079474338	80	-42.473795781439
180.12009455826	-103.99238507967	80	-42.473795781439
250.16136290468	-144.43073021386	80	-42.473795781439
250.7018326053	-144.742770541	80	-42.473795781439
251.85224358391	-145.40696062918	80	-42.473795781439
12.671633236945	-7.3159708604224	59.869781453168	-31.786210887679
253.34478912765	-146.26868220064	80	-42.473795781439
8.3896593180487	-4.8437720656847	41.328290492635	-21.942117131987
254.8373346714	-147.1304037721	80	-42.473795781439
8.4221408575843	-4.8625252912793	41.468939684594	-22.016790945181
255.98774565	-147.79459386027	80	-42.473795781439
8.4912790898311	-4.9024422682782	41.768317012087	-22.175737088532
256.52821535062	-148.10663418742	80	-42.473795781439
8.580979172985	-4.9542306354335	42.156729765751	-22.381954138235
8.670679256139	-5.0060190025887	42.545142519415	-22.588171187938
8.7398174883858	-5.0459359795877	42.844519846908	-22.74711733129
8.7722990279214	-5.0646892051823	42.985169038867	-22.821791144483
