-11.372384937238	0.015	0.019
-11.375936738571	0.015	0.019
-1.6666666666658	0.018166666666675	0.019
-11.383496887166	0.015	0.019
-8.7782426778229	0.015	0.019
-11.39330543933	0.015	0.019
-12.833333333333	0.018958333333333	0.019
-1.6702036688267	0.018133065146147	0.019
-8.781794479156	0.015	0.019
-11.403113991495	0.015	0.019
-12.836870335494	0.018975134093598	0.019
-7.1464435146422	0.015	0.019
-1.6777323168018	0.018061542990382	0.019
-8.7893546277503	0.015	0.019
-11.410674140089	0.015	0.019
-11.874476987448	0.015	0.019
-12.844398983469	0.01901089517148	0.019
-7.1499953159753	0.015	0.019
-1.6874999999992	0.017968750000008	0.019
-4.4267782426745	0.015	0.019
-2.4602510460245	0.015	0.019
-11.414225941422	0.015	0.019
-8.7991631799149	0.015	0.019
-9.9497907949782	0.015	0.019
-11.878028788781	0.015	0.019
-8.1924686192452	0.015	0.019
-13.875	0.02390625	0.019
-12.854166666667	0.019057291666667	0.019
-1.1249999999977	0.023312500000022	0.019
-5.9748953974869	0.015	0.019
-13.333333333333	0.021333333333333	0.019
-10.493723849372	0.015	0.019
-5.0962343096204	0.015	0.019
-7.1575554645697	0.015	0.019
-4.4303300440076	0.015	0.019
-9.4476987447688	0.015	0.019
-0.24999999999955	0.031625000000004	0.019
-2.7531380753131	0.015	0.019
-8.8089717320796	0.015	0.019
-9.9533425963113	0.015	0.019
-2.4638028473575	0.015	0.019
-1.6972676831965	0.017875957009633	0.019
-11.665271966527	0.015	0.019
-12.863934349864	0.019103688161854	0.019
-8.1960204205783	0.015	0.019
-12.208333333333	0.015989583333333	0.019
-13.878537002161	0.023923050760265	0.019
-10.912133891213	0.015	0.019
-5.5564853556457	0.015	0.019
-1.1285370021586	0.023278898479494	0.019
-8.485355648534	0.015	0.019
-3.0460251046019	0.015	0.019
-5.97844719882	0.015	0.019
-6.2677824267758	0.015	0.019
-4.3012552301222	0.015	0.019
-11.885588937375	0.015	0.019
-10.497275650705	0.015	0.019
-7.397489539747	0.015	0.019
-7.1673640167343	0.015	0.019
-13.336870335494	0.021350134093598	0.019
-5.0997861109535	0.015	0.019
-4.4378901926019	0.015	0.019
-3.7154811715458	0.015	0.019
-9.4512505461019	0.015	0.019
-0.2535370021604	0.031591398479476	0.019
-2.7566898766462	0.015	0.019
-8.8165318806739	0.015	0.019
-9.9609027449056	0.015	0.019
-2.4713629959518	0.015	0.019
-0.87499999999773	0.025687500000022	0.019
-9.5732217573211	0.015	0.019
-1.7047963311717	0.017804434853869	0.019
-10.451882845188	0.015	0.019
-6.6861924686169	0.015	0.019
-8.2035805691726	0.015	0.019
-12.871462997839	0.019139449239736	0.019
-11.66882376786	0.015	0.019
-12.211870335494	0.016006384093598	0.019
-10.915685692546	0.015	0.019
-13.886065650136	0.023958811838147	0.019
-2	0.015	0.019
-5.5600371569788	0.015	0.019
-1.1360656501338	0.023207376323729	0.019
-8.4889074498671	0.015	0.019
-3.049576905935	0.015	0.019
-4.3048070314553	0.015	0.019
-6.2713342281088	0.015	0.019
-5.9860073474143	0.015	0.019
-11.89539748954	0.015	0.019
-10.504835799299	0.015	0.019
-7.177172568899	0.015	0.019
-7.40104134108	0.015	0.019
-13.34439898347	0.02138589517148	0.019
-5.1073462595478	0.015	0.019
-3.7190329728788	0.015	0.019
-9.4588106946962	0.015	0.019
-0.26106565013554	0.031519876323712	0.019
-4.4476987447666	0.015	0.019
-2.7642500252405	0.015	0.019
-8.820083682007	0.015	0.019
-2.4811715481165	0.015	0.019
-9.9707112970702	0.015	0.019
-0.87853700215858	0.025653898479493	0.019
-9.5767735586542	0.015	0.019
-10.455434646521	0.015	0.019
-1.7083333333326	0.017770833333341	0.019
-8.2133891213373	0.015	0.019
-6.68974426995	0.015	0.019
-12.875	0.01915625	0.019
-11.676383916454	0.015	0.019
-10.92324584114	0.015	0.019
-12.219398983469	0.01604214517148	0.019
-13.895833333334	0.024005208333335	0.019
-2.0035518013331	0.015	0.019
-3.0571370545293	0.015	0.019
-8.4964675984615	0.015	0.019
-5.5675973055731	0.015	0.019
-4.3123671800496	0.015	0.019
-1.1458333333311	0.023114583333355	0.019
-6.2788943767032	0.015	0.019
-11.905206041704	0.015	0.019
-5.995815899579	0.015	0.019
-7.1847327174933	0.015	0.019
-10.514644351464	0.015	0.019
-7.4086014896743	0.015	0.019
-9.4686192468608	0.015	0.019
-5.1171548117125	0.015	0.019
-13.354166666667	0.021432291666668	0.019
-3.7265931214731	0.015	0.019
-2.7740585774052	0.015	0.019
-4.4575072969313	0.015	0.019
-0.27083333333282	0.031427083333338	0.019
-8.9456066945593	0.015	0.019
-2.4909801002811	0.015	0.019
-9.9805198492349	0.015	0.019
-0.88606565013373	0.02558237632373	0.019
-10.462994795115	0.015	0.019
-9.5843337072485	0.015	0.019
-8.2231976735019	0.015	0.019
-1.5833333333322	0.018958333333344	0.019
-12.708333333333	0.018364583333333	0.019
-6.6973044185443	0.015	0.019
-11.686192468619	0.015	0.019
-10.933054393305	0.015	0.019
-12.229166666667	0.016088541666667	0.019
-3.066945606694	0.015	0.019
-2.0111119499274	0.015	0.019
-13.905601016531	0.024051604828522	0.019
-8.5062761506261	0.015	0.019
-5.5774058577378	0.015	0.019
-4.3221757322143	0.015	0.019
-11.912766190299	0.015	0.019
-1.1556010165284	0.02302179034298	0.019
-6.2887029288678	0.015	0.019
-7.1882845188264	0.015	0.019
-6.0056244517436	0.015	0.019
-10.524452903628	0.015	0.019
-9.4784277990255	0.015	0.019
-7.418410041839	0.015	0.019
-5.1269633638771	0.015	0.019
-13.363934349864	0.021478688161855	0.019
-3.7364016736377	0.015	0.019
-2.7838671295698	0.015	0.019
-4.4650674455256	0.015	0.019
-8.9491584958924	0.015	0.019
-0.2806010165301	0.031334290342964	0.019
-2.4985402488754	0.015	0.019
-0.895833333331	0.025489583333355	0.019
-9.9880799978292	0.015	0.019
-10.47280334728	0.015	0.019
-9.5941422594132	0.015	0.019
-8.2307578220962	0.015	0.019
-1.5868703354931	0.018924731812815	0.019
-12.711870335494	0.018381384093597	0.019
-6.707112970709	0.015	0.019
-11.696001020784	0.015	0.019
-10.94286294547	0.015	0.019
-12.238934349864	0.016134938161854	0.019
-3.0767541588587	0.015	0.019
-2.020920502092	0.015	0.019
-13.913129664506	0.024087365906403	0.019
-8.5160847027908	0.015	0.019
-5.5872144099025	0.015	0.019
-6.2985114810325	0.015	0.019
-1.1631296645036	0.022950268187216	0.019
-4.3319842843789	0.015	0.019
-11.916317991632	0.015	0.019
-9.4859879476198	0.015	0.019
-7.4282185940037	0.015	0.019
-5.1345235124715	0.015	0.019
-10.532013052223	0.015	0.019
-7.2301255230105	0.015	0.019
-6.013184600338	0.015	0.019
-2.7914272781641	0.015	0.019
-3.7462102258023	0.015	0.019
-13.371462997839	0.021514449239736	0.019
-8.9567186444867	0.015	0.019
-4.4686192468587	0.015	0.019
-0.90560101652828	0.025396790342981	0.019
-0.28812966450525	0.0312627681872	0.019
-10.482611899444	0.015	0.019
-9.9916317991623	0.015	0.019
-2.5020920502085	0.015	0.019
-9.6039508115778	0.015	0.019
-8.2343096234293	0.015	0.019
-1.5943989834683	0.018853209657051	0.019
-6.7169215228737	0.015	0.019
-10.200836820083	0.015	0.019
-12.719398983469	0.018417145171479	0.019
-11.703561169378	0.015	0.019
-2.4184100418405	0.015	0.019
-10.950423094064	0.015	0.019
-3.084314307453	0.015	0.019
-12.246462997839	0.016170699239736	0.019
-2.0307290542567	0.015	0.019
-5.5947745584968	0.015	0.019
-8.5236448513851	0.015	0.019
-6.3060716296268	0.015	0.019
-13.916666666667	0.024104166666667	0.019
-4.3395444329732	0.015	0.019
-11.916317991632	0.015	0.019
-9.4895397489529	0.015	0.019
-1.1666666666645	0.022916666666688	0.019
-7.435778742598	0.015	0.019
-10.535564853556	0.015	0.019
-7.2336773243436	0.015	0.019
-5.1380753138046	0.015	0.019
-6.0167364016711	0.015	0.019
-1.2083333333313	0.022520833333353	0.019
-3.7537703743966	0.015	0.019
-2.7949790794972	0.015	0.019
-13.375	0.02153125	0.019
-8.9665271966514	0.015	0.019
-0.91312966450342	0.025325268187217	0.019
-4.7196652719634	0.015	0.019
-0.2916666666661	0.031229166666672	0.019
-9.6115109601722	0.015	0.019
-10.490172048039	0.015	0.019
-7.774058577404	0.015	0.019
-10.204388621416	0.015	0.019
-1.6041666666656	0.018760416666677	0.019
-6.724481671468	0.015	0.019
-11.707112970711	0.015	0.019
-12.729166666667	0.018463541666667	0.019
-10.953974895397	0.015	0.019
-2.4219618431736	0.015	0.019
-3.087866108786	0.015	0.019
-12.25	0.0161875	0.019
-8.5271966527182	0.015	0.019
-6.3096234309599	0.015	0.019
-2.0382892028509	0.015	0.019
-4.3430962343063	0.015	0.019
-5.5983263598299	0.015	0.019
-11.919869792965	0.015	0.019
-13.75	0.0233125	0.019
-9.3221757322164	0.015	0.019
-10.661087866108	0.015	0.019
-7.2412374729379	0.015	0.019
-7.4393305439311	0.015	0.019
-5.8493723849346	0.015	0.019
-3.7573221757297	0.015	0.019
-5.1799163179887	0.015	0.019
-1.2118703354921	0.022487231812825	0.019
-8.976335748816	0.015	0.019
-2.7949790794972	0.015	0.019
-0.91666666666428	0.025291666666689	0.019
-13.208333333333	0.020739583333333	0.019
-4.7232170732965	0.015	0.019
-9.6150627615052	0.015	0.019
-10.493723849372	0.015	0.019
-0.2916666666661	0.031229166666672	0.019
-7.7776103787371	0.015	0.019
-10.21194877001	0.015	0.019
-1.613934349863	0.018667623676302	0.019
-6.7280334728011	0.015	0.019
-11.456066945606	0.015	0.019
-11.330543933054	0.015	0.019
-12.738934349864	0.018509938161854	0.019
-3.087866108786	0.015	0.019
-2.4295219917679	0.015	0.019
-8.4016736401658	0.015	0.019
-12.166666666667	0.015791666666667	0.019
-6.1841004184075	0.015	0.019
-2.041841004184	0.015	0.019
-11.927429941559	0.015	0.019
-4.1757322175698	0.015	0.019
-5.2635983263569	0.015	0.019
-9.3257275335495	0.015	0.019
-6.1876522197406	0.015	0.019
-13.753537002161	0.023329300760264	0.019
-7.2510460251025	0.015	0.019
-10.664639667441	0.015	0.019
-7.6485355648517	0.015	0.019
-5.8529241862677	0.015	0.019
-3.4644351464422	0.015	0.019
-8.9838958974104	0.015	0.019
-5.1834681193218	0.015	0.019
-1.2193989834673	0.022415709657061	0.019
-2.7985308808303	0.015	0.019
-0.91666666666428	0.025291666666689	0.019
-13.211870335494	0.020756384093597	0.019
-4.7307772218908	0.015	0.019
-9.6987447698735	0.015	0.019
-10.368200836819	0.015	0.019
-7.7851705273314	0.015	0.019
-10.221757322175	0.015	0.019
-1.6214629978381	0.018596101520538	0.019
-0.29520366882695	0.031195565146144	0.019
-6.6443514644328	0.015	0.019
-11.334095734387	0.015	0.019
-3.0914179101191	0.015	0.019
-11.45961874694	0.015	0.019
-12.746462997839	0.018545699239736	0.019
-8.4052254414989	0.015	0.019
-12.170203668828	0.015808467426931	0.019
-2.4393305439325	0.015	0.019
-2	0.015	0.019
-4.1792840189029	0.015	0.019
-5.26715012769	0.015	0.019
-11.937238493724	0.015	0.019
-7.2608545772672	0.015	0.019
-10.672199816036	0.015	0.019
-6.1952123683349	0.015	0.019
-9.3332876821438	0.015	0.019
-7.6520873661848	0.015	0.019
-8.9874476987435	0.015	0.019
-3.4679869477752	0.015	0.019
-5.1910282679161	0.015	0.019
-13.761065650136	0.023365061838147	0.019
-6.2050209204996	0.015	0.019
-5.860484334862	0.015	0.019
-2.8060910294246	0.015	0.019
-1.2291666666646	0.022322916666686	0.019
-0.92020366882513	0.025258065146161	0.019
-13.219398983469	0.020792145171479	0.019
-4.7405857740554	0.015	0.019
-9.7022965712066	0.015	0.019
-10.371752638152	0.015	0.019
-10.23156587434	0.015	0.019
-7.7949790794961	0.015	0.019
-0.30273231680209	0.03112404299038	0.019
-1.624999999999	0.018562500000009	0.019
-11.341655882981	0.015	0.019
-6.6479032657659	0.015	0.019
-3.0989780587134	0.015	0.019
-11.467178895534	0.015	0.019
-8.4127855900932	0.015	0.019
-12.177732316803	0.015844228504813	0.019
-12.75	0.0185625	0.019
-2.4491390960971	0.015	0.019
-4.1868441674972	0.015	0.019
-5.2747102762843	0.015	0.019
-11.947047045888	0.015	0.019
-1.9964629978391	0.015033601520528	0.019
-7.2684147258615	0.015	0.019
-10.6820083682	0.015	0.019
-9.0711297071117	0.015	0.019
-9.3430962343085	0.015	0.019
-7.6596475147791	0.015	0.019
-3.4755470963695	0.015	0.019
-5.2008368200807	0.015	0.019
-13.770833333334	0.023411458333334	0.019
-6.2148294726642	0.015	0.019
-2.8158995815893	0.015	0.019
-5.8702928870266	0.015	0.019
-1.238934349862	0.022230123676311	0.019
-0.92773231680027	0.025186542990397	0.019
-9.7098567198009	0.015	0.019
-13.229166666667	0.020838541666666	0.019
-10.379312786747	0.015	0.019
-4.7503943262201	0.015	0.019
-10.239126022934	0.015	0.019
-7.8047876316607	0.015	0.019
-0.31249999999937	0.031031250000006	0.019
-1.4166666666651	0.020541666666681	0.019
-11.351464435146	0.015	0.019
-6.6554634143602	0.015	0.019
-3.1087866108781	0.015	0.019
-8.4225941422579	0.015	0.019
-11.476987447699	0.015	0.019
-12.1875	0.015890625	0.019
-12.791666666667	0.018760416666667	0.019
-4.1966527196619	0.015	0.019
-5.284518828449	0.015	0.019
-2.4566992446914	0.015	0.019
-11.954607194483	0.015	0.019
-1.9889343498639	0.015105123676293	0.019
-9.0746815084448	0.015	0.019
-7.2719665271946	0.015	0.019
-10.691816920365	0.015	0.019
-9.3529047864732	0.015	0.019
-7.6694560669437	0.015	0.019
-3.4853556485341	0.015	0.019
-5.2106453722454	0.015	0.019
-13.780601016531	0.023457854828521	0.019
-6.2223896212586	0.015	0.019
-2.8257081337539	0.015	0.019
-1.2464629978372	0.022158601520547	0.019
-5.8801014391913	0.015	0.019
-9.7196652719655	0.015	0.019
-0.93749999999755	0.025093750000023	0.019
-10.389121338911	0.015	0.019
-13.238934349864	0.020884938161854	0.019
-1.249999999998	0.022125000000019	0.019
-4.7579544748144	0.015	0.019
-7.8123477802551	0.015	0.019
-10.242677824267	0.015	0.019
-0.32226768319665	0.030938457009632	0.019
-1.420203668826	0.020508065146153	0.019
-8.4324026944225	0.015	0.019
-3.1185951630428	0.015	0.019
-11.361272987311	0.015	0.019
-12.197267683197	0.015937021495187	0.019
-4.2064612718265	0.015	0.019
-1.4277323168012	0.020436542990389	0.019
-11.486795999863	0.015	0.019
-6.6652719665249	0.015	0.019
-12.795203668827	0.018777217426931	0.019
-11.958158995816	0.015	0.019
-1.9791666666666	0.015197916666667	0.019
-7.2719665271946	0.015	0.019
-5.2943273806136	0.015	0.019
-9.0822416570391	0.015	0.019
-2.4602510460245	0.015	0.019
-10.699377068959	0.015	0.019
-9.3604649350675	0.015	0.019
-7.6792646191084	0.015	0.019
-3.4951642006987	0.015	0.019
-13.788129664506	0.023493615906403	0.019
-5.2182055208397	0.015	0.019
-2.8332682823482	0.015	0.019
-6.2259414225916	0.015	0.019
-9.7294738241302	0.015	0.019
-5.8876615877856	0.015	0.019
-0.94726768319483	0.025000957009649	0.019
-10.398929891076	0.015	0.019
-13.246462997839	0.020920699239736	0.019
-4.7615062761475	0.015	0.019
-7.8158995815881	0.015	0.019
-10.117154811715	0.015	0.019
-0.99999999999739	0.024500000000025	0.019
-0.32979633117179	0.030866934853868	0.019
-8.4399628430168	0.015	0.019
-3.1261553116371	0.015	0.019
-11.368833135905	0.015	0.019
-4.2140214204209	0.015	0.019
-12.204796331172	0.015972782573069	0.019
-11.494356148457	0.015	0.019
-1.4374999999985	0.020343750000014	0.019
-6.6750805186895	0.015	0.019
-11.832635983264	0.015	0.019
-1.9693989834693	0.015290709657042	0.019
-12.802732316803	0.018812978504812	0.019
-7.2755183285277	0.015	0.019
-9.0920502092038	0.015	0.019
-5.3018875292079	0.015	0.019
-10.702928870292	0.015	0.019
-9.3640167364005	0.015	0.019
-2.2928870292886	0.015	0.019
-7.6868247677027	0.015	0.019
-3.502724349293	0.015	0.019
-5.2217573221728	0.015	0.019
-13.791666666667	0.023510416666667	0.019
-2.8368200836813	0.015	0.019
-9.7370339727245	0.015	0.019
-6.2259414225916	0.015	0.019
-5.8912133891187	0.015	0.019
-10.40649003967	0.015	0.019
-0.95479633116997	0.024929434853885	0.019
-13.25	0.0209375	0.019
-4.7615062761475	0.015	0.019
-8.1506276150611	0.015	0.019
-10.120706613048	0.015	0.019
-0.33333333333264	0.03083333333334	0.019
-1.0035370021583	0.024466398479497	0.019
-8.4435146443499	0.015	0.019
-3.1297071129702	0.015	0.019
-11.372384937238	0.015	0.019
-4.217573221754	0.015	0.019
-11.497907949791	0.015	0.019
-12.208333333333	0.015989583333333	0.019
-1.4472676831959	0.020250957009639	0.019
-11.836187784597	0.015	0.019
-1.9618703354941	0.015362231812806	0.019
-6.6826406672839	0.015	0.019
-9.1018587613684	0.015	0.019
-11.843747933191	0.015	0.019
-12.8125	0.018859374999999	0.019
-5.305439330541	0.015	0.019
-7.283078477122	0.015	0.019
-10.57740585774	0.015	0.019
-2.2964388306217	0.015	0.019
-9.3640167364005	0.015	0.019
-7.6903765690358	0.015	0.019
-2.6694560669449	0.015	0.019
-5.0543933054363	0.015	0.019
-3.5062761506261	0.015	0.019
-9.7405857740576	0.015	0.019
-13.5	0.022125	0.019
-6.2294932239247	0.015	0.019
-5.7656903765663	0.015	0.019
-10.410041841003	0.015	0.019
-0.95833333333082	0.024895833333357	0.019
-13.166666666667	0.020541666666667	0.019
-4.7650580774806	0.015	0.019
-8.1541794163942	0.015	0.019
-10.128266761642	0.015	0.019
-0.08333333333317	0.033208333333335	0.019
-1.0110656501334	0.024394876323732	0.019
-8.5690376569023	0.015	0.019
-3.1297071129702	0.015	0.019
-10.953974895397	0.015	0.019
-3.9665271966494	0.015	0.019
-11.414225941422	0.015	0.019
-1.454796331171	0.020179434853875	0.019
-12.25	0.0161875	0.019
-1.9583333333332	0.015395833333334	0.019
-9.1094189099627	0.015	0.019
-6.6861924686169	0.015	0.019
-11.853556485356	0.015	0.019
-5.6820083681981	0.015	0.019
-12.822267683197	0.018905771495187	0.019
-7.2928870292867	0.015	0.019
-10.580957659073	0.015	0.019
-9.3675685377336	0.015	0.019
-7.5648535564834	0.015	0.019
-2.303998979216	0.015	0.019
-2.6730078682779	0.015	0.019
-5.0579451067694	0.015	0.019
-3.3389121338904	0.015	0.019
-9.86610878661	0.015	0.019
-6.237053372519	0.015	0.019
-5.7692421778994	0.015	0.019
-13.503537002161	0.022141800760264	0.019
-10.242677824267	0.015	0.019
-13.170203668828	0.020558467426931	0.019
-0.70833333333155	0.02727083333335	0.019
-4.7726182260749	0.015	0.019
-8.1617395649885	0.015	0.019
-0.086870335494025	0.033174731812807	0.019
-1.0208333333308	0.024302083333358	0.019
-10.138075313807	0.015	0.019
-3.1332589143033	0.015	0.019
-8.5725894582354	0.015	0.019
-10.95752669673	0.015	0.019
-11.417777742755	0.015	0.019
-3.9700789979825	0.015	0.019
-1.4583333333319	0.020145833333347	0.019
-8.5801496068297	0.015	0.019
-12.253537002161	0.016204300760264	0.019
-2.1673640167363	0.015	0.019
-9.1129707112958	0.015	0.019
-6.8117154811693	0.015	0.019
-5.6855601695312	0.015	0.019
-11.86336503752	0.015	0.019
-7.3026955814513	0.015	0.019
-12.829796331172	0.018941532573069	0.019
-10.588517807667	0.015	0.019
-9.375128686328	0.015	0.019
-2.3138075313806	0.015	0.019
-7.5684053578165	0.015	0.019
-2.6805680168723	0.015	0.019
-5.0655052553637	0.015	0.019
-9.869660587943	0.015	0.019
-3.3424639352234	0.015	0.019
-6.2468619246837	0.015	0.019
-5.7768023264937	0.015	0.019
-13.511065650136	0.022177561838145	0.019
-10.2462296256	0.015	0.019
-13.177732316803	0.020594228504813	0.019
-6.2566704768484	0.015	0.019
-0.7118703354924	0.027237231812822	0.019
-4.7824267782396	0.015	0.019
-0.094398983469173	0.033103209657043	0.019
-8.1715481171531	0.015	0.019
-1.0306010165281	0.024209290342983	0.019
-3.1408190628976	0.015	0.019
-10.147883865971	0.015	0.019
-10.965086845324	0.015	0.019
-11.42533789135	0.015	0.019
-3.9776391465768	0.015	0.019
-8.5899581589944	0.015	0.019
-1.3749999999984	0.020937500000016	0.019
-9.0292887029276	0.015	0.019
-2.1709158180694	0.015	0.019
-12.261065650136	0.016240061838145	0.019
-5.6931203181255	0.015	0.019
-6.8152672825024	0.015	0.019
-1.3785370021592	0.020903898479487	0.019
-11.870925186115	0.015	0.019
-7.3102557300456	0.015	0.019
-12.833333333333	0.018958333333333	0.019
-12.270833333333	0.016286458333332	0.019
-10.598326359832	0.015	0.019
-9.3849372384926	0.015	0.019
-7.5759655064108	0.015	0.019
-2.3236160835452	0.015	0.019
-2.6903765690369	0.015	0.019
-5.0753138075284	0.015	0.019
-9.8772207365373	0.015	0.019
-3.3500240838177	0.015	0.019
-5.7866108786584	0.015	0.019
-13.520833333333	0.022223958333332	0.019
-13.1875	0.020640625000001	0.019
-10.253789774194	0.015	0.019
-6.2642306254427	0.015	0.019
-0.71939898346755	0.027165709657058	0.019
-4.7922353304042	0.015	0.019
-0.10416666666646	0.033010416666669	0.019
-8.1813566693178	0.015	0.019
-1.0381296645033	0.024137768187219	0.019
-3.1506276150622	0.015	0.019
-11.435146443514	0.015	0.019
-10.974895397489	0.015	0.019
-10.155444014566	0.015	0.019
-3.9874476987414	0.015	0.019
-8.599766711159	0.015	0.019
-9.0328405042607	0.015	0.019
-2.1784759666637	0.015	0.019
-5.7029288702901	0.015	0.019
-1.3860656501344	0.020832376323723	0.019
-6.8228274310967	0.015	0.019
-11.874476987448	0.015	0.019
-7.3138075313787	0.015	0.019
-12.28060101653	0.01633285482852	0.019
-12.875	0.01915625	0.019
-9.3947457906573	0.015	0.019
-10.608134911997	0.015	0.019
-7.5857740585755	0.015	0.019
-2.3311762321395	0.015	0.019
-5.085122359693	0.015	0.019
-2.7001851212016	0.015	0.019
-9.887029288702	0.015	0.019
-3.3598326359823	0.015	0.019
-5.7964194308231	0.015	0.019
-13.197267683197	0.020687021495188	0.019
-13.53060101653	0.02227035482852	0.019
-10.263598326359	0.015	0.019
-0.72916666666482	0.027072916666684	0.019
-6.2677824267758	0.015	0.019
-4.7997954789985	0.015	0.019
-0.11393434986374	0.032917623676294	0.019
-8.1889168179121	0.015	0.019
-1.0416666666641	0.024104166666691	0.019
-4.8033472803316	0.015	0.019
-3.1604361672269	0.015	0.019
-10.984703949654	0.015	0.019
-11.444954995679	0.015	0.019
-10.158995815899	0.015	0.019
-3.9972562509061	0.015	0.019
-9.040400652855	0.015	0.019
-8.6073268597533	0.015	0.019
-5.7127374224548	0.015	0.019
-2.1882845188284	0.015	0.019
-1.3958333333317	0.020739583333348	0.019
-6.8326359832613	0.015	0.019
-11.748953974895	0.015	0.019
-7.3138075313787	0.015	0.019
-12.288129664506	0.016368615906402	0.019
-9.4023059392516	0.015	0.019
-12.878537002161	0.019173050760264	0.019
-10.615695060591	0.015	0.019
-7.5955826107402	0.015	0.019
-5.0926825082874	0.015	0.019
-2.3347280334726	0.015	0.019
-9.8968378408667	0.015	0.019
-2.7077452697959	0.015	0.019
-3.369641188147	0.015	0.019
-13.204796331173	0.020722782573069	0.019
-5.8039795794174	0.015	0.019
-13.538129664506	0.022306115906402	0.019
-10.273406878524	0.015	0.019
-0.7389343498621	0.02698012367631	0.019
-6.5606694560646	0.015	0.019
-0.12146299783889	0.032846101520531	0.019
-8.1924686192452	0.015	0.019
-1.2916666666648	0.021729166666684	0.019
-3.1679963158212	0.015	0.019
-4.6359832635951	0.015	0.019
-10.992264098248	0.015	0.019
-11.452515144273	0.015	0.019
-4.0048163995003	0.015	0.019
-9.0502092050196	0.015	0.019
-10.075313807531	0.015	0.019
-8.6108786610864	0.015	0.019
-5.7202975710491	0.015	0.019
-2.198093070993	0.015	0.019
-1.4056010165291	0.020646790342974	0.019
-6.842444535426	0.015	0.019
-11.752505776228	0.015	0.019
-7.3173593327118	0.015	0.019
-9.4058577405847	0.015	0.019
-12.291666666667	0.016385416666667	0.019
-12.886065650136	0.019208811838146	0.019
-10.619246861924	0.015	0.019
-7.6031427593345	0.015	0.019
-5.0962343096204	0.015	0.019
-9.904397989461	0.015	0.019
-2.3347280334726	0.015	0.019
-2.711297071129	0.015	0.019
-3.3772013367412	0.015	0.019
-13.208333333333	0.020739583333333	0.019
-13.541666666667	0.022322916666667	0.019
-5.8075313807505	0.015	0.019
-10.280967027118	0.015	0.019
-2.9205020920496	0.015	0.019
-0.74646299783724	0.026908601520546	0.019
-6.5642212573977	0.015	0.019
-0.12499999999975	0.032812500000002	0.019
-7.9414225941405	0.015	0.019
-3.1715481171543	0.015	0.019
-1.2952036688257	0.021695565146156	0.019
-4.6395350649282	0.015	0.019
-11.456066945606	0.015	0.019
-10.995815899581	0.015	0.019
-4.0083682008334	0.015	0.019
-9.0600177571843	0.015	0.019
-10.078865608864	0.015	0.019
-8.4435146443499	0.015	0.019
-5.7238493723822	0.015	0.019
-2.2056532195873	0.015	0.019
-6.8500046840203	0.015	0.019
-1.4131296645043	0.02057526818721	0.019
-7.3249194813061	0.015	0.019
-11.760065924823	0.015	0.019
-9.1548117154799	0.015	0.019
-12.333333333333	0.016583333333333	0.019
-12.895833333333	0.019255208333333	0.019
-7.6066945606676	0.015	0.019
-10.619246861924	0.015	0.019
-5.0125523012522	0.015	0.019
-9.9079497907941	0.015	0.019
-2.3382798348057	0.015	0.019
-13.291666666667	0.021135416666667	0.019
-14	0.0245	0.019
-3.3807531380743	0.015	0.019
-5.8912133891187	0.015	0.019
-10.284518828451	0.015	0.019
-0.7499999999981	0.026875000000018	0.019
-2.9240538933827	0.015	0.019
-6.571781405992	0.015	0.019
-0.41666666666573	0.030041666666676	0.019
-7.9449743954736	0.015	0.019
-3.0041841004178	0.015	0.019
-1.3027323168009	0.021624042990392	0.019
-4.6470952135225	0.015	0.019
-11.707112970711	0.015	0.019
-11.246861924686	0.015	0.019
-4.0502092050175	0.015	0.019
-9.0675779057786	0.015	0.019
-8.447066445683	0.015	0.019
-10.086425757458	0.015	0.019
-5.3891213389093	0.015	0.019
-6.8535564853534	0.015	0.019
-2.2092050209204	0.015	0.019
-1.4166666666651	0.020541666666681	0.019
-7.3347280334708	0.015	0.019
-9.158363516813	0.015	0.019
-11.769874476987	0.015	0.019
-12.336870335494	0.016600134093598	0.019
-7.7322175732199	0.015	0.019
-12.905601016531	0.01930160482852	0.019
-5.0161041025853	0.015	0.019
-10.622798663257	0.015	0.019
-9.7824267782417	0.015	0.019
-13.295203668828	0.021152217426931	0.019
-2.3458399834	0.015	0.019
-13.996462997839	0.024483199239736	0.019
-3.589958158994	0.015	0.019
-5.8947651904518	0.015	0.019
-0.79166666666464	0.026479166666686	0.019
-10.284518828451	0.015	0.019
-2.931614041977	0.015	0.019
-6.5815899581567	0.015	0.019
-0.42020366882659	0.030008065146147	0.019
-3.0077359017509	0.015	0.019
-7.9525345440679	0.015	0.019
-1.3124999999982	0.021531250000017	0.019
-4.6569037656872	0.015	0.019
-11.710664772044	0.015	0.019
-11.250413726019	0.015	0.019
-4.0537610063506	0.015	0.019
-9.0711297071117	0.015	0.019
-8.4546265942773	0.015	0.019
-10.096234309623	0.015	0.019
-5.3926731402424	0.015	0.019
-7.0209205020899	0.015	0.019
-2.2510460251045	0.015	0.019
-1.4583333333319	0.020145833333347	0.019
-5.4002332888367	0.015	0.019
-7.3445365856354	0.015	0.019
-9.1659236654073	0.015	0.019
-11.779683029152	0.015	0.019
-7.735769374553	0.015	0.019
-12.344398983469	0.01663589517148	0.019
-12.913129664506	0.019337365906402	0.019
-5.0236642511796	0.015	0.019
-10.630358811851	0.015	0.019
-9.7859785795748	0.015	0.019
-13.302732316803	0.021187978504813	0.019
-2.3556485355646	0.015	0.019
-13.988934349864	0.024447438161854	0.019
-3.593509960327	0.015	0.019
-5.9023253390461	0.015	0.019
-0.79520366882549	0.026445565146158	0.019
-10.288070629784	0.015	0.019
-2.9414225941416	0.015	0.019
-6.5913985103213	0.015	0.019
-3.0152960503452	0.015	0.019
-0.42773231680173	0.029936542990384	0.019
-7.9623430962326	0.015	0.019
-1.3222676831955	0.021438457009643	0.019
-11.718224920639	0.015	0.019
-4.6667123178519	0.015	0.019
-11.257973874613	0.015	0.019
-4.0613211549449	0.015	0.019
-8.6945606694546	0.015	0.019
-8.464435146442	0.015	0.019
-10.106042861787	0.015	0.019
-7.024472303423	0.015	0.019
-2.2545978264376	0.015	0.019
-5.4100418410013	0.015	0.019
-1.4618703354928	0.020112231812819	0.019
-7.3520967342298	0.015	0.019
-9.175732217572	0.015	0.019
-11.787243177746	0.015	0.019
-7.7433295231473	0.015	0.019
-5.0334728033443	0.015	0.019
-12.916666666667	0.019354166666667	0.019
-12.354166666667	0.016682291666667	0.019
-10.640167364016	0.015	0.019
-13.3125	0.021234375	0.019
-9.7935387281691	0.015	0.019
-12.75	0.0185625	0.019
-2.3654570877292	0.015	0.019
-13.979166666667	0.024401041666667	0.019
-3.6010701089213	0.015	0.019
-5.9121338912108	0.015	0.019
-10.295630778379	0.015	0.019
-0.80273231680064	0.026374042990394	0.019
-6.5989586589156	0.015	0.019
-2.9512311463063	0.015	0.019
-3.0251046025099	0.015	0.019
-0.43749999999901	0.029843750000009	0.019
-7.9721516483972	0.015	0.019
-1.3297963311707	0.021366934853878	0.019
-11.728033472803	0.015	0.019
-11.267782426778	0.015	0.019
-4.6742724664462	0.015	0.019
-4.0711297071095	0.015	0.019
-8.6981124707877	0.015	0.019
-8.4742436986067	0.015	0.019
-10.113603010382	0.015	0.019
-7.0320324520173	0.015	0.019
-2.2621579750319	0.015	0.019
-5.419850393166	0.015	0.019
-1.469398983468	0.020040709657054	0.019
-9.1855407697367	0.015	0.019
-7.3556485355628	0.015	0.019
-7.753138075312	0.015	0.019
-11.790794979079	0.015	0.019
-5.0432813555089	0.015	0.019
-13.322267683197	0.021280771495187	0.019
-12.363934349864	0.016728688161854	0.019
-10.649975916181	0.015	0.019
-12.753537002161	0.018579300760264	0.019
-9.8033472803338	0.015	0.019
-2.3730172363235	0.015	0.019
-10.657536064775	0.015	0.019
-13.969398983469	0.024354645171479	0.019
-3.6108786610859	0.015	0.019
-5.9219424433754	0.015	0.019
-10.305439330543	0.015	0.019
-0.81249999999791	0.02628125000002	0.019
-6.6025104602487	0.015	0.019
-3.0349131546745	0.015	0.019
-2.9587912949006	0.015	0.019
-0.44726768319628	0.029750957009635	0.019
-1.3333333333316	0.02133333333335	0.019
-7.9797117969915	0.015	0.019
-11.737842024968	0.015	0.019
-11.277590978943	0.015	0.019
-4.6778242677793	0.015	0.019
-4.0809382592742	0.015	0.019
-8.705672619382	0.015	0.019
-8.481803847201	0.015	0.019
-7.0418410041819	0.015	0.019
-10.117154811715	0.015	0.019
-2.2719665271965	0.015	0.019
-5.4274105417603	0.015	0.019
-1.4791666666653	0.01994791666668	0.019
-9.193100918331	0.015	0.019
-7.1882845188264	0.015	0.019
-7.7629466274766	0.015	0.019
-12	0.015	0.019
-13.329796331172	0.021316532573069	0.019
-5.0508415041032	0.015	0.019
-12.371462997839	0.016764449239736	0.019
-12.761065650136	0.018615061838146	0.019
-9.8131558324984	0.015	0.019
-2.3765690376566	0.015	0.019
-10.661087866108	0.015	0.019
-13.961870335494	0.024318884093597	0.019
-3.6206872132505	0.015	0.019
-10.315247882708	0.015	0.019
-5.9295025919697	0.015	0.019
-0.82226768319519	0.026188457009646	0.019
-6.3933054393281	0.015	0.019
-3.0424733032688	0.015	0.019
-2.9623430962337	0.015	0.019
-1.249999999998	0.022125000000019	0.019
-0.45479633117143	0.029679434853871	0.019
-11.745402173562	0.015	0.019
-7.9832635983246	0.015	0.019
-11.285151127537	0.015	0.019
-4.6778242677793	0.015	0.019
-4.0884984078685	0.015	0.019
-8.7154811715467	0.015	0.019
-8.485355648534	0.015	0.019
-7.0516495563466	0.015	0.019
-2.2817750793612	0.015	0.019
-10.158995815899	0.015	0.019
-5.4309623430934	0.015	0.019
-1.4889343498626	0.019855123676305	0.019
-9.1966527196641	0.015	0.019
-7.1918363201595	0.015	0.019
-7.7705067760709	0.015	0.019
-12.003537002161	0.015016800760264	0.019
-13.333333333333	0.021333333333333	0.019
-5.0543933054363	0.015	0.019
-12.375	0.01678125	0.019
-12.770833333333	0.018661458333334	0.019
-9.8207159810927	0.015	0.019
-2.3765690376566	0.015	0.019
-10.786610878661	0.015	0.019
-13.958333333333	0.024302083333333	0.019
-3.6282473618448	0.015	0.019
-10.322808031302	0.015	0.019
-5.9330543933028	0.015	0.019
-0.82979633117033	0.026116934853882	0.019
-3.0460251046019	0.015	0.019
-6.3968572406612	0.015	0.019
-2.9623430962337	0.015	0.019
-1.2535370021589	0.02209139847949	0.019
-11.748953974895	0.015	0.019
-0.45833333333228	0.029645833333343	0.019
-7.8577405857723	0.015	0.019
-11.28870292887	0.015	0.019
-4.6813760691123	0.015	0.019
-8.7252897237114	0.015	0.019
-4.0920502092016	0.015	0.019
-8.5271966527182	0.015	0.019
-2.2893352279555	0.015	0.019
-7.0592097049409	0.015	0.019
-5.3472803347252	0.015	0.019
-9.2384937238482	0.015	0.019
-10.162547617232	0.015	0.019
-1.4964629978378	0.019783601520541	0.019
-7.1993964687538	0.015	0.019
-7.774058577404	0.015	0.019
-13.25	0.0209375	0.019
-4.9707112970681	0.015	0.019
-12.011065650136	0.015052561838146	0.019
-12.780601016531	0.018707854828521	0.019
-12.291666666667	0.016385416666667	0.019
-9.8242677824258	0.015	0.019
-2.3801208389897	0.015	0.019
-10.790162679994	0.015	0.019
-13.541666666667	0.022322916666667	0.019
-10.326359832635	0.015	0.019
-3.6317991631779	0.015	0.019
-6.016736401671	0.015	0.019
-3.2133891213384	0.015	0.019
-0.83333333333119	0.026083333333354	0.019
-6.4044173892555	0.015	0.019
-2.9658948975668	0.015	0.019
-1.2610656501341	0.022019876323726	0.019
-11.497907949791	0.015	0.019
-0.37499999999919	0.030437500000008	0.019
-11.205020920502	0.015	0.019
-7.8612923871054	0.015	0.019
-8.7328498723057	0.015	0.019
-4.6889362177067	0.015	0.019
-3.8410041840976	0.015	0.019
-8.5307484540513	0.015	0.019
-2.2928870292886	0.015	0.019
-5.3508321360582	0.015	0.019
-7.062761506274	0.015	0.019
-9.2420455251813	0.015	0.019
-1.4999999999987	0.019750000000012	0.019
-10.170107765826	0.015	0.019
-7.4811715481152	0.015	0.019
-7.2092050209184	0.015	0.019
-13.253537002161	0.020954300760264	0.019
-4.9742630984012	0.015	0.019
-12.020833333333	0.015098958333333	0.019
-12.788129664506	0.018743615906403	0.019
-9.9079497907941	0.015	0.019
-12.295203668828	0.016402217426931	0.019
-2.387680987584	0.015	0.019
-10.797722828588	0.015	0.019
-13.545203668828	0.022339717426931	0.019
-10.410041841003	0.015	0.019
-3.7991631799136	0.015	0.019
-3.2169409226714	0.015	0.019
-6.0202882030041	0.015	0.019
-0.7499999999981	0.026875000000018	0.019
-6.4142259414202	0.015	0.019
-2.9734550461611	0.015	0.019
-11.501459751124	0.015	0.019
-1.2708333333314	0.021927083333352	0.019
-11.208572721835	0.015	0.019
-0.37853700216004	0.03040389847948	0.019
-8.7364016736388	0.015	0.019
-7.8688525356997	0.015	0.019
-4.6987447698713	0.015	0.019
-3.8445559854306	0.015	0.019
-8.5383086026456	0.015	0.019
-5.3583922846525	0.015	0.019
-2.041841004184	0.015	0.019
-9.2496056737756	0.015	0.019
-6.7280334728011	0.015	0.019
-1.4999999999987	0.019750000000012	0.019
-7.4847233494483	0.015	0.019
-10.179916317991	0.015	0.019
-13.261065650136	0.020990061838146	0.019
-7.2190135730831	0.015	0.019
-4.9818232469955	0.015	0.019
-12.030601016531	0.01514535482852	0.019
-12.791666666667	0.018760416666667	0.019
-9.9115015921272	0.015	0.019
-2.3974895397486	0.015	0.019
-12.302732316803	0.016437978504813	0.019
-10.807531380753	0.015	0.019
-10.413593642337	0.015	0.019
-13.552732316803	0.022375478504813	0.019
-3.8027149812467	0.015	0.019
-3.2245010712657	0.015	0.019
-0.75353700215895	0.02684139847949	0.019
-13.5625	0.022421875	0.019
-6.0278483515985	0.015	0.019
-10.421153790931	0.015	0.019
-6.4240344935848	0.015	0.019
-11.509019899718	0.015	0.019
-2.9832635983258	0.015	0.019
-3.2343096234304	0.015	0.019
-11.216132870429	0.015	0.019
-1.2806010165287	0.021834290342977	0.019
-9.1129707112958	0.015	0.019
-0.38606565013518	0.030332376323716	0.019
-7.8786610878643	0.015	0.019
-3.8521161340249	0.015	0.019
-4.708553322036	0.015	0.019
-5.3682008368172	0.015	0.019
-8.5481171548102	0.015	0.019
-9.2594142259402	0.015	0.019
-2.0453928055171	0.015	0.019
-6.7315852741341	0.015	0.019
-1.5035370021596	0.019716398479484	0.019
-7.4922834980426	0.015	0.019
-13.270833333333	0.021036458333333	0.019
-10.189724870155	0.015	0.019
-7.2265737216774	0.015	0.019
-4.9916317991602	0.015	0.019
-12.038129664506	0.015181115906403	0.019
-13.280601016531	0.02108285482852	0.019
-9.9190617407215	0.015	0.019
-12.916666666667	0.019354166666667	0.019
-2.4072980919132	0.015	0.019
-12.3125	0.016484375	0.019
-10.817339932917	0.015	0.019
-3.810275129841	0.015	0.019
-10.430962343096	0.015	0.019
-0.76106565013409	0.026769876323726	0.019
-6.4315946421791	0.015	0.019
-2.9930721504904	0.015	0.019
-3.244118175595	0.015	0.019
-13.572267683197	0.022468271495187	0.019
-11.225941422594	0.015	0.019
-11.518828451883	0.015	0.019
-6.0376569037631	0.015	0.019
-9.1165225126289	0.015	0.019
-1.2881296645039	0.021762768187213	0.019
-0.39583333333246	0.030239583333342	0.019
-7.888469640029	0.015	0.019
-3.8619246861895	0.015	0.019
-5.3780093889819	0.015	0.019
-4.7161134706303	0.015	0.019
-9.2692227781049	0.015	0.019
-8.5579257069749	0.015	0.019
-2.0529529541114	0.015	0.019
-6.7391454227285	0.015	0.019
-7.5020920502073	0.015	0.019
-1.5110656501347	0.01964487632372	0.019
-10.19728501875	0.015	0.019
-5.0014403513248	0.015	0.019
-7.2301255230105	0.015	0.019
-12.041666666667	0.015197916666667	0.019
-13.288129664506	0.021118615906402	0.019
-9.9288702928861	0.015	0.019
-12.920203668828	0.019370967426931	0.019
-2.4148582405075	0.015	0.019
-12.322267683197	0.016530771495187	0.019
-10.824900081512	0.015	0.019
-3.8200836820056	0.015	0.019
-10.44077089526	0.015	0.019
-0.77083333333137	0.026677083333352	0.019
-6.4351464435122	0.015	0.019
-3.2516783241893	0.015	0.019
-3.0006322990847	0.015	0.019
-11.235749974758	0.015	0.019
-13.579796331172	0.022504032573069	0.019
-11.528637004047	0.015	0.019
-9.1240826612232	0.015	0.019
-6.0474654559278	0.015	0.019
-1.2916666666648	0.021729166666684	0.019
-0.40560101652974	0.030146790342967	0.019
-7.8960297886233	0.015	0.019
-5.3855695375762	0.015	0.019
-3.8717332383541	0.015	0.019
-9.2767829266992	0.015	0.019
-4.7196652719634	0.015	0.019
-8.5654858555692	0.015	0.019
-7.8995815899564	0.015	0.019
-2.062761506276	0.015	0.019
-7.5119006023719	0.015	0.019
-6.7489539748931	0.015	0.019
-1.5208333333321	0.019552083333345	0.019
-5.0090004999191	0.015	0.019
-10.200836820083	0.015	0.019
-11.790794979079	0.015	0.019
-13.291666666667	0.021135416666667	0.019
-9.9386788450508	0.015	0.019
-2.4184100418405	0.015	0.019
-12.927732316803	0.019406728504813	0.019
-10.828451882845	0.015	0.019
-12.329796331172	0.016566532573069	0.019
-3.8298922341702	0.015	0.019
-10.448331043855	0.015	0.019
-3.2552301255224	0.015	0.019
-0.78060101652865	0.026584290342978	0.019
-6.6025104602487	0.015	0.019
-3.0041841004178	0.015	0.019
-11.243310123353	0.015	0.019
-11.536197152642	0.015	0.019
-0.78812966450379	0.026512768187214	0.019
-9.1338912133879	0.015	0.019
-13.583333333333	0.022520833333333	0.019
-6.0550256045221	0.015	0.019
-1.3333333333316	0.02133333333335	0.019
-0.41312966450488	0.030075268187204	0.019
-9.1436997655525	0.015	0.019
-5.3891213389093	0.015	0.019
-9.2803347280323	0.015	0.019
-3.8792933869484	0.015	0.019
-4.594142259411	0.015	0.019
-8.5690376569023	0.015	0.019
-8.108786610877	0.015	0.019
-7.5194607509662	0.015	0.019
-6.7587625270578	0.015	0.019
-4.5976940607441	0.015	0.019
-2.0725700584407	0.015	0.019
-1.5306010165294	0.019459290342971	0.019
-5.0125523012522	0.015	0.019
-10.033472803346	0.015	0.019
-11.794346780412	0.015	0.019
-9.9462389936451	0.015	0.019
-13.125	0.02034375	0.019
-2.5857740585766	0.015	0.019
-12.9375	0.019453125	0.019
-10.535564853556	0.015	0.019
-12.333333333333	0.016583333333333	0.019
-10.451882845188	0.015	0.019
-3.8374523827645	0.015	0.019
-3.1715481171543	0.015	0.019
-6.6060622615818	0.015	0.019
-2.711297071129	0.015	0.019
-11.246861924686	0.015	0.019
-11.539748953975	0.015	0.019
-0.79166666666464	0.026479166666686	0.019
-13.791666666667	0.023510416666667	0.019
-1.3368703354925	0.021299731812822	0.019
-6.0585774058552	0.015	0.019
-5.4309623430934	0.015	0.019
-9.1512599141469	0.015	0.019
-9.1966527196641	0.015	0.019
-3.8828451882815	0.015	0.019
-0.41666666666573	0.030041666666676	0.019
-8.2343096234293	0.015	0.019
-7.5230125522993	0.015	0.019
-8.1123384122101	0.015	0.019
-4.2594142259381	0.015	0.019
-6.7663226756521	0.015	0.019
-4.6052542093384	0.015	0.019
-2.080130207035	0.015	0.019
-1.5381296645046	0.019387768187206	0.019
-5.1380753138046	0.015	0.019
-10.03702460468	0.015	0.019
-11.801906929007	0.015	0.019
-9.9497907949782	0.015	0.019
-13.128537002161	0.020360550760264	0.019
-2.5893258599097	0.015	0.019
-10.539116654889	0.015	0.019
-12.947267683197	0.019499521495187	0.019
-10.326359832635	0.015	0.019
-12.625	0.01796875	0.019
-3.1750999184874	0.015	0.019
-3.8410041840976	0.015	0.019
-6.6136224101761	0.015	0.019
-2.7148488724621	0.015	0.019
-11.079497907949	0.015	0.019
-11.623430962343	0.015	0.019
-0.66666666666501	0.027666666666682	0.019
-13.795203668827	0.02352721742693	0.019
-1.3443989834676	0.021228209657057	0.019
-5.4345141444265	0.015	0.019
-6.1004184100393	0.015	0.019
-0.67020366882586	0.027633065146154	0.019
-9.2002045209971	0.015	0.019
-9.1548117154799	0.015	0.019
-8.2378614247624	0.015	0.019
-7.6066945606676	0.015	0.019
-0.20833333333295	0.032020833333337	0.019
-4.2629660272712	0.015	0.019
-8.1198985608044	0.015	0.019
-6.7698744769852	0.015	0.019
-4.6150627615031	0.015	0.019
-1.5416666666655	0.019354166666678	0.019
-2.0836820083681	0.015	0.019
-5.1416271151376	0.015	0.019
-11.811715481171	0.015	0.019
-10.044584753274	0.015	0.019
-1.624999999999	0.018562500000009	0.019
-9.7405857740576	0.015	0.019
-13.136065650136	0.020396311838146	0.019
-5.149187263732	0.015	0.019
-2.596886008504	0.015	0.019
-10.546676803483	0.015	0.019
-12.954796331172	0.019535282573069	0.019
-10.329911633968	0.015	0.019
-3.1826600670817	0.015	0.019
-12.628537002161	0.017985550760264	0.019
-3.7573221757297	0.015	0.019
-6.6234309623408	0.015	0.019
-2.7224090210564	0.015	0.019
-11.626982763676	0.015	0.019
-11.083049709282	0.015	0.019
-5.4420742930208	0.015	0.019
-6.6332395145054	0.015	0.019
-3.7608739770628	0.015	0.019
-13.802732316803	0.023562978504812	0.019
-2.732217573221	0.015	0.019
-1.354166666665	0.021135416666683	0.019
-9.2077646695915	0.015	0.019
-6.1039702113724	0.015	0.019
-0.677732316801	0.02756154299039	0.019
-8.9037656903752	0.015	0.019
-8.2454215733567	0.015	0.019
-1.3639343498623	0.021042623676308	0.019
-7.6102463620006	0.015	0.019
-4.2705261758655	0.015	0.019
-0.21187033549381	0.031987231812809	0.019
-6.9372384937217	0.015	0.019
-8.129707112969	0.015	0.019
-4.6248713136677	0.015	0.019
-2.0836820083681	0.015	0.019
-11.821524033336	0.015	0.019
-1.6285370021599	0.018528898479481	0.019
-9.7441375753907	0.015	0.019
-10.054393305438	0.015	0.019
-11.82908418193	0.015	0.019
-5.1589958158966	0.015	0.019
-13.145833333333	0.020442708333333	0.019
-2.6066945606687	0.015	0.019
-10.556485355648	0.015	0.019
-10.337471782563	0.015	0.019
-3.1924686192463	0.015	0.019
-12.958333333333	0.019552083333333	0.019
-12.636065650136	0.018021311838147	0.019
-11.63454291227	0.015	0.019
-11.090609857877	0.015	0.019
-6.6407996630997	0.015	0.019
-2.7420261253857	0.015	0.019
-5.4518828451854	0.015	0.019
-13.8125	0.023609374999999	0.019
-9.2175732217561	0.015	0.019
-6.1115303599667	0.015	0.019
-3.768434125657	0.015	0.019
-0.68749999999828	0.027468750000016	0.019
-8.9073174917083	0.015	0.019
-8.2552301255214	0.015	0.019
-7.6178065105949	0.015	0.019
-4.2803347280301	0.015	0.019
-1.3714629978375	0.020971101520544	0.019
-6.9407902950547	0.015	0.019
-0.21939898346896	0.031915709657045	0.019
-8.1395156651337	0.015	0.019
-4.632431462262	0.015	0.019
-2.0872338097011	0.015	0.019
-1.6360656501351	0.018457376323717	0.019
-9.751697723985	0.015	0.019
-10.064201857603	0.015	0.019
-11.832635983264	0.015	0.019
-5.1688043680613	0.015	0.019
-2.6165031128333	0.015	0.019
-13.155601016531	0.020489104828521	0.019
-10.071762006197	0.015	0.019
-10.566293907813	0.015	0.019
-10.347280334727	0.015	0.019
-3.202277171411	0.015	0.019
-13.083333333333	0.020145833333333	0.019
-11.644351464435	0.015	0.019
-12.645833333333	0.018067708333334	0.019
-11.100418410041	0.015	0.019
-6.6443514644328	0.015	0.019
-5.4616913973501	0.015	0.019
-2.74958627398	0.015	0.019
-9.2273817739208	0.015	0.019
-13.822267683197	0.023655771495186	0.019
-6.1213389121314	0.015	0.019
-3.7782426778217	0.015	0.019
-0.69726768319556	0.027375957009642	0.019
-8.9148776403026	0.015	0.019
-8.265038677686	0.015	0.019
-7.6276150627596	0.015	0.019
-1.3749999999984	0.020937500000016	0.019
-4.2901432801948	0.015	0.019
-6.9483504436491	0.015	0.019
-0.22916666666625	0.031822916666671	0.019
-8.147075813728	0.015	0.019
-4.6359832635951	0.015	0.019
-2.0947939582955	0.015	0.019
-1.6458333333324	0.018364583333342	0.019
-9.7615062761496	0.015	0.019
-12	0.015	0.019
-5.1763645166556	0.015	0.019
-2.6240632614277	0.015	0.019
-10.573854056407	0.015	0.019
-1.6556010165297	0.018271790342968	0.019
-9.7713148283143	0.015	0.019
-10.075313807531	0.015	0.019
-13.163129664506	0.020524865906403	0.019
-10.357088886892	0.015	0.019
-3.2098373200053	0.015	0.019
-2.6276150627607	0.015	0.019
-11.6541600166	0.015	0.019
-13.086870335494	0.020162634093597	0.019
-11.110226962206	0.015	0.019
-12.655601016531	0.018114104828521	0.019
-5.4692515459444	0.015	0.019
-6.351464435144	0.015	0.019
-9.2349419225151	0.015	0.019
-2.7531380753131	0.015	0.019
-13.829796331172	0.023691532573069	0.019
-6.131147464296	0.015	0.019
-3.7880512299863	0.015	0.019
-0.7047963311707	0.027304434853878	0.019
-8.9246861924673	0.015	0.019
-8.2725988262804	0.015	0.019
-7.6374236149243	0.015	0.019
-1.0833333333309	0.023708333333356	0.019
-4.2977034287891	0.015	0.019
-6.9581589958137	0.015	0.019
-0.23893434986354	0.031730123676296	0.019
-8.1506276150611	0.015	0.019
-4.8451882845157	0.015	0.019
-2.1046025104601	0.015	0.019
-11.996448198667	0.015	0.019
-5.1799163179887	0.015	0.019
-9.7788749769086	0.015	0.019
-10.57740585774	0.015	0.019
-13.166666666667	0.020541666666667	0.019
-1.6631296645049	0.018200268187203	0.019
-10.364649035486	0.015	0.019
-9.9916317991623	0.015	0.019
-3.2133891213384	0.015	0.019
-11.1177871108	0.015	0.019
-11.661720165194	0.015	0.019
-2.6276150627607	0.015	0.019
-13.094398983469	0.020198395171479	0.019
-5.4728033472775	0.015	0.019
-12.663129664506	0.018149865906403	0.019
-6.3550162364771	0.015	0.019
-9.2384937238482	0.015	0.019
-2.8368200836813	0.015	0.019
-6.1387076128903	0.015	0.019
-13.833333333333	0.023708333333333	0.019
-0.70833333333155	0.02727083333335	0.019
-8.9344947446319	0.015	0.019
-3.7956113785806	0.015	0.019
-8.2761506276135	0.015	0.019
-7.6449837635186	0.015	0.019
-1.0868703354918	0.023674731812828	0.019
-4.3012552301222	0.015	0.019
-6.9679675479784	0.015	0.019
-7.8995815899564	0.015	0.019
-0.24646299783869	0.031658601520532	0.019
-4.8487400858488	0.015	0.019
-2.1144110626248	0.015	0.019
-11.988888050073	0.015	0.019
-4.928870292884	0.015	0.019
-9.7824267782417	0.015	0.019
-10.702928870292	0.015	0.019
-13.375	0.02153125	0.019
-10.368200836819	0.015	0.019
-1.6666666666658	0.018166666666675	0.019
-9.9951836004954	0.015	0.019
-11.121338912134	0.015	0.019
-11.665271966527	0.015	0.019
-2.6311668640938	0.015	0.019
-5.640167364014	0.015	0.019
-13.104166666667	0.020244791666666	0.019
-12.666666666667	0.018166666666667	0.019
-9.4058577405847	0.015	0.019
-6.3625763850714	0.015	0.019
-2.8403718850144	0.015	0.019
-6.1422594142234	0.015	0.019
-13.583333333333	0.022520833333333	0.019
-0.83333333333119	0.026083333333354	0.019
-8.9420548932263	0.015	0.019
-3.7991631799136	0.015	0.019
-8.6108786610864	0.015	0.019
-7.6485355648517	0.015	0.019
-1.094398983467	0.023603209657064	0.019
-4.2175732217539	0.015	0.019
-6.9755276965727	0.015	0.019
-7.9031333912895	0.015	0.019
-0.24999999999955	0.031625000000004	0.019
-4.8563002344431	0.015	0.019
-2.1219712112191	0.015	0.019
-11.979079497908	0.015	0.019
-4.9324220942171	0.015	0.019
-9.6569037656894	0.015	0.019
-10.706480671625	0.015	0.019
-13.378537002161	0.021548050760264	0.019
-1.5416666666655	0.019354166666678	0.019
-10.00274374909	0.015	0.019
-11.037656903765	0.015	0.019
-11.539748953975	0.015	0.019
-5.6437191653471	0.015	0.019
-2.6387270126881	0.015	0.019
-12.666666666667	0.018166666666667	0.019
-13.113934349864	0.020291188161854	0.019
-9.4094095419177	0.015	0.019
-6.3723849372361	0.015	0.019
-2.8479320336087	0.015	0.019
-6.0585774058552	0.015	0.019
-13.586870335494	0.022537634093598	0.019
-0.83687033549204	0.026049731812826	0.019
-8.9456066945593	0.015	0.019
-6.3821934894007	0.015	0.019
-3.3807531380743	0.015	0.019
-8.6144304624195	0.015	0.019
-7.3556485355628	0.015	0.019
-4.221125023087	0.015	0.019
-1.1041666666643	0.023510416666689	0.019
-6.9790794979058	0.015	0.019
-7.9106935398838	0.015	0.019
-0.33333333333264	0.03083333333334	0.019
-4.8661087866078	0.015	0.019
-1.1139343498616	0.023417623676314	0.019
-2.1255230125522	0.015	0.019
-11.969270945743	0.015	0.019
-4.9399822428114	0.015	0.019
-9.6604555670224	0.015	0.019
-10.71404082022	0.015	0.019
-13.386065650136	0.021583811838146	0.019
-1.5452036688263	0.01932056514615	0.019
-10.012552301254	0.015	0.019
-11.041208705098	0.015	0.019
-11.543300755308	0.015	0.019
-5.6512793139414	0.015	0.019
-2.6485355648528	0.015	0.019
-12.670203668827	0.018183467426931	0.019
-13.121462997839	0.020326949239736	0.019
-11.550860903902	0.015	0.019
-9.4169696905121	0.015	0.019
-6.0621292071883	0.015	0.019
-13.594398983469	0.02257339517148	0.019
-2.8577405857734	0.015	0.019
-0.84439898346718	0.025978209657062	0.019
-8.7364016736388	0.015	0.019
-6.389753637995	0.015	0.019
-3.3843049394074	0.015	0.019
-7.3592003368959	0.015	0.019
-8.6219906110138	0.015	0.019
-4.2286851716814	0.015	0.019
-7.9205020920484	0.015	0.019
-6.7698744769852	0.015	0.019
-0.3368703354935	0.030799731812812	0.019
-1.1214629978368	0.02334610152055	0.019
-4.8759173387724	0.015	0.019
-2.2092050209204	0.015	0.019
-11.961710797149	0.015	0.019
-9.6680157156168	0.015	0.019
-4.949790794976	0.015	0.019
-10.723849372384	0.015	0.019
-13.395833333333	0.021630208333333	0.019
-10.022360853419	0.015	0.019
-1.5527323168015	0.019249042990386	0.019
-11.048768853693	0.015	0.019
-5.661087866106	0.015	0.019
-2.6583441170175	0.015	0.019
-12.677732316803	0.018219228504812	0.019
-13.125	0.02034375	0.019
-11.560669456067	0.015	0.019
-9.4267782426767	0.015	0.019
-6.0696893557826	0.015	0.019
-13.604166666667	0.022619791666667	0.019
-2.8675491379381	0.015	0.019
-8.7399534749718	0.015	0.019
-0.85416666666446	0.025885416666688	0.019
-6.3933054393281	0.015	0.019
-3.3918650880016	0.015	0.019
-7.3667604854902	0.015	0.019
-8.6317991631785	0.015	0.019
-4.238493723846	0.015	0.019
-7.9303106442131	0.015	0.019
-6.7734262783183	0.015	0.019
-0.34439898346864	0.030728209657048	0.019
-4.8834774873668	0.015	0.019
-1.1249999999977	0.023312500000022	0.019
-2.2127568222535	0.015	0.019
-11.958158995816	0.015	0.019
-4.9595993471407	0.015	0.019
-9.6778242677814	0.015	0.019
-10.733657924549	0.015	0.019
-13.405601016531	0.02167660482852	0.019
-10.029921002013	0.015	0.019
-1.5624999999988	0.019156250000011	0.019
-11.058577405857	0.015	0.019
-5.6708964182707	0.015	0.019
-2.6659042656118	0.015	0.019
-11.570478008231	0.015	0.019
-1.5722676831962	0.019063457009636	0.019
-12.6875	0.018265624999999	0.019
-13	0.01975	0.019
-9.4365867948414	0.015	0.019
-6.0794979079472	0.015	0.019
-13.613934349864	0.022666188161854	0.019
-8.7475136235662	0.015	0.019
-2.8751092865324	0.015	0.019
-6.4769874476964	0.015	0.019
-0.86393434986174	0.025792623676313	0.019
-7.3765690376549	0.015	0.019
-3.4016736401663	0.015	0.019
-8.6416077153431	0.015	0.019
-4.2483022760107	0.015	0.019
-7.9378707928074	0.015	0.019
-6.7809864269126	0.015	0.019
-0.35416666666592	0.030635416666674	0.019
-4.8870292886998	0.015	0.019
-1.1666666666645	0.022916666666688	0.019
-2.2203169708478	0.015	0.019
-12.041666666667	0.015197916666667	0.019
-4.967159495735	0.015	0.019
-9.6876328199461	0.015	0.019
-10.741218073143	0.015	0.019
-13.413129664506	0.021712365906402	0.019
-10.033472803346	0.015	0.019
-11.068385958022	0.015	0.019
-5.678456566865	0.015	0.019
-2.6694560669449	0.015	0.019
-11.578038156826	0.015	0.019
-1.5797963311714	0.018991934853872	0.019
-12.697267683197	0.018312021495187	0.019
-13.003537002161	0.019766800760264	0.019
-9.4441469434357	0.015	0.019
-13.621462997839	0.022701949239736	0.019
-1.5833333333322	0.018958333333344	0.019
-6.0893064601119	0.015	0.019
-12.704796331172	0.018347782573069	0.019
-8.7573221757308	0.015	0.019
-6.4805392490294	0.015	0.019
-2.8786610878655	0.015	0.019
-0.87146299783688	0.02572110152055	0.019
-7.3863775898196	0.015	0.019
-8.6491678639374	0.015	0.019
-3.4114821923309	0.015	0.019
-2.8786610878654	0.015	0.019
-4.255862424605	0.015	0.019
-7.9414225941405	0.015	0.019
-6.7907949790772	0.015	0.019
-0.36393434986319	0.0305426236763	0.019
-1.1702036688253	0.022883065146159	0.019
-4.8033472803316	0.015	0.019
-2.2301255230125	0.015	0.019
-4.9707112970681	0.015	0.019
-12.045203668827	0.015214717426931	0.019
-10.744769874476	0.015	0.019
-9.6951929685404	0.015	0.019
-13.416666666667	0.021729166666667	0.019
-5.6820083681981	0.015	0.019
-11.075946106616	0.015	0.019
-2.5439330543925	0.015	0.019
-11.581589958159	0.015	0.019
-13.011065650136	0.019802561838146	0.019
-9.4476987447688	0.015	0.019
-1.7499999999993	0.017375000000006	0.019
-13.625	0.02271875	0.019
-12.708333333333	0.018364583333333	0.019
-6.0968666087062	0.015	0.019
-8.7671307278955	0.015	0.019
-6.4880993976238	0.015	0.019
-7.3939377384139	0.015	0.019
-0.87499999999773	0.025687500000022	0.019
-8.6527196652705	0.015	0.019
-4.2594142259381	0.015	0.019
-2.8822128891985	0.015	0.019
-3.4190423409252	0.015	0.019
-7.9832635983246	0.015	0.019
-6.8006035312419	0.015	0.019
-1.1777323168005	0.022811542990395	0.019
-0.37146299783834	0.030471101520536	0.019
-4.8068990816647	0.015	0.019
-2.2399340751771	0.015	0.019
-12.052732316803	0.015250478504812	0.019
-9.6987447698735	0.015	0.019
-10.744769874476	0.015	0.019
-5.305439330541	0.015	0.019
-13.416666666667	0.021729166666667	0.019
-11.079497907949	0.015	0.019
-2.5474848557256	0.015	0.019
-11.581589958159	0.015	0.019
-13.020833333333	0.019848958333333	0.019
-13.916666666667	0.024104166666667	0.019
-9.2803347280323	0.015	0.019
-1.7535370021602	0.017341398479478	0.019
-12.458333333333	0.017177083333333	0.019
-6.1004184100393	0.015	0.019
-8.7746908764898	0.015	0.019
-7.397489539747	0.015	0.019
-6.4979079497884	0.015	0.019
-0.62499999999846	0.028062500000015	0.019
-8.3179916317976	0.015	0.019
-3.9246861924654	0.015	0.019
-2.8897730377929	0.015	0.019
-3.4225941422582	0.015	0.019
-7.9868153996577	0.015	0.019
-0.62853700215931	0.028028898479487	0.019
-1.1874999999979	0.02271875000002	0.019
-0.37499999999919	0.030437500000008	0.019
-6.8081636798362	0.015	0.019
-4.814459230259	0.015	0.019
-7.994375548252	0.015	0.019
-0.63606565013446	0.027957376323723	0.019
-2.2474942237714	0.015	0.019
-12.0625	0.015296874999999	0.019
-9.8242677824258	0.015	0.019
-5.3089911318741	0.015	0.019
-10.74832167581	0.015	0.019
-13.420203668828	0.021745967426931	0.019
-11.28870292887	0.015	0.019
-2.5550450043199	0.015	0.019
-11.585141759492	0.015	0.019
-13.030601016531	0.019895354828521	0.019
-13.920203668827	0.024120967426931	0.019
-9.2838865293654	0.015	0.019
-1.7610656501354	0.017269876323714	0.019
-12.461870335494	0.017193884093597	0.019
-5.9330543933028	0.015	0.019
-8.7782426778229	0.015	0.019
-7.5230125522993	0.015	0.019
-6.5077165019531	0.015	0.019
-3.9282379937985	0.015	0.019
-8.3215434331307	0.015	0.019
-2.8995815899575	0.015	0.019
-3.6317991631779	0.015	0.019
-1.1972676831952	0.022625957009646	0.019
-0.16666666666635	0.03241666666667	0.019
-6.8117154811693	0.015	0.019
-8.0041841004167	0.015	0.019
-0.64583333333173	0.027864583333349	0.019
-4.8242677824237	0.015	0.019
-2.2510460251045	0.015	0.019
-12.072267683197	0.015343271495187	0.019
-9.8278195837589	0.015	0.019
-5.3165512804684	0.015	0.019
-10.755881824404	0.015	0.019
-13.427732316803	0.021781728504813	0.019
-11.292254730203	0.015	0.019
-2.5648535564846	0.015	0.019
-11.592701908086	0.015	0.019
-13.038129664506	0.019931115906403	0.019
-13.927732316803	0.024156728504812	0.019
-9.2914466779597	0.015	0.019
-1.7708333333327	0.017177083333339	0.019
-12.469398983469	0.017229645171479	0.019
-5.9366061946359	0.015	0.019
-8.820083682007	0.015	0.019
-7.5265643536324	0.015	0.019
-6.5152766505474	0.015	0.019
-3.9357981423928	0.015	0.019
-8.329103581725	0.015	0.019
-2.9093901421222	0.015	0.019
-3.635350964511	0.015	0.019
-0.1702036688272	0.032383065146142	0.019
-1.2047963311704	0.022554434853881	0.019
-8.3389121338896	0.015	0.019
-8.0139926525813	0.015	0.019
-6.8535564853534	0.015	0.019
-0.65560101652901	0.027771790342974	0.019
-4.8340763345883	0.015	0.019
-12.079796331172	0.015379032573069	0.019
-1.8749999999997	0.016187500000003	0.019
-9.8353797323532	0.015	0.019
-5.3263598326331	0.015	0.019
-10.765690376569	0.015	0.019
-11.299814878797	0.015	0.019
-1.8785370021605	0.016153898479475	0.019
-13.4375	0.021828125	0.019
-11.602510460251	0.015	0.019
-2.5746621086492	0.015	0.019
-13.041666666667	0.019947916666667	0.019
-13.9375	0.024203124999999	0.019
-9.3012552301244	0.015	0.019
-1.7806010165301	0.017084290342964	0.019
-5.9441663432302	0.015	0.019
-12.479166666666	0.017276041666666	0.019
-8.8236354833401	0.015	0.019
-7.5341245022267	0.015	0.019
-6.5188284518805	0.015	0.019
-3.9456066945574	0.015	0.019
-2.9169502907165	0.015	0.019
-3.6429111131052	0.015	0.019
-8.3487206860543	0.015	0.019
-3.955415246722	0.015	0.019
-1.2083333333313	0.022520833333353	0.019
-0.17773231680236	0.032311542990378	0.019
-8.0215528011757	0.015	0.019
-6.8571082866865	0.015	0.019
-0.66312966450415	0.027700268187211	0.019
-4.8416364831826	0.015	0.019
-12.083333333333	0.015395833333333	0.019
-9.8451882845179	0.015	0.019
-5.3361683847978	0.015	0.019
-11.309623430962	0.015	0.019
-10.775498928733	0.015	0.019
-4.8451882845157	0.015	0.019
-1.8860656501357	0.016082376323711	0.019
-13.447267683197	0.021874521495187	0.019
-2.5822222572435	0.015	0.019
-12.958333333333	0.019552083333333	0.019
-11.612319012416	0.015	0.019
-13.947267683197	0.024249521495187	0.019
-9.311063782289	0.015	0.019
-5.9539748953949	0.015	0.019
-1.7881296645052	0.0170127681872	0.019
-12.488934349864	0.017322438161853	0.019
-8.8311956319344	0.015	0.019
-7.5439330543914	0.015	0.019
-6.4351464435122	0.015	0.019
-2.9205020920496	0.015	0.019
-3.6527196652699	0.015	0.019
-3.9629753953163	0.015	0.019
-8.3562808346486	0.015	0.019
-1.0416666666641	0.024104166666691	0.019
-8.0251046025087	0.015	0.019
-0.18749999999965	0.032218750000003	0.019
-0.66666666666501	0.027666666666682	0.019
-6.8646684352808	0.015	0.019
-5.3437285333921	0.015	0.019
-9.8549968366825	0.015	0.019
-11.319431983127	0.015	0.019
-10.783059077327	0.015	0.019
-4.4686192468587	0.015	0.019
-1.8958333333331	0.015989583333336	0.019
-13.454796331172	0.021910282573069	0.019
-12.961870335494	0.019568884093597	0.019
-2.5857740585766	0.015	0.019
-11.61987916101	0.015	0.019
-13.954796331172	0.024285282573069	0.019
-9.3186239308833	0.015	0.019
-5.9637834475595	0.015	0.019
-1.7916666666661	0.016979166666672	0.019
-12.496462997839	0.017358199239736	0.019
-8.841004184099	0.015	0.019
-7.553741606556	0.015	0.019
-6.4386982448453	0.015	0.019
-3.9665271966494	0.015	0.019
-3.6625282174345	0.015	0.019
-8.3598326359817	0.015	0.019
-7.8158995815881	0.015	0.019
-1.045203668825	0.024070565146162	0.019
-6.4462583934396	0.015	0.019
-0.19726768319694	0.032125957009629	0.019
-0.95833333333082	0.024895833333357	0.019
-5.3472803347252	0.015	0.019
-6.8744769874455	0.015	0.019
-10.786610878661	0.015	0.019
-9.8625569852769	0.015	0.019
-11.326992131721	0.015	0.019
-4.4721710481917	0.015	0.019
-1.9056010165304	0.015896790342961	0.019
-13.458333333333	0.021927083333333	0.019
-12.969398983469	0.019604645171479	0.019
-11.623430962343	0.015	0.019
-13.958333333333	0.024302083333333	0.019
-2.5020920502085	0.015	0.019
-9.3221757322164	0.015	0.019
-5.9713435961538	0.015	0.019
-1.7083333333326	0.017770833333341	0.019
-12.5	0.017375	0.019
-8.8508127362637	0.015	0.019
-4.1338912133857	0.015	0.019
-7.5613017551504	0.015	0.019
-3.6700883660288	0.015	0.019
-8.3598326359817	0.015	0.019
-7.8194513829212	0.015	0.019
-6.4560669456043	0.015	0.019
-1.0527323168002	0.023999042990398	0.019
-0.20479633117209	0.032054434853865	0.019
-5.5146443514616	0.015	0.019
-0.96187033549168	0.024862231812829	0.019
-10.828451882845	0.015	0.019
-6.8842855396101	0.015	0.019
-11.330543933054	0.015	0.019
-9.86610878661	0.015	0.019
-4.4797311967861	0.015	0.019
-12.979166666667	0.019651041666666	0.019
-1.9131296645056	0.015825268187197	0.019
-2.5056438515416	0.015	0.019
-13.708333333333	0.023114583333333	0.019
-9.4895397489529	0.015	0.019
-5.9748953974869	0.015	0.019
-1.7118703354934	0.017737231812812	0.019
-12.125	0.01559375	0.019
-8.858372884858	0.015	0.019
-4.1374430147188	0.015	0.019
-7.5648535564834	0.015	0.019
-3.6736401673618	0.015	0.019
-8.3633844373148	0.015	0.019
-7.8270115315155	0.015	0.019
-1.0624999999975	0.023906250000023	0.019
-6.4658754977689	0.015	0.019
-5.5181961527947	0.015	0.019
-0.20833333333295	0.032020833333337	0.019
-0.96939898346682	0.024790709657065	0.019
-10.832003684178	0.015	0.019
-11.163179916318	0.015	0.019
-6.8918456882044	0.015	0.019
-9.531380753137	0.015	0.019
-4.4895397489507	0.015	0.019
-12.988934349864	0.019697438161853	0.019
-1.9166666666664	0.015791666666669	0.019
-2.5132040001359	0.015	0.019
-9.493091550286	0.015	0.019
-13.711870335494	0.023131384093597	0.019
-5.7238493723822	0.015	0.019
-1.7193989834686	0.017665709657048	0.019
-8.8619246861911	0.015	0.019
-12.128537002161	0.015610550760264	0.019
-7.6903765690358	0.015	0.019
-4.1450031633131	0.015	0.019
-3.5062761506261	0.015	0.019
-8.3709445859091	0.015	0.019
-7.8368200836802	0.015	0.019
-6.4734356463633	0.015	0.019
-1.0722676831949	0.023813457009649	0.019
-5.525756301389	0.015	0.019
7.1616924587136e-18	0.034	0.019
-10.839563832772	0.015	0.019
-0.9791666666641	0.024697916666691	0.019
-11.166731717651	0.015	0.019
-6.8953974895375	0.015	0.019
-9.5349325544701	0.015	0.019
-12.996462997839	0.019733199239736	0.019
-4.4993483011154	0.015	0.019
-2.1255230125522	0.015	0.019
-2.5230125523005	0.015	0.019
-9.5006516988803	0.015	0.019
-13.719398983469	0.023167145171479	0.019
-5.7274011737153	0.015	0.019
-8.8619246861911	0.015	0.019
-1.729166666666	0.017572916666673	0.019
-7.6939283703689	0.015	0.019
-13.729166666667	0.023213541666667	0.019
-12.136065650136	0.015646311838147	0.019
-4.1548117154778	0.015	0.019
-3.5098279519592	0.015	0.019
-8.3807531380738	0.015	0.019
-7.8466286358449	0.015	0.019
-6.4769874476964	0.015	0.019
-5.5355648535537	0.015	0.019
-1.07979633117	0.023741934853885	0.019
-10.849372384937	0.015	0.019
-0.0035370021608565	0.033966398479472	0.019
-0.98893434986139	0.024605123676317	0.019
-11.174291866245	0.015	0.019
-6.8953974895375	0.015	0.019
-9.5424927030644	0.015	0.019
-13	0.01975	0.019
-4.5069084497097	0.015	0.019
-2.1290748138853	0.015	0.019
-2.5328211044651	0.015	0.019
-9.510460251045	0.015	0.019
-5.7349613223096	0.015	0.019
-8.8654764875242	0.015	0.019
-7.7014885189632	0.015	0.019
-1.7389343498633	0.017480123676299	0.019
-13.738934349864	0.023259938161854	0.019
-12.145833333334	0.015692708333334	0.019
-4.1646202676424	0.015	0.019
-3.5173881005534	0.015	0.019
-8.3905616902384	0.015	0.019
-7.8541887844392	0.015	0.019
-5.5453734057183	0.015	0.019
-10.859180937101	0.015	0.019
-6.5188284518805	0.015	0.019
-1.0833333333309	0.023708333333356	0.019
-0.011065650136006	0.033894876323708	0.019
-0.99646299783653	0.024533601520553	0.019
-9.5523012552291	0.015	0.019
-6.8989492908706	0.015	0.019
-11.18410041841	0.015	0.019
-13.041666666667	0.019947916666667	0.019
-4.5104602510428	0.015	0.019
-2.5403812530594	0.015	0.019
-2.1366349624796	0.015	0.019
-9.5202688032096	0.015	0.019
-5.7447698744743	0.015	0.019
-8.8730366361185	0.015	0.019
-7.7112970711278	0.015	0.019
-13.746462997839	0.023295699239736	0.019
-1.7464629978385	0.017408601520535	0.019
-12.155601016531	0.015739104828521	0.019
-4.1721804162367	0.015	0.019
-3.527196652718	0.015	0.019
-8.3981218388327	0.015	0.019
-7.8577405857723	0.015	0.019
-10.866741085696	0.015	0.019
-5.5529335543127	0.015	0.019
-6.5223802532136	0.015	0.019
-3.5370052048827	0.015	0.019
-0.020833333333294	0.033802083333334	0.019
-0.99999999999739	0.024500000000025	0.019
-9.5621098073937	0.015	0.019
-6.9065094394649	0.015	0.019
-11.193908970574	0.015	0.019
-13.045203668828	0.019964717426931	0.019
-4.5104602510428	0.015	0.019
-9.569669955988	0.015	0.019
-2.5439330543925	0.015	0.019
-9.5278289518039	0.015	0.019
-2.1464435146442	0.015	0.019
-8.8828451882832	0.015	0.019
-7.7211056232925	0.015	0.019
-5.7545784266389	0.015	0.019
-13.75	0.0233125	0.019
-1.7499999999993	0.017375000000006	0.019
-12.163129664506	0.015774865906403	0.019
-4.1757322175698	0.015	0.019
-10.870292887029	0.015	0.019
-8.0251046025087	0.015	0.019
-8.4016736401658	0.015	0.019
-5.5564853556457	0.015	0.019
-6.5299404018079	0.015	0.019
-3.8828451882815	0.015	0.019
-3.544565353477	0.015	0.019
-0.030601016530582	0.033709290342959	0.019
-6.9163179916296	0.015	0.019
-11.201469119169	0.015	0.019
-13.052732316803	0.020000478504814	0.019
-9.5732217573211	0.015	0.019
-4.5140120523759	0.015	0.019
-9.531380753137	0.015	0.019
-2.1562520668089	0.015	0.019
-8.8926537404478	0.015	0.019
-13.666666666667	0.022916666666667	0.019
-5.7621385752333	0.015	0.019
-7.7286657718868	0.015	0.019
-1.7916666666661	0.016979166666672	0.019
-12.166666666667	0.015791666666667	0.019
-10.870292887029	0.015	0.019
-8.0286564038418	0.015	0.019
-8.2761506276134	0.015	0.019
-5.2217573221728	0.015	0.019
-3.8863969896146	0.015	0.019
-6.5397489539725	0.015	0.019
-3.54811715481	0.015	0.019
-0.038129664505732	0.033637768187196	0.019
-6.9261265437943	0.015	0.019
-11.205020920502	0.015	0.019
-9.6150627615052	0.015	0.019
-13.0625	0.020046875000001	0.019
-4.5215722009702	0.015	0.019
-8.9002138890421	0.015	0.019
-2.1638122154032	0.015	0.019
-13.670203668828	0.022933467426931	0.019
-7.7322175732199	0.015	0.019
-5.7656903765663	0.015	0.019
-1.795203668827	0.016945565146144	0.019
-12.083333333333	0.015395833333333	0.019
-10.873844688362	0.015	0.019
-8.0362165524361	0.015	0.019
-5.2253091235059	0.015	0.019
-8.2797024289465	0.015	0.019
-3.8939571382088	0.015	0.019
-6.5495575061372	0.015	0.019
-3.2552301255224	0.015	0.019
-0.041666666666588	0.033604166666667	0.019
-6.9336866923886	0.015	0.019
-10.995815899581	0.015	0.019
-9.6186145628383	0.015	0.019
-13.072267683197	0.020093271495188	0.019
-8.9037656903752	0.015	0.019
-4.5313807531348	0.015	0.019
-2.1673640167363	0.015	0.019
-13.677732316803	0.022969228504813	0.019
-7.4393305439311	0.015	0.019
-5.8075313807505	0.015	0.019
-1.8027323168022	0.016874042990379	0.019
-10.881404836956	0.015	0.019
-12.086870335494	0.015412634093597	0.019
-5.2328692721002	0.015	0.019
-8.0460251046008	0.015	0.019
-3.9037656903735	0.015	0.019
-8.2872625775408	0.015	0.019
-6.5571176547315	0.015	0.019
-3.2587819268555	0.015	0.019
-0.54166666666537	0.028854166666679	0.019
-6.9372384937217	0.015	0.019
-10.999367700914	0.015	0.019
-9.6261747114326	0.015	0.019
-13.079796331173	0.02012903257307	0.019
-8.9874476987435	0.015	0.019
-4.5411893052995	0.015	0.019
-1.9166666666664	0.015791666666669	0.019
-13.6875	0.023015625	0.019
-10.891213389121	0.015	0.019
-7.4428823452642	0.015	0.019
-5.8110831820835	0.015	0.019
-1.8124999999995	0.016781250000005	0.019
-5.2426778242649	0.015	0.019
-3.9135742425381	0.015	0.019
-8.0558336567654	0.015	0.019
-12.094398983469	0.015448395171479	0.019
-8.2970711297055	0.015	0.019
-6.5606694560646	0.015	0.019
-3.2663420754498	0.015	0.019
-0.54520366882622	0.028820565146151	0.019
-9.6359832635973	0.015	0.019
-11.006927849509	0.015	0.019
-6.9790794979058	0.015	0.019
-8.9909995000765	0.015	0.019
-13.083333333333	0.020145833333333	0.019
-4.5487494538938	0.015	0.019
-1.9202036688273	0.01575806514614	0.019
-13.697267683197	0.023062021495187	0.019
-10.901021941286	0.015	0.019
-7.4504424938585	0.015	0.019
-1.8222676831968	0.01668845700963	0.019
-5.8186433306778	0.015	0.019
-5.2524863764295	0.015	0.019
-3.9211343911323	0.015	0.019
-8.0633938053598	0.015	0.019
-12.104166666667	0.015494791666666	0.019
-8.3068796818702	0.015	0.019
-6.3096234309599	0.015	0.019
-3.2761506276144	0.015	0.019
-0.55273231680136	0.028749042990387	0.019
-9.645791815762	0.015	0.019
-11.016736401673	0.015	0.019
-6.9826312992388	0.015	0.019
-8.9985596486708	0.015	0.019
-1.9277323168025	0.015686542990376	0.019
-4.5523012552269	0.015	0.019
-10.90858208988	0.015	0.019
-7.4602510460231	0.015	0.019
-13.704796331172	0.023097782573069	0.019
-1.829796331172	0.016616934853866	0.019
-5.2600465250238	0.015	0.019
-3.9246861924654	0.015	0.019
-5.8284518828425	0.015	0.019
-8.0669456066929	0.015	0.019
-8.3144398304645	0.015	0.019
-12.113934349864	0.015541188161854	0.019
-6.313175232293	0.015	0.019
-3.285959179779	0.015	0.019
-0.56249999999864	0.028656250000013	0.019
-9.6533519643563	0.015	0.019
-11.026544953838	0.015	0.019
-9.0083682008355	0.015	0.019
-6.9901914478331	0.015	0.019
-4.8870292886998	0.015	0.019
-1.9374999999998	0.015593750000002	0.019
-10.912133891213	0.015	0.019
-7.4700595981878	0.015	0.019
-1.8333333333329	0.016583333333337	0.019
-13.708333333333	0.023114583333333	0.019
-5.2635983263569	0.015	0.019
-4.0920502092016	0.015	0.019
-8.0669456066929	0.015	0.019
-5.8382604350072	0.015	0.019
-8.3179916317976	0.015	0.019
-12.121462997839	0.015576949239736	0.019
-6.3207353808873	0.015	0.019
-3.2935193283733	0.015	0.019
-0.57226768319592	0.028563457009639	0.019
-9.6569037656894	0.015	0.019
-11.034105102432	0.015	0.019
-9.0181767530002	0.015	0.019
-4.8905810900329	0.015	0.019
-6.9999999999978	0.015	0.019
-1.9472676831972	0.015500957009627	0.019
-7.4776197467821	0.015	0.019
-5.4728033472775	0.015	0.019
-13.458333333333	0.021927083333333	0.019
-4.0956020105347	0.015	0.019
-8.0704974080259	0.015	0.019
-5.8458205836015	0.015	0.019
-12.125	0.01559375	0.019
-4.103162159129	0.015	0.019
-6.3305439330519	0.015	0.019
-3.2970711297064	0.015	0.019
-0.57979633117106	0.028491934853875	0.019
-11.037656903765	0.015	0.019
-9.0257369015945	0.015	0.019
-1.9547963311724	0.015429434853863	0.019
-4.8981412386272	0.015	0.019
-7.0098085521624	0.015	0.019
-7.4811715481152	0.015	0.019
-5.4763551486106	0.015	0.019
-13.461870335494	0.021943884093598	0.019
-8.0780575566202	0.015	0.019
-5.8493723849346	0.015	0.019
-12.5	0.017375	0.019
-4.1129707112936	0.015	0.019
-6.3403524852166	0.015	0.019
-3.2970711297064	0.015	0.019
-11.121338912134	0.015	0.019
-9.0292887029276	0.015	0.019
-0.58333333333192	0.028458333333347	0.019
-1.9583333333332	0.015395833333334	0.019
-4.9079497907919	0.015	0.019
-7.0173687007568	0.015	0.019
-8.6527196652705	0.015	0.019
-5.4839152972049	0.015	0.019
-8.0878661087849	0.015	0.019
-13.46939898347	0.02197964517148	0.019
-6.1422594142234	0.015	0.019
-7.0209205020899	0.015	0.019
-4.1227792634583	0.015	0.019
-12.503537002161	0.017391800760264	0.019
-6.3479126338109	0.015	0.019
-11.124890713467	0.015	0.019
-3.3006229310395	0.015	0.019
-0.041666666666588	0.033604166666667	0.019
-1.8333333333329	0.016583333333337	0.019
-4.9177583429566	0.015	0.019
-8.6562714666036	0.015	0.019
-5.4937238493696	0.015	0.019
-8.0976746609496	0.015	0.019
-6.1458112155565	0.015	0.019
-13.479166666667	0.022026041666668	0.019
-4.1303394120526	0.015	0.019
-7.1046025104581	0.015	0.019
-12.511065650136	0.017427561838146	0.019
-11.132450862061	0.015	0.019
-6.351464435144	0.015	0.019
-3.3081830796337	0.015	0.019
-0.045203668827445	0.033570565146139	0.019
-1.8368703354938	0.016549731812809	0.019
-4.9253184915509	0.015	0.019
-5.5035324015342	0.015	0.019
-8.6638316151979	0.015	0.019
-8.1052348095439	0.015	0.019
-6.1533713641508	0.015	0.019
-13.488934349864	0.022072438161855	0.019
-4.1338912133857	0.015	0.019
-7.1081543117912	0.015	0.019
-11.142259414226	0.015	0.019
-12.520833333333	0.017473958333333	0.019
-3.3179916317984	0.015	0.019
-0.052732316802595	0.033499042990375	0.019
-1.844398983469	0.016478209657045	0.019
-4.928870292884	0.015	0.019
-5.5110925501285	0.015	0.019
-8.6736401673626	0.015	0.019
-8.108786610877	0.015	0.019
-13.496462997839	0.022108199239736	0.019
-6.1631799163155	0.015	0.019
-4.3430962343063	0.015	0.019
-11.15206796639	0.015	0.019
-7.1157144603855	0.015	0.019
-12.530601016531	0.01752035482852	0.019
-3.327800183963	0.015	0.019
-0.062499999999883	0.033406250000001	0.019
-1.8541666666663	0.01638541666667	0.019
-5.5146443514616	0.015	0.019
-4.5523012552269	0.015	0.019
-8.6834487195272	0.015	0.019
-6.1729884684801	0.015	0.019
-13.5	0.022125	0.019
-4.3466480356394	0.015	0.019
-11.159628114985	0.015	0.019
-7.1255230125502	0.015	0.019
-12.538129664506	0.017556115906402	0.019
-3.3353603325573	0.015	0.019
-0.072267683197168	0.033313457009627	0.019
-1.8639343498636	0.016292623676296	0.019
-5.5983263598299	0.015	0.019
-4.55585305656	0.015	0.019
-8.6910088681216	0.015	0.019
-6.1805486170744	0.015	0.019
-13.833333333333	0.023708333333333	0.019
-4.3542081842337	0.015	0.019
-11.163179916318	0.015	0.019
-12.541666666667	0.017572916666667	0.019
-7.1353315647149	0.015	0.019
-3.3389121338904	0.015	0.019
-0.079796331172315	0.033241934853863	0.019
-5.601878161163	0.015	0.019
-1.8714629978388	0.016221101520531	0.019
-4.5634132051543	0.015	0.019
-8.6945606694546	0.015	0.019
-6.1841004184075	0.015	0.019
-13.836870335494	0.023725134093597	0.019
-4.3640167363983	0.015	0.019
-7.1428917133092	0.015	0.019
-12.541666666667	0.017572916666667	0.019
-3.6736401673618	0.015	0.019
-5.6094383097573	0.015	0.019
-0.08333333333317	0.033208333333335	0.019
-4.573221757319	0.015	0.019
-1.8749999999997	0.016187500000003	0.019
-4.373825288563	0.015	0.019
-13.844398983469	0.023760895171479	0.019
-7.1464435146423	0.015	0.019
-12.545203668828	0.017589717426931	0.019
-5.6192468619219	0.015	0.019
-3.6771919686949	0.015	0.019
-0.45833333333228	0.029645833333343	0.019
-4.5830303094836	0.015	0.019
-7.062761506274	0.015	0.019
-4.3813854371573	0.015	0.019
-13.854166666667	0.023807291666666	0.019
-5.6290554140866	0.015	0.019
-12.552732316803	0.017625478504813	0.019
-4.3849372384904	0.015	0.019
-0.46187033549313	0.029612231812815	0.019
-7.0663133076071	0.015	0.019
-4.5905904580779	0.015	0.019
-3.6847521172892	0.015	0.019
-5.6366155626809	0.015	0.019
-13.863934349864	0.023853688161854	0.019
-12.5625	0.017671875	0.019
-4.3849372384904	0.015	0.019
-0.46939898346827	0.029540709657051	0.019
-4.594142259411	0.015	0.019
-7.0738734562014	0.015	0.019
-3.6945606694538	0.015	0.019
-5.640167364014	0.015	0.019
-13.871462997839	0.023889449239736	0.019
-12.572267683197	0.017718271495187	0.019
-4.3884890398235	0.015	0.019
-0.47916666666555	0.029447916666677	0.019
-7.0836820083661	0.015	0.019
-3.7043692216184	0.015	0.019
-12.579796331172	0.017754032573069	0.019
-13.875	0.02390625	0.019
-4.3960491884178	0.015	0.019
-0.48893434986283	0.029355123676303	0.019
-7.0934905605307	0.015	0.019
-12.583333333333	0.017770833333333	0.019
-3.7119293702127	0.015	0.019
-4.4058577405825	0.015	0.019
-0.49646299783797	0.029283601520539	0.019
-13.625	0.02271875	0.019
-7.1010507091251	0.015	0.019
-12.375	0.01678125	0.019
-3.7154811715458	0.015	0.019
-0.49999999999882	0.029250000000011	0.019
-4.4156662927472	0.015	0.019
-13.628537002161	0.022735550760264	0.019
-12.378537002161	0.016798050760264	0.019
-7.1046025104581	0.015	0.019
-3.54811715481	0.015	0.019
-4.4232264413415	0.015	0.019
-0.12499999999975	0.032812500000002	0.019
-13.636065650136	0.022771311838146	0.019
-12.386065650136	0.016833811838146	0.019
-3.5516689561431	0.015	0.019
-4.4267782426745	0.015	0.019
-0.1285370021606	0.032778898479474	0.019
-13.645833333333	0.022817708333333	0.019
-12.395833333333	0.016880208333333	0.019
-4.0083682008334	0.015	0.019
-3.5592291047374	0.015	0.019
-0.13606565013576	0.03270737632371	0.019
-13.655601016531	0.02286410482852	0.019
-12.405601016531	0.016926604828521	0.019
-4.0119200021665	0.015	0.019
-3.569037656902	0.015	0.019
-0.14583333333305	0.032614583333336	0.019
-13.663129664506	0.022899865906402	0.019
-12.413129664506	0.016962365906403	0.019
-4.0194801507608	0.015	0.019
-0.15560101653034	0.032521790342962	0.019
-3.5788462090666	0.015	0.019
-12.416666666667	0.016979166666667	0.019
-13.666666666667	0.022916666666667	0.019
-4.0292887029254	0.015	0.019
-0.16312966450549	0.032450268187198	0.019
-3.5864063576609	0.015	0.019
-12.416666666667	0.016979166666667	0.019
-4.0390972550901	0.015	0.019
-0.16666666666635	0.03241666666667	0.019
-3.589958158994	0.015	0.019
-4.0466574036844	0.015	0.019
-12.420203668828	0.016995967426931	0.019
-0.58333333333192	0.028458333333347	0.019
-3.4225941422582	0.015	0.019
-4.0502092050175	0.015	0.019
-12.427732316803	0.017031728504813	0.019
-0.58687033549277	0.028424731812819	0.019
-3.4261459435913	0.015	0.019
-0.59439898346791	0.028353209657055	0.019
-12.4375	0.017078125000001	0.019
-0.60416666666519	0.028260416666681	0.019
-12.447267683197	0.017124521495188	0.019
-0.61393434986247	0.028167623676307	0.019
-0.62146299783761	0.028096101520543	0.019
-0.62499999999846	0.028062500000015	0.019
-0.49999999999882	0.029250000000011	0.019
-0.50353700215968	0.029216398479483	0.019
-0.51106565013482	0.029144876323719	0.019
-0.5208333333321	0.029052083333345	0.019
-3.4337060921856	0.015	0.019
-0.53060101652938	0.028959290342971	0.019
-3.4435146443502	0.015	0.019
-3.4533231965148	0.015	0.019
-12.454796331173	0.017160282573069	0.019
-12.458333333333	0.017177083333333	0.019
-12.583333333333	0.017770833333333	0.019
-12.586870335494	0.017787634093598	0.019
-12.594398983469	0.01782339517148	0.019
-12.604166666667	0.017869791666667	0.019
-12.613934349864	0.017916188161854	0.019
-12.621462997839	0.017951949239736	0.019
-12.625	0.01796875	0.019
-0.53812966450452	0.028887768187207	0.019
-0.54166666666537	0.028854166666679	0.019
-3.4608833451091	0.015	0.019
-3.4644351464422	0.015	0.019
