-24.00000000000000000000	226.39520000000004529284
-24.00000000000000000000	226.39520000000004529284
-23.98302238962800103650	226.26192083635626772775
-23.98302238962800103650	226.26192072336002070188
-23.94688487934699949733	225.97817387591149440595
-23.94688487934699949733	225.97817393107808925379
-23.89999999999999857891	225.60992811083681885975
-23.89999999999999857891	225.60993248305709357737
-23.85311512065300121321	225.24157657196329296312
-23.85311512065300121321	225.24159461436431683978
-23.81697761037199967404	224.95763143078323764712
-23.81697761037199967404	224.95767141426233592938
-23.80000000000000071054	224.82448416133283330964
-23.80000000000000071054	224.82441567729640041762
-23.80000000000000071054	224.82435123548708588714
-23.80000000000000071054	224.82429162968327318595
-23.78302238962800174704	224.69116394243101808570
-23.78302238962800174704	224.69125115685292826129
-23.74688487934700020787	224.40744105593108770336
-23.74688487934700020787	224.40756351906469490132
-23.69999999999999928946	224.03940184271948510286
-23.69999999999999928946	224.03957248412154967809
-23.65311512065299837104	223.67152818934269475903
-23.65311512065299837104	223.67174706423475072370
-23.61697761037200038459	223.38822907433979025882
-23.61697761037200038459	223.38847810479580857645
-23.60000000000000142109	223.25616875219444068534
-23.60000000000000142109	223.25594491880292480346
-23.60000000000000142109	223.25546084472020424982
-23.60000000000000142109	223.25570900016143127687
-23.58302238962799890487	223.12320558521469138213
-23.58302238962799890487	223.12342446370800530531
-23.54688487934700091841	222.84025408112236732450
-23.54688487934700091841	222.84048898196536470095
-23.50000000000000000000	222.47319519907975404749
-23.50000000000000000000	222.47346087920936952287
-23.45311512065299908159	222.10635419138657198346
-23.45311512065299908159	222.10665820680068804904
-23.41697761037200109513	221.82426798823610170075
-23.41697761037200109513	221.82392776543062495875
-23.39999999999999857891	221.69278523417816018082
-23.39999999999999857891	221.69241933819108680837
-23.39999999999999857891	221.69169317042604916423
-23.39999999999999857891	221.69205524016302888413
-23.38302238962799961541	221.56033054140030458257
-23.38302238962799961541	221.56071709374739953091
-23.34688487934700162896	221.27851871756894297505
-23.34688487934700162896	221.27893893559999582976
-23.30000000000000071054	220.91294017122427817412
-23.30000000000000071054	220.91338558587708007508
-23.25311512065299979213	220.54806062485207007740
-23.25311512065299979213	220.54762866854653680093
-23.21697761037199825296	220.26672024678097727701
-23.21697761037199825296	220.26636855627359068421
-23.19999999999999928946	220.13452894954849625719
-23.19999999999999928946	220.13472455247685388713
-23.19999999999999928946	220.13481922894473541419
-23.19999999999999928946	220.13480391934490398853
-23.18302238962800032596	220.00222815031105483286
-23.18302238962800032596	220.00195931299816720639
-23.14688487934699878679	219.71964328412161648885
-23.14688487934699878679	219.71905160098719989037
-23.10000000000000142109	219.35251643533919718720
-23.10000000000000142109	219.35151831071905803583
-23.05311512065300050267	218.98298527846142746967
-23.05311512065300050267	218.98445213378673201987
-23.01697761037199896350	218.69915583781602208546
-23.01697761037199896350	218.69722368127415279560
-23.00000000000000000000	218.56244045947286736009
-23.00000000000000000000	218.56014086202040402895
-23.00000000000000000000	218.55772112021989528330
-23.00000000000000000000	218.55520384651251220021
-22.98302238962800103650	218.41958934665876768122
-22.98302238962800103650	218.41686021504773407287
-22.94688487934699949733	218.13057909742931883557
-22.94688487934699949733	218.12763252842651695573
-22.89999999999999857891	217.75634223235812214625
-22.89999999999999857891	217.75323110178811703008
-22.85311512065300121321	217.37814992890281473592
-22.85311512065300121321	217.38129143823388744750
-22.81697761037199967404	217.09039769834245703350
-22.81697761037199967404	217.08742921324207486578
-22.80000000000000071054	216.95071922403414532710
-22.80000000000000071054	216.94814609418412487685
-22.80000000000000071054	216.94584026999586967577
-22.80000000000000071054	216.94381416275726337517
-22.78302238962800174704	216.80785442362244452852
-22.78302238962800174704	216.80636710520155929771
-22.74688487934700020787	216.51927855075351203595
-22.74688487934700020787	216.51833417750981425343
-22.69999999999999928946	216.14617709379123766666
-22.69999999999999928946	216.14654838636175782085
-22.65311512065299837104	215.77481108264302633870
-22.65311512065299837104	215.77503349712569047369
-22.61697761037200038459	215.48930894725978646420
-22.61697761037200038459	215.49009555228576573427
-22.60000000000000142109	215.35666598115648184830
-22.60000000000000142109	215.35791360576050124109
-22.60000000000000142109	215.35933212323959651258
-22.60000000000000142109	215.36088764501099035442
-22.58302238962799890487	215.22822805202656581969
-22.58302238962799890487	215.22999953399784089925
-22.54688487934700091841	214.94796562540307149902
-22.54688487934700091841	214.94605159182802367468
-22.50000000000000000000	214.58125126666553228461
-22.50000000000000000000	214.57928569022024589685
-22.45311512065299908159	214.21272964173485320316
-22.45311512065299908159	214.21462899772913601737
-22.41697761037200109513	213.93102256636288416303
-22.41697761037200109513	213.93272371773090867464
-22.39999999999999857891	213.80024233421323742732
-22.39999999999999857891	213.80162885000652295275
-22.39999999999999857891	213.80282865082554621949
-22.39999999999999857891	213.80383978353501106540
-22.38302238962799961541	213.67073506035919194801
-22.38302238962799961541	213.67139218009219803207
-22.34688487934700162896	213.38682871517468697675
-22.34688487934700162896	213.38716204745003324206
-22.30000000000000071054	213.01755642159972126137
-22.30000000000000071054	213.01750805514745934488
-22.25311512065299979213	212.64760102329825031120
-22.25311512065299979213	212.64742890322685298088
-22.21697761037199825296	212.36203936847269346799
-22.21697761037199825296	212.36174840649326256425
-22.19999999999999928946	212.22746479899805649438
-22.19999999999999928946	212.22718955350484293376
-22.19999999999999928946	212.22697720654502973048
-22.19999999999999928946	212.22686245852011666102
-22.18302238962800032596	212.09287531519649405709
-22.18302238962800032596	212.09305985708004982371
-22.14688487934699878679	211.80884696164136471452
-22.14688487934699878679	211.80821059071615763969
-22.10000000000000142109	211.43971977363759151558
-22.10000000000000142109	211.44097147664572844405
-22.05311512065300050267	211.07261173012454946729
-22.05311512065300050267	211.07462751791035771021
-22.01697761037199896350	210.79201244696787398425
-22.01697761037199896350	210.79488432345749515662
-22.00000000000000000000	210.66435292421411418218
-22.00000000000000000000	210.66807494901715358537
-22.00000000000000000000	210.67218426385912266596
-22.00000000000000000000	210.67666364085835084552
-21.98302238962800103650	210.55320862352172639476
-21.98302238962800103650	210.54797812861028205589
-21.94688487934699949733	210.27492285378485803449
-21.94688487934699949733	210.28089262936197201270
-21.89999999999999857891	209.91941940571422264838
-21.89999999999999857891	209.92603963837635205891
-21.85311512065300121321	209.56572344256858286826
-21.85311512065300121321	209.57278856192939997527
-21.81697761037199967404	209.29741951152419687787
-21.81697761037199967404	209.30459974471102668758
-21.80000000000000071054	209.19261910395962900111
-21.80000000000000071054	209.17916428408474871503
-21.80000000000000071054	209.18604576682542983690
-21.80000000000000071054	209.19882023740754561913
-21.78302238962800174704	209.07790854044344541762
-21.78302238962800174704	209.07254220877879902218
-21.74688487934700020787	208.80203235129243921619
-21.74688487934700020787	208.80641764750785682736
-21.69999999999999928946	208.44640093030568550603
-21.69999999999999928946	208.44962847955716256365
-21.65311512065299837104	208.08871285164556752534
-21.65311512065299837104	208.09061415691084562241
-21.61697761037200038459	207.81181446565909709534
-21.61697761037200038459	207.81229175980135437385
-21.60000000000000142109	207.67593701506197589879
-21.60000000000000142109	207.67807934495186827917
-21.60000000000000142109	207.68055076853585205754
-21.60000000000000142109	207.67963436779407970789
-21.58302238962799890487	207.54166352640066861568
-21.58302238962799890487	207.53847945277436792821
-21.54688487934700091841	207.25460459406536983806
-21.54688487934700091841	207.25055674590416288083
-21.50000000000000000000	206.88234348588892430598
-21.50000000000000000000	206.87763821019893839548
-21.45311512065299908159	206.50861860804522507351
-21.45311512065299908159	206.50350961304667407603
-21.41697761037200109513	206.21223171926345685279
-21.41697761037200109513	206.21745163955216639806
-21.39999999999999857891	206.06048659027086955575
-21.39999999999999857891	206.06511890848747725613
-21.39999999999999857891	206.07500472674271918549
-21.39999999999999857891	206.06996814089350777977
-21.38302238962799961541	205.92374353095777905764
-21.38302238962799961541	205.91954612372032329404
-21.34688487934700162896	205.63369290913291820289
-21.34688487934700162896	205.62991210258792307286
-21.30000000000000071054	205.26040735558709116049
-21.30000000000000071054	205.25701508009464646420
-21.25311512065299979213	204.88768571254871631027
-21.25311512065299979213	204.88464964129661893821
-21.21697761037199825296	204.59673700106515070729
-21.21697761037199825296	204.59944928770480032654
-21.19999999999999928946	204.45466610429474485500
-21.19999999999999928946	204.45679732139601014751
-21.19999999999999928946	204.46147892790813216379
-21.19999999999999928946	204.45906561732502382256
-21.18302238962800032596	204.31984754907293222459
-21.18302238962800032596	204.31796607089421513592
-21.14688487934699878679	204.03343234461948441094
-21.14688487934699878679	204.03182253768545706407
-21.10000000000000142109	203.66341072184428639957
-21.10000000000000142109	203.66216272304464496301
-21.05311512065300050267	203.29411835298316191256
-21.05311512065300050267	203.29337917642953925679
-21.01697761037199896350	203.01003850276217121973
-21.01697761037199896350	203.00998076622991561635
-21.00000000000000000000	202.88108490239278580702
-21.00000000000000000000	202.87940149768280662101
-21.00000000000000000000	202.87817942217347422229
-21.00000000000000000000	202.87740660434565143078
-20.98302238962800103650	202.75038593356191540806
-20.98302238962800103650	202.75301718677050644146
-20.94688487934699949733	202.47346442154218948417
-20.94688487934699949733	202.47702179075102435490
-20.89999999999999857891	202.11451856158129203322
-20.89999999999999857891	202.11887196926190313206
-20.85311512065300121321	201.75732853650760034725
-20.85311512065300121321	201.76219572196580998025
-20.81697761037199967404	201.48514277257947924227
-20.81697761037199967404	201.49007426221180594439
-20.80000000000000071054	201.37406263648497883878
-20.80000000000000071054	201.37077467195570079639
-20.80000000000000071054	201.36243758185014485207
-20.80000000000000071054	201.36685277185841869141
-20.78302238962800174704	201.24437978580644426074
-20.78302238962800174704	201.24600968061542971554
-20.74688487934700020787	200.96528092128488651724
-20.74688487934700020787	200.96471333463696851140
-20.69999999999999928946	200.59785551500351630239
-20.69999999999999928946	200.59457182216095816329
-20.65311512065299837104	200.22463257508425726883
-20.65311512065299837104	200.21823174965768998845
-20.61697761037200038459	199.92851460439635502553
-20.61697761037200038459	199.91883595789462901848
-20.60000000000000142109	199.73272704520829279318
-20.60000000000000142109	199.74812689377742458419
-20.60000000000000142109	199.77505492864415259646
-20.60000000000000142109	199.76227635124325843208
-20.58302238962799890487	199.58305258621601296909
-20.58302238962799890487	199.56542647601744988606
-20.54688487934700091841	199.26281207204664269739
-20.54688487934700091841	199.24343315422760269939
-20.50000000000000000000	198.85385228718456573915
-20.50000000000000000000	198.83338126266775702788
-20.45311512065299908159	198.44201219641962552487
-20.45311512065299908159	198.42131588016485466142
-20.41697761037200109513	198.09442265490534396122
-20.41697761037200109513	198.11433093497856816612
-20.39999999999999857891	197.88984702296582440795
-20.39999999999999857891	197.90534380626939991998
-20.39999999999999857891	197.94030563202392158928
-20.39999999999999857891	197.92220566888897792523
-20.38302238962799961541	197.74008555672313036666
-20.38302238962799961541	197.72747346961429570911
-20.34688487934700162896	197.42703845190939659915
-20.34688487934700162896	197.41744701038498988055
-20.30000000000000071054	197.03345778446771419112
-20.30000000000000071054	197.02693320429574441732
-20.25311512065299979213	196.64201212496206494507
-20.25311512065299979213	196.64555776169498813033
-20.21697761037199825296	196.34873684154501916055
-20.21697761037199825296	196.34957014825948817816
-20.19999999999999928946	196.21267787856615427700
-20.19999999999999928946	196.21410545063216090966
-20.19999999999999928946	196.21644934914317559560
-20.19999999999999928946	196.21956374735501071882
-20.18302238962800032596	196.08696761185979084985
-20.18302238962800032596	196.09124400931722220776
-20.14688487934699878679	195.80581593915474059031
-20.14688487934699878679	195.81082510575595279079
-20.10000000000000142109	195.43981513671852212610
-20.10000000000000142109	195.44521492113165095361
-20.05311512065300050267	195.07461498212799710927
-20.05311512065300050267	195.08015342103087164105
-20.01697761037199896350	194.80147288382761416869
-20.01697761037199896350	194.79594844437846745677
-20.00000000000000000000	194.67090992219573308830
-20.00000000000000000000	194.67637038699390927832
-20.00000000000000000000	194.68180950203318957392
-20.00000000000000000000	194.68726204915412836272
-19.98302238962800103650	194.55691782029299474743
-19.98302238962800103650	194.56256789593902567503
-19.94688487934699949733	194.27936521228204469480
-19.94688487934699949733	194.28544228588449982453
-19.89999999999999857891	193.91701426471632885296
-19.89999999999999857891	193.92370587614584565017
-19.85311512065300121321	193.56358670264492616298
-19.85311512065300121321	193.55618138755892232439
-19.81697761037199967404	193.28284555196228211571
-19.81697761037199967404	193.29094089493713681804
-19.80000000000000071054	193.16390027558463771129
-19.80000000000000071054	193.17253249975718176756
-19.80000000000000071054	193.18134394992435431959
-19.80000000000000071054	193.19029003661904653200
-19.78302238962800174704	193.06421677460602381871
-19.78302238962800174704	193.07336715103105007074
-19.74688487934700020787	192.79522786606835893508
-19.74688487934700020787	192.80450424655478514069
-19.69999999999999928946	192.45071190305438335599
-19.69999999999999928946	192.44135582351466950968
-19.65311512065299837104	192.08800002455529920553
-19.65311512065299837104	192.09746216163264875831
-19.61697761037200038459	191.82048971451706620428
-19.61697761037200038459	191.83020147824939272141
-19.60000000000000142109	191.70565682541300134289
-19.60000000000000142109	191.71590720377906791327
-19.60000000000000142109	191.72658090784392470596
-19.60000000000000142109	191.73782983832504100974
-19.58302238962799890487	191.61572756441159981478
-19.58302238962799890487	191.62873482304874528381
-19.54688487934700091841	191.35786321739499271644
-19.54688487934700091841	191.37352047224283069227
-19.50000000000000000000	191.04081059186921720539
-19.50000000000000000000	191.02160566562972121574
-19.45311512065299908159	190.69363186126048503866
-19.45311512065299908159	190.71714084889492824004
-19.41697761037200109513	190.45972718818447333433
-19.41697761037200109513	190.48797468683693523417
-19.39999999999999857891	190.38592181232885991449
-19.39999999999999857891	190.41885743076630888027
-19.39999999999999857891	190.45394497481098028402
-19.39999999999999857891	190.49105794280566783527
-19.38302238962799961541	190.39855027646294161059
-19.38302238962799961541	190.43942577745588096150
-19.34688487934700162896	190.24705836536352876465
-19.34688487934700162896	190.20314169159766493067
-19.30000000000000071054	189.93214936437883011422
-19.30000000000000071054	189.97786984638582907792
-19.25311512065299979213	189.66581801057142797617
-19.25311512065299979213	189.71154933723713043037
-19.21697761037199825296	189.48193723404708066482
-19.21697761037199825296	189.52543666289861334917
-19.19999999999999928946	189.43854421027816670176
-19.19999999999999928946	189.47738840096505441579
-19.19999999999999928946	189.51304470778967470324
-19.19999999999999928946	189.54508921547667910090
-19.18302238962800032596	189.46985844327122094910
-19.18302238962800032596	189.44594670962692362082
-19.14688487934699878679	189.23386770073392426639
-19.14688487934699878679	189.21914193820464333839
-19.10000000000000142109	188.89389591710562399385
-19.10000000000000142109	188.89867358320552170881
-19.05311512065300050267	188.54889971142060289822
-19.05311512065300050267	188.54345965179646782417
-19.01697761037199896350	188.26365685205175282135
-19.01697761037199896350	188.24842774321996330400
-19.00000000000000000000	188.10201304720590087527
-19.00000000000000000000	188.07822116679349733204
-19.00000000000000000000	188.05083588985559117646
-19.00000000000000000000	188.02033779458412254826
-18.98302238962800103650	187.85968646202732657002
-18.98302238962800103650	187.82426793691067246073
-18.94688487934699949733	187.47626078714665709413
-18.94688487934699949733	187.51481576970755327238
-18.89999999999999857891	187.08233752542719230405
-18.89999999999999857891	187.04248023761326180647
-18.85311512065300121321	186.64684890184244636657
-18.85311512065300121321	186.60749626679896095993
-18.81697761037199967404	186.29376521142435763068
-18.81697761037199967404	186.25652928467184210604
-18.80000000000000071054	186.09107538027643613532
-18.80000000000000071054	186.05715467573438104409
-18.80000000000000071054	186.02515542576747975545
-18.80000000000000071054	185.99507417331790293247
-18.78302238962800174704	185.80941994130640182448
-18.78302238962800174704	185.83612180343934028315
-18.74688487934700020787	185.50531367435829110946
-18.74688487934700020787	185.48108216971249362359
-18.69999999999999928946	185.09517631013642358084
-18.69999999999999928946	185.07224326256337576524
-18.65311512065299837104	184.68623152420335031820
-18.65311512065299837104	184.66328492156020502080
-18.61697761037200038459	184.35928361945349251982
-18.61697761037200038459	184.33504146065598661153
-18.60000000000000142109	184.12305202858695452051
-18.60000000000000142109	184.09345233091696059091
-18.60000000000000142109	184.17764760956094960420
-18.60000000000000142109	184.15106641572006651586
-18.58302238962799890487	183.92926027891905960132
-18.58302238962799890487	183.89608549816338722849
-18.54688487934700091841	183.57742645582098361956
-18.54688487934700091841	183.54057569309148334469
-18.50000000000000000000	183.13282193068187098106
-18.50000000000000000000	183.09282007337358777477
-18.45311512065299908159	182.68107627097805334415
-18.45311512065299908159	182.63912811950532955052
-18.41697761037200109513	182.26807018776807467475
-18.41697761037200109513	182.31014175071837257747
-18.39999999999999857891	181.97788820643279450451
-18.39999999999999857891	182.01354751704602108475
-18.39999999999999857891	182.09156703292282486473
-18.39999999999999857891	182.05159835993097772189
-18.38302238962799961541	181.80881039799996301554
-18.38302238962799961541	181.77904500896255512998
-18.34688487934700162896	181.46211544255749004151
-18.34688487934700162896	181.43957228791751390418
-18.30000000000000071054	181.04320115685359837698
-18.30000000000000071054	181.02891273037550945446
-18.25311512065299979213	180.64059506193297011123
-18.25311512065299979213	180.63509785974892452032
-18.21697761037199825296	180.34525331631616040795
-18.21697761037199825296	180.34212751366348470583
-18.19999999999999928946	180.25659857487218573624
-18.19999999999999928946	180.23996103569572824199
-18.19999999999999928946	180.21526494639661564179
-18.19999999999999928946	180.22601826397033164540
-18.18302238962800032596	180.13864999996008009475
-18.18302238962800032596	180.15912197059788013576
-18.14688487934699878679	179.88999598944170088544
-18.14688487934699878679	179.91203324956353526431
-18.10000000000000142109	179.55744129018054877633
-18.10000000000000142109	179.57859366985519500304
-18.05311512065300050267	179.22245574553014080266
-18.05311512065300050267	179.24023025291731414654
-18.01697761037199896350	178.96607257828421211343
-18.01697761037199896350	178.97816929217543702180
-18.00000000000000000000	178.85191959714109088964
-18.00000000000000000000	178.85589041495498463519
-18.00000000000000000000	178.85548852616841486451
-18.00000000000000000000	178.85088447696819002886
-17.98302238962800103650	178.70765288334189335728
-17.98302238962800103650	178.69469125602145709308
-17.94688487934699949733	178.38780140764558268529
-17.94688487934699949733	178.36593396206697548223
-17.89999999999999857891	177.96358439356714598034
-17.89999999999999857891	177.93344872973290193841
-17.85311512065300121321	177.52240248873158634524
-17.85311512065300121321	177.48525402513075732713
-17.81697761037199967404	177.15362280517766180310
-17.81697761037199967404	177.11133192668356173272
-17.80000000000000071054	176.79396429264127732495
-17.80000000000000071054	176.83930280014928371202
-17.80000000000000071054	176.92986556571889877887
-17.80000000000000071054	176.88479378739373260032
-17.78302238962800174704	176.61071175187416315566
-17.78302238962800174704	176.56711315893522851184
-17.74688487934700020787	176.22918898511670704465
-17.74688487934700020787	176.18922415188865215896
-17.69999999999999928946	175.76659886247603026277
-17.69999999999999928946	175.73215822716537104498
-17.65311512065299837104	175.31484736125793233441
-17.65311512065299837104	175.28775984574986068765
-17.61697761037200038459	174.96651093471820104241
-17.61697761037200038459	174.94841221337796355328
-17.60000000000000142109	174.78790657806064245960
-17.60000000000000142109	174.78467602414443149428
-17.60000000000000142109	174.79487643787905426507
-17.60000000000000142109	174.78704486050924060692
-17.58302238962799890487	174.65634302961836965551
-17.58302238962799890487	174.67111727090650674654
-17.54688487934700091841	174.39300928772863130689
-17.54688487934700091841	174.41973996803338309292
-17.50000000000000000000	174.06552436414827411681
-17.50000000000000000000	174.10447722542750170760
-17.45311512065299908159	173.76348480338066337936
-17.45311512065299908159	173.81461589217659025053
-17.41697761037200109513	173.63790957298272132903
-17.41697761037200109513	173.57512290084997630402
-17.39999999999999857891	173.80114758091303883702
-17.39999999999999857891	173.71876784738316246148
-17.39999999999999857891	173.56740706832164278239
-17.39999999999999857891	173.64074470597563504271
-17.38302238962799961541	173.75065156969245094842
-17.38302238962799961541	173.84109544049201190319
-17.34688487934700162896	173.64538971421185920008
-17.34688487934700162896	173.74284496177855885435
-17.30000000000000071054	173.46994760720590988967
-17.30000000000000071054	173.57296349996039452890
-17.25311512065299979213	173.41414524590300061391
-17.25311512065299979213	173.30752366096808714246
-17.21697761037199825296	173.34611957039876983799
-17.21697761037199825296	173.23831670572167240607
-17.19999999999999928946	173.32140142112237413130
-17.19999999999999928946	173.42769086399434286250
-17.19999999999999928946	173.53222237950828343855
-17.19999999999999928946	173.63455115359681713016
-17.18302238962800032596	173.60459020361679449707
-17.18302238962800032596	173.70183028694327731500
-17.14688487934699878679	173.52181011764875506742
-17.14688487934699878679	173.61318300866619779299
-17.10000000000000142109	173.34786446305750473584
-17.10000000000000142109	173.43270608914002650636
-17.05311512065300050267	173.24076123598987919650
-17.05311512065300050267	173.16295629327865412961
-17.01697761037199896350	173.04596979834835224210
-17.01697761037199896350	173.11648222021256060543
-17.00000000000000000000	173.05767314376970489320
-17.00000000000000000000	173.12096635032375502306
-17.00000000000000000000	173.18078996309222361560
-17.00000000000000000000	173.23738267218723763108
-16.98302238962800103650	173.16667946114282017334
-16.98302238962800103650	173.21780038269133683571
-16.94688487934899967513	173.00290179370807663872
-16.94688487934899967513	173.04967738155625056606
-16.90000000000300062197	172.75379791877710999870
-16.90000000000300062197	172.79695026704493443503
-16.85311512065700156882	172.53860642820367843342
-16.85311512065700156882	172.49891442676815245250
-16.81697761037699834219	172.31568305910161598149
-16.81697761037699834219	172.35141456270613957713
-16.80000000000600124395	172.26262682222139233090
-16.80000000000600124395	172.29321582179960614667
-16.80000000000600124395	172.32060087113575264084
-16.80000000000600124395	172.34431722791632068947
-16.78302238963399872773	172.24230726893398468746
-16.78302238963399872773	172.25710970492852425195
-16.74688487935399905382	172.00813203170105225581
-16.74688487935399905382	172.01142826855570433509
-16.70000000000899831321	171.66168577790796234694
-16.70000000000899831321	171.67289515223612283989
-16.65311512066299926005	171.30702552810055294685
-16.65311512066299926005	171.27826479050929719961
-16.61697761038299958614	170.98105716907701889795
-16.61697761038299958614	170.93214796679080791364
-16.60000000001100062264	170.75058898920272554278
-16.60000000001100062264	170.67990966543609943074
-16.60000000001100062264	170.59815471496386862782
-16.60000000001100062264	170.50530437565879537942
-16.58302238963999997168	170.27783991036687893939
-16.58302238963999997168	170.16281442707509086176
-16.54688487936000029777	169.63571623445344016545
-16.54688487936000029777	169.77203703971952108986
-16.50000000001400124461	168.98714746393341101793
-16.50000000001400124461	169.14253874610969319292
-16.45311512066799863874	168.47290277271210356957
-16.45311512066799863874	168.30226507177499684076
-16.41697761038900083008	167.85255053426013205353
-16.41697761038900083008	167.67209313560189798409
-16.40000000001699831387	167.35922352316589467591
-16.40000000001699831387	167.17561812047236458056
-16.40000000001699831387	166.99313439379110945993
-16.40000000001699831387	166.81329421835607718094
-16.38302238964499935037	166.50386810411217197725
-16.38302238964499935037	166.33294538773102999585
-16.34688487936600154171	165.88113312216918870945
-16.34688487936600154171	165.72378811854170521656
-16.30000000001999893584	165.05917181929572734589
-16.30000000001999893584	165.19859256198623143064
-16.25311512067399988268	164.55045816778823564164
-16.25311512067399988268	164.43266035617870102215
-16.21697761039400020877	164.03185258872449026057
-16.21697761039400020877	163.93825041977683554251
-16.20000000002299955781	163.71789083042531842693
-16.20000000002299955781	163.64946886615561538747
-16.20000000002299955781	163.59342811574123288665
-16.20000000002299955781	163.54925438607477872210
-16.18302238965100059431	163.37580831305984929713
-16.18302238965100059431	163.35309898429687791577
-16.14688487937100092040	163.03562733575512311290
-16.14688487937100092040	163.04049155962607642323
-16.10000000002499831453	162.64958768997067295459
-16.10000000002499831453	162.65835827331684981800
-16.05311512068000112663	162.28374980449413556016
-16.05311512068000112663	162.30151543185061768781
-16.01697761040000145272	162.02277934024979799688
-16.01697761040000145272	162.04474791214806828066
-16.00000000002799893650	161.92666710112652594944
-16.00000000002799893650	161.94830015920288701636
-16.00000000002799893650	161.96827061542336423372
-16.00000000002799893650	161.98577067515120120333
-15.98302238965599997300	161.87079195598067826722
-15.98302238965599997300	161.86007062751696139458
-15.94688487937500021019	161.57942510952960901705
-15.94688487937500021019	161.58175510450772094373
-15.90000000002699920287	161.19289536556206599016
-15.90000000002699920287	161.18625971580931377503
-15.85311512068000006082	160.78828908160522814796
-15.85311512068000006082	160.77318370653935630799
-15.81697761039900029800	160.45575704578584463889
-15.81697761039900029800	160.43371195032707987593
-15.80000000002699955814	160.21422768548950443801
-15.80000000002699955814	160.26857679921346289120
-15.80000000002699955814	160.24199209674370081302
-15.80000000002699955814	160.18602439885083299487
-15.78302238965500059464	159.99018019022622638659
-15.78302238965500059464	160.01711812046579552771
-15.74688487937400083183	159.66436942165628920520
-15.74688487937400083183	159.64153143756675490295
-15.70000000002599982452	159.23118888527079661799
-15.70000000002599982452	159.21514597479924191248
-15.65311512067900068246	158.81236050638568713111
-15.65311512067900068246	158.80550221668215726822
-15.61697761039799914329	158.50235858439899061523
-15.61697761039799914329	158.50658000629692878647
-15.60000000002500009089	158.41462731042426526074
-15.60000000002500009089	158.44404840624906682933
-15.60000000002500009089	158.37514649393821741796
-15.60000000002500009089	158.39168752299295306329
-15.58302238965299935103	158.33870896398926220172
-15.58302238965299935103	158.38130170545591113296
-15.54688487937199958822	158.13038712081907988249
-15.54688487937199958822	158.18627705883216094662
-15.50000000002500044616	157.86049926676611221410
-15.50000000002500044616	157.92960103591255460742
-15.45311512067699943884	157.61828690301473443469
-15.45311512067699943884	157.70023972249094867948
-15.41697761039599967603	157.49144795954981645991
-15.41697761039599967603	157.58554856372023778022
-15.40000000002400071253	157.87688957510189879940
-15.40000000002400071253	157.76189466641383774004
-15.40000000002400071253	157.65169522859969220008
-15.40000000002400071253	157.54652312012098036575
-15.38302238965199997267	157.85963998893939219670
-15.38302238965199997267	157.98394316504010248536
-15.34688487937100020986	157.82317127693590919080
-15.34688487937100020986	157.95622469037198243313
-15.30000000002299920254	157.72044663322964197505
-15.30000000002299920254	157.86120385119227194082
-15.25311512067600006048	157.63531121116801614335
-15.25311512067600006048	157.78199247583856390520
-15.21697761039500029767	157.64797429520069727005
-15.21697761039500029767	157.79794411984073576605
-15.20000000002299955781	158.26061605404387933049
-15.20000000002299955781	158.11469940389270050218
-15.20000000002299955781	157.81658342229141567259
-15.20000000002299955781	157.96640966149121254603
-15.18302238965000050541	158.27421815419083372944
-15.18302238965000050541	158.41330541118850305793
-15.14688487936900074260	158.27488395660711262281
-15.14688487936900074260	158.40405702924886099936
-15.10000000002199982418	158.17560834949790660175
-15.10000000002199982418	158.29144148014995607809
-15.05311512067500068213	158.05037090029358637366
-15.05311512067500068213	158.14932746930045937006
-15.01697761039300083041	158.05014810532844649060
-15.01697761039300083041	157.97131187330629131793
-15.00000000002100009056	158.12606537631862124726
-15.00000000002100009056	158.09361143363364021752
-15.00000000002100009056	158.04920951187915534319
-15.00000000002100009056	157.99295797932143159414
-14.98302238964899935070	158.02239914896065897665
-14.98302238964899935070	158.03123689852407096623
-14.94688487936799958788	157.76432245117177899374
-14.94688487936799958788	157.75053717050832347013
-14.90000000002100044583	157.38303336992868253219
-14.90000000002100044583	157.34843782585733151791
-14.85311512067299943851	156.96079385750638834907
-14.85311512067299943851	156.90809779344223784392
-14.81697761039199967570	156.58207872451635012112
-14.81697761039199967570	156.51485053294857152650
-14.80000000002000071220	156.07447152124930767059
-14.80000000002000071220	156.15807095608610666204
-14.80000000002000071220	156.23914183394370525093
-14.80000000002000071220	156.31670340177475964083
-14.78302238964799997234	155.86269195798382725116
-14.78302238964799997234	155.77641673229041430204
-14.74688487936700020953	155.41940863902939895524
-14.74688487936700020953	155.33312337844830608447
-14.70000000001899920221	154.89512258391684440539
-14.70000000001899920221	154.81081133089321610896
-14.65311512067200006015	154.37388728887623301489
-14.65311512067200006015	154.29274112470628210758
-14.61697761039100029734	153.93923105167101539337
-14.61697761039100029734	153.86154780010042486538
-14.60000000001799946858	153.43378951952965394412
-14.60000000001799946858	153.50734342958213574093
-14.60000000001799946858	153.65611508337113377820
-14.60000000001799946858	153.58127084713925114556
-14.58302238964600050508	153.22945538401805265494
-14.58302238964600050508	153.15452289634816906982
-14.54688487936500074227	152.79901884511039611425
-14.54688487936500074227	152.71973010528142822295
-14.50000000001799982385	152.27399621200964929812
-14.50000000001799982385	152.18755878759958477531
-14.45311512067000059290	151.73181965925832059838
-14.45311512067000059290	151.63605644394837668187
-14.41697761038900083008	151.14626607897346843856
-14.41697761038900083008	151.25249195351165099055
-14.40000000001700009022	150.53875999478049152458
-14.40000000001700009022	150.66385382662113556762
-14.40000000001700009022	150.90131400683566198495
-14.40000000001700009022	150.78486157765780717455
-14.38302238964499935037	150.27472572555498686597
-14.38302238964499935037	150.14306413893359604117
-14.34688487936399958755	149.71928845336358904206
-14.34688487936399958755	149.58429280742879541322
-14.30000000001600035660	149.07047123925707410308
-14.30000000001600035660	148.93673231360943987056
-14.25311512066899943818	148.29765576790904901827
-14.25311512066899943818	148.42433694908902452880
-14.21697761038799967537	147.76808184031725090790
-14.21697761038799967537	147.88109732713050448183
-14.20000000001600071187	147.52470070656818279531
-14.20000000001600071187	147.43212204156844791214
-14.20000000001600071187	147.35213929109104924464
-14.20000000001600071187	147.28608266257538161881
-14.18302238964299988311	147.09414805469654652370
-14.18302238964299988311	147.05929910429097162705
-14.14688487936200012030	146.74102306607085210999
-14.14688487936200012030	146.74120173180119763856
-14.10000000001499920188	146.37003329085766267781
-14.10000000001499920188	146.40797555873515989333
-14.05311512066699997092	146.15291521698395627027
-14.05311512066699997092	146.07600079974972118180
-14.01697761038600020811	145.95008163591955963057
-14.01697761038600020811	146.06523758927016842790
-14.00000000001399946825	146.05876139465877372459
-14.00000000001399946825	146.20928528597460172023
-14.00000000001399946825	146.37578044479585059889
-14.00000000001399946825	146.55702626794368370611
-13.98302238964200050475	146.61450541692522619996
-13.98302238964200050475	146.82178234222271839826
-13.94688487936100074194	146.75056291033905608856
-13.94688487936100074194	146.97867458064277457197
-13.90000000001299973462	146.84342467487215344590
-13.90000000001299973462	147.08641105544916172221
-13.85311512066600059256	147.21837497584138532147
-13.85311512066600059256	146.96720348876067419042
-13.81697761038500082975	147.19147282620511418827
-13.81697761038500082975	147.44364245461684959082
-13.80000000001300008989	147.56386711438329939483
-13.80000000001300008989	147.80979030156998987877
-13.80000000001300008989	148.05001782830402135005
-13.80000000001300008989	148.28324237956303477404
-13.78302238963999926114	148.38225340507707983306
-13.78302238963999926114	148.59867468208980767486
-13.74688487935899949832	148.53957651904801195997
-13.74688487935899949832	148.73577619327758725376
-13.70000000001200035626	148.75212163437021217760
-13.70000000001200035626	148.57937650906944782037
-13.65311512066499943785	148.57392892963366648473
-13.65311512066499943785	148.72014060212467256861
-13.61697761038399967504	148.59355742363749186552
-13.61697761038399967504	148.71042287510238111281
-13.60000000001100062264	148.69103751619800846129
-13.60000000001100062264	148.77619805901701965922
-13.60000000001100062264	148.84481598317802308884
-13.60000000001100062264	148.89660430427252890695
-13.58302238963899988278	148.81167316470430250774
-13.58302238963899988278	148.82911161436268798752
-13.54688487935800011996	148.55649187218139672950
-13.54688487935800011996	148.57452132068709715895
-13.50000000001099920155	148.13526295610802208103
-13.50000000001099920155	148.18997073202339720410
-13.45311512066299997059	147.73072623283709958741
-13.45311512066299997059	147.63836878924053053197
-13.41697761038200020778	147.27069047585530370270
-13.41697761038200020778	147.14036599306035668633
-13.40000000000999946792	146.87008246265634170413
-13.40000000000999946792	146.70249909037613633700
-13.40000000000999946792	146.51692727720524089818
-13.40000000000999946792	146.31377808457699529754
-13.38302238963800050442	145.96960937848240291714
-13.38302238963800050442	145.73218713935386858793
-13.34688487935700074161	144.94189909699608165283
-13.34688487935700074161	145.21185576459077992695
-13.30000000000899973429	144.30647758963033311375
-13.30000000000899973429	144.00680981909303568500
-13.25311512066200059223	143.33851372586553907240
-13.25311512066200059223	143.01340309380327653344
-13.21697761038100082942	142.39958533688914599225
-13.21697761038100082942	142.05487657150590052879
-13.20000000000800000066	141.57032343918174888131
-13.20000000000800000066	141.21323804010864932934
-13.20000000000800000066	140.85295003549722991920
-13.20000000000800000066	140.49112519409533206272
-13.18302238963599926080	139.99148439584428160742
-13.18302238963599926080	139.63046497591170691521
-13.14688487935499949799	138.61955423158249800508
-13.14688487935499949799	138.97442585145566340543
-13.10000000000800035593	137.87793240007061967844
-13.10000000000800035593	137.53490288718634815268
-13.05311512065999934862	136.80216427100538112427
-13.05311512065999934862	136.47694632711679219028
-13.01697761037899958581	135.85191492193371232133
-13.01697761037899958581	135.55044924937860173486
-13.00000000000700062230	134.34806417199504835480
-13.00000000000700062230	135.11505904771874497783
-13.00000000000700062230	134.84279987678471002255
-13.00000000000700062230	134.58689605467284877705
-12.98302238963499988245	133.77180905477729311315
-12.98302238963499988245	133.97536159147796297475
-12.94688487935400011963	133.26172625024514672987
-12.94688487935400011963	133.09489394246676852163
-12.90000000000599911232	132.52273914008708288748
-12.90000000000599911232	132.39414195441383981233
-12.85311512065899997026	131.85862598171524950885
-12.85311512065899997026	131.76983321113721103757
-12.81697761037800020745	131.32384626512032355095
-12.81697761037800020745	131.37136809711844875892
-12.80000000000599946759	131.15327130248337539342
-12.80000000000599946759	131.19129013013568396673
-12.80000000000599946759	131.14197928130309378503
-12.80000000000599946759	131.13687911488383974756
-12.78302238963300041519	131.17775417145341521064
-12.78302238963300041519	131.09586673009030732828
-12.74688487935200065237	130.95241650391960774868
-12.74688487935200065237	131.07923187558697009081
-12.70000000000499973396	130.80320896400786523373
-12.70000000000499973396	130.97591146495270209016
-12.65311512065800059190	130.74862759455939453801
-12.65311512065800059190	130.96749218634371914050
-12.61697761037700082909	130.88561486361223273889
-12.61697761037700082909	131.14961892639203711042
-12.60000000000400000033	131.91692259201653314449
-12.60000000000400000033	132.26125999379593167760
-12.60000000000400000033	131.28469684765684633021
-12.60000000000400000033	131.59104727499615705710
-12.58302238963199926047	132.47677624939694851491
-12.58302238963199926047	132.85525940344007267413
-12.54688487935099949766	132.94195371357082535724
-12.54688487935099949766	133.34970897974508829975
-12.50000000000400035560	133.37767542278513133169
-12.50000000000400035560	133.80798983298052462487
-12.45311512065599934829	133.86120511517361819642
-12.45311512065599934829	134.30530536702536892335
-12.41697761037499958547	134.90814377527993883632
-12.41697761037499958547	134.46089487643948245932
-12.40000000000300062197	136.50484131634161144575
-12.40000000000300062197	136.08640586808016337272
-12.40000000000300062197	135.21808654686574868720
-12.40000000000300062197	135.65666394883666612259
-12.38302238963099988212	136.78094754471149485653
-12.38302238963099988212	137.17098736237545608674
-12.34688487935000011930	137.27398004699398370576
-12.34688487935000011930	137.62850215679125653878
-12.30000000000199911199	137.61803587780013913289
-12.30000000000199911199	137.93080392881253715132
-12.25311512065499996993	137.88098033812141807175
-12.25311512065499996993	138.14713378775789465180
-12.21697761037400020712	138.34685680854363454273
-12.21697761037400020712	138.13016922557460475218
-12.20000000000099937836	138.84795554646217397021
-12.20000000000099937836	138.72806987231086850443
-12.20000000000099937836	138.41826743404055832798
-12.20000000000099937836	138.58521059887817727940
-12.18302238962900041486	138.82787132964753595843
-12.18302238962900041486	138.90634199933271020200
-12.14688487934800065204	138.71549172842125585703
-12.14688487934800065204	138.75953158383194363523
-12.10000000000099973363	138.46420071268332208092
-12.10000000000099973363	138.48160345579452723541
-12.05311512065300050267	138.16416539901061355522
-12.05311512065300050267	138.16313891107080280563
-12.01697761037200073986	137.90589293256007863420
-12.01697761037200073986	137.89453772833306288703
-12.00000000000000000000	137.72412973788914314355
-12.00000000000000000000	137.73551952568229239660
-12.00000000000000000000	137.74900624336962096095
-12.00000000000000000000	137.76334047410466610017
-11.98302238962799926014	137.58256723724275616405
-11.98302238962799926014	137.57811391351029328689
-11.94688487934699949733	137.29429921812263160064
-11.94688487934699949733	137.29867195342308150430
-11.90000000000000035527	136.93946467029780933444
-11.90000000000000035527	136.95244160880616846043
-11.85311512065299943686	136.60098470035367768105
-11.85311512065299943686	136.62041054958643826467
-11.81697761037199967404	136.35806552690308990350
-11.81697761037199967404	136.38019168480477105732
-11.80000000000000071054	136.31767561509133201980
-11.80000000000000071054	136.30538395937918494383
-11.80000000000000071054	136.26861761191440791663
-11.80000000000000071054	136.28856456509950589862
-11.78302238962799997068	136.19078013077572109069
-11.78302238962799997068	136.18989470512724437867
-11.74688487934700020787	135.89680588100057434531
-11.74688487934700020787	135.87768881666229958682
-11.69999999999999928946	135.47978946431854296861
-11.69999999999999928946	135.43828038171713501470
-11.65311512065300014740	135.01634474867563540101
-11.65311512065300014740	134.94948181766028483253
-11.61697761037200038459	134.58558148638508100703
-11.61697761037200038459	134.49176149065476693067
-11.59999999999999964473	133.84851997312145499563
-11.59999999999999964473	133.99571363299600079699
-11.59999999999999964473	134.25102231989498591247
-11.59999999999999964473	134.13001135826144150087
-11.58302238962800068123	133.55566741179242740145
-11.58302238962800068123	133.38430264004131231559
-11.54688487934699914206	132.91816344695163820688
-11.54688487934699914206	132.72532915035031919615
-11.50000000000000000000	132.15485769517516700944
-11.50000000000000000000	131.94360130535181951927
-11.45311512065300085794	131.35625625292237828035
-11.45311512065300085794	131.12964077139452001575
-11.41697761037199931877	130.37357750815334611616
-11.41697761037199931877	130.61274938501503584121
-11.40000000000000035527	129.23487201549659175726
-11.40000000000000035527	129.49263361005279193705
-11.40000000000000035527	129.99577153849406840891
-11.40000000000000035527	129.74639583344978177593
-11.38302238962799961541	128.84016545078259241564
-11.38302238962799961541	128.57532703453770750457
-11.34688487934699985260	128.02364208143978885346
-11.34688487934699985260	127.75265343258782024805
-11.30000000000000071054	127.11083507865284047966
-11.30000000000000071054	126.83444469409761268253
-11.25311512065299979213	125.90663747327644728102
-11.25311512065299979213	126.18760938636968660376
-11.21697761037200002932	125.05569884024406235312
-11.21697761037200002932	125.34010342923862424414
-11.19999999999999928946	124.63690372360449032385
-11.19999999999999928946	124.35076890656874581964
-11.19999999999999928946	124.06462600102354087994
-11.19999999999999928946	123.77917492488946038520
-11.18302238962700023706	123.36194297035621048053
-11.18302238962700023706	123.08036543926911576818
-11.14688487934700056314	122.51848206340144997739
-11.14688487934700056314	122.24469958901805455298
-11.09999999999999964473	121.60843768945288445593
-11.09999999999999964473	121.34694970465534424875
-11.05311512065300050267	120.72537352265887022895
-11.05311512065300050267	120.48100652567184454256
-11.01697761037200073986	119.74093745775644492824
-11.01697761037200073986	119.96335291521117483171
-11.00000000000000000000	119.39794119968505015095
-11.00000000000000000000	119.20195099267145621980
-11.00000000000000000000	119.02064043337360033092
-11.00000000000000000000	118.85483312162804736545
-10.98302238962699917124	118.57194304903684667352
-10.98302238962699917124	118.43904278363054061174
-10.94688487934699949733	118.03955412798275403929
-10.94688487934699949733	117.94101189042636690374
-10.90000000000000035527	117.49171798636214703038
-10.90000000000000035527	117.42757721362318079628
-10.85311512065199934796	116.98105310567908077246
-10.85311512065199934796	117.01216965861539165417
-10.81697761037199967404	116.68184303852804362123
-10.81697761037199967404	116.68106339690740469450
-10.79999999999900062164	116.56082263247697028419
-10.79999999999900062164	116.58660580439811838005
-10.79999999999900062164	116.62399915506838965484
-10.79999999999900062164	116.67179687915113106556
-10.78302238962699988178	116.59548371427167978709
-10.78302238962699988178	116.66034287860752272081
-10.74688487934700020787	116.44818296904598753372
-10.74688487934700020787	116.52513350342448461561
-10.69999999999899920056	116.32274780159990257289
-10.69999999999899920056	116.23832550355041348666
-10.65311512065200005850	116.04133354267509048441
-10.65311512065200005850	116.12926996273068880328
-10.61697761037200038459	115.93407893495816551876
-10.61697761037200038459	116.02246155046648823372
-10.59999999999899955583	115.97696157368791602948
-10.59999999999899955583	116.06373899178963426948
-10.59999999999899955583	116.14927074344565482988
-10.59999999999899955583	116.23342912960225703500
-10.58302238962700059233	116.18293244291650978539
-10.58302238962700059233	116.26441833899016842224
-10.54688487934600082951	116.06113461876857684274
-10.54688487934600082951	116.14069818585396376420
-10.49999999999899991110	115.93072526096915453309
-10.49999999999899991110	115.85173964617322894810
-10.45311512065200076904	115.64201167990479746095
-10.45311512065200076904	115.72212738407546339658
-10.41697761037099922987	115.51982905391253098060
-10.41697761037099922987	115.60292669941529197786
-10.39999999999900026637	115.55493279807090800659
-10.39999999999900026637	115.64282688739305626768
-10.39999999999900026637	115.73375274230963327682
-10.39999999999900026637	115.82809850286869846059
-10.38302238962699952651	115.79295397667175393508
-10.38302238962699952651	115.89519516364308060474
-10.34688487934599976370	115.82957570071442887638
-10.34688487934599976370	115.71819005143878200670
-10.29999999999900062164	115.57792324580580611837
-10.29999999999900062164	115.69958161176995758979
-10.25311512065199970323	115.45875442781370168177
-10.25311512065199970323	115.59180311596315959832
-10.21697761037099994041	115.44732344752695496481
-10.21697761037099994041	115.59298854262716815811
-10.19999999999899920056	115.61221278607602869215
-10.19999999999899920056	115.77192745142485819088
-10.19999999999899920056	115.93928464840381309386
-10.19999999999899920056	116.11473960287838735894
-10.18302238962700023706	116.35862960014904388117
-10.18302238962700023706	116.16550530947675667903
-10.14688487934600047424	116.49054872612423139344
-10.14688487934600047424	116.27768885445856028582
-10.09999999999899955583	116.34600903456002640723
-10.09999999999899955583	116.58062429792808245566
-10.05311512065200041377	116.45875519503134398747
-10.05311512065200041377	116.71684484876301723943
-10.01697761037100065096	116.70346821518320723499
-10.01697761037100065096	116.98614859089691719873
-9.99999999999909938708	117.14799676164878405871
-9.99999999999909938708	117.45546461135421623112
-9.99999999999909938708	117.77503077773110362614
-9.99999999999909938708	118.10626924521548630764
-9.98302238962699917124	118.31529567701306859817
-9.98302238962699917124	118.66784214417022269572
-9.94688487934620013675	119.11576598541412863597
-9.94688487934620013675	118.74595492205881441805
-9.89999999999909974235	119.12415540691475257518
-9.89999999999909974235	119.50559598528343485668
-9.85311512065199934796	119.52223503288952599632
-9.85311512065199934796	119.90820665763645536117
-9.81697761037120031347	120.00972207711231476424
-9.81697761037120031347	120.39193106184686143934
-9.79999999999910009763	120.63560896873634931126
-9.79999999999910009763	121.00496000442919353191
-9.79999999999900062164	121.36435304026724679716
-9.79999999999900062164	121.71143955512764023297
-9.78302238962690040580	122.22629820884849038976
-9.78302238962690040580	121.91064718112164655395
-9.74688487934609959495	122.23934648488645393627
-9.74688487934609959495	122.51518219492676564641
-9.69999999999899920056	122.40032073371286003294
-9.69999999999899920056	122.62926614827574667288
-9.65311512065190058252	122.46460343528178782435
-9.65311512065190058252	122.64131258918617106701
-9.61697761037109977167	122.50685172702648628729
-9.61697761037109977167	122.62800240903203530252
-9.59999999999899955583	122.68827128168537399233
-9.59999999999899955583	122.69695251258704615793
-9.59999999999899955583	122.58753187481600832598
-9.59999999999899955583	122.65196332520470434702
-9.58302238962679986400	122.54546709257215297839
-9.58302238962679986400	122.50130019385956359201
-9.54688487934600082951	122.14863940066253178429
-9.54688487934600082951	122.05611847966855521008
-9.49999999999890043512	121.57344528890635615426
-9.49999999999890043512	121.43820579439854157044
-9.45311512065180004072	120.91589991984452012730
-9.45311512065180004072	120.74420349284221742892
-9.41697761037099922987	120.07121043396344362009
-9.41697761037099922987	120.27300486571013493631
-9.39999999999890079039	119.01655015413841454119
-9.39999999999890079039	119.26145052498179666145
-9.39999999999890079039	119.72337469815751376245
-9.39999999999890079039	119.49744672259869560094
-9.38302238962669932221	118.63049405045842377149
-9.38302238962669932221	118.37068907594495215108
-9.34688487934590028772	117.82089856178686204657
-9.34688487934590028772	117.54901464427435087146
-9.29999999999879989332	116.90372171074130847046
-9.29999999999879989332	116.62134189076043355726
-9.25311512065169949892	115.96591713996369321649
-9.25311512065169949892	115.67352089201477838287
-9.21697761037090046443	114.78956525858639281523
-9.21697761037090046443	115.09234649508687198249
-9.19999999999880024859	113.38757918799137769383
-9.19999999999880024859	113.71389990051957852302
-9.19999999999880024859	114.34800836167356408168
-9.19999999999880024859	114.03396312434280446269
-9.18302238962660055677	112.92153253015122515990
-9.18302238962660055677	112.58216674585970906719
-9.14688487934579974592	111.95248517463345194756
-9.14688487934579974592	111.59987575267948045621
-9.09999999999869935152	110.87278250088472475454
-9.09999999999869935152	110.50755133727454904147
-9.05311512065170020946	109.76850495333982848933
-9.05311512065170020946	109.39224012731602897475
-9.01697761037089939862	108.72769527893044028133
-9.01697761037089939862	108.34298184990032609676
-8.99999999999869970679	106.65141362211896591816
-8.99999999999869970679	107.04178831954440909158
-8.99999999999869970679	107.43237280237521247273
-8.99999999999869970679	107.82203466594721419369
-8.98302238962650001497	106.12916219386582383777
-8.98302238962650001497	105.74279340455586861935
-8.94688487934569920412	105.07659618658271938330
-8.94688487934569920412	104.69914242615698185546
-8.89999999999870006206	103.95992757013713969627
-8.89999999999870006206	103.59619014695168459639
-8.85311512065159966767	102.87296557272627239854
-8.85311512065159966767	102.52736807781074901413
-8.81697761037080063318	101.90864884071037010926
-8.81697761037080063318	101.58502401201180020962
-8.79999999999859916500	100.28555591014620063106
-8.79999999999859916500	100.55669523130302422942
-8.79999999999859916500	101.14032769915004905670
-8.79999999999859916500	100.84178117237165395181
-8.78302238962650072551	99.89548756893438508087
-8.78302238962650072551	99.65334325849472918435
-8.74688487934569991467	99.14241626993151612623
-8.74688487934569991467	98.93022277725644642032
-8.69999999999859952027	98.36517211811040795055
-8.69999999999859952027	98.18341546456915125418
-8.65311512065149912587	97.64892734710171851020
-8.65311512065149912587	97.49781302439079411215
-8.61697761037070009138	97.07838903369147942612
-8.61697761037070009138	96.95802996368932724636
-8.59999999999850039956	96.49844360153332445407
-8.59999999999850039956	96.55657603371884079024
-8.59999999999850039956	96.71983600949592130291
-8.59999999999850039956	96.63041220187291457933
-8.58302238962640018372	96.32288840441218269461
-8.58302238962640018372	96.29662293340392409391
-8.54688487934559937287	96.00289734743256531146
-8.54688487934559937287	96.00926565603631956947
-8.49999999999850075483	95.66423657410865644124
-8.49999999999850075483	95.70410050882986752185
-8.45311512065140036043	95.39298791496328533412
-8.45311512065140036043	95.46715282454529472034
-8.41697761037059954958	95.38405756475478369794
-8.41697761037059954958	95.27502971360044625726
-8.39999999999839985776	95.86119390940839934956
-8.39999999999839985776	95.68269930625488939313
-8.39999999999839985776	95.37732646624502308441
-8.39999999999839985776	95.52133836062421323732
-8.38302238962629964192	95.92323649410187158537
-8.38302238962629964192	96.13494943961879357630
-8.34688487934550060743	96.07886314356861134911
-8.34688487934550060743	96.32168805303392389305
-8.29999999999840021303	96.21097581221032157828
-8.29999999999840021303	96.48196073522706228687
-8.25311512065129981863	96.69306111309418838573
-8.25311512065129981863	96.39763646236104932541
-8.21697761037050078414	97.03096863366701541054
-8.21697761037050078414	96.71543850648032503159
-8.19999999999840056830	97.22152198704023362552
-8.19999999999840056830	97.55242858263520133733
-8.19999999999840056830	97.88919824390491442045
-8.19999999999840056830	98.23062201376968971545
-8.18302238962620087648	98.44224849741144112159
-8.18302238962620087648	98.78948484831174425835
-8.14688487934540006563	98.85431620458325596701
-8.14688487934540006563	99.20309345130347367103
-8.09999999999829967123	99.18320588905207557673
-8.09999999999829967123	99.52992965961773563777
-8.05311512065119927684	99.84844636289250274785
-8.05311512065119927684	99.50650654843448705833
-8.01697761037040024235	99.90360046888007161670
-8.01697761037040024235	100.23899980696521083701
-7.99999999999830002650	100.43751224914542774513
-7.99999999999830002650	100.76561050136001540523
-7.99999999999830002650	101.09006758995172958748
-7.99999999999830002650	101.41103035772042062490
-7.98302238962610033468	101.59546540448855012073
-7.98302238962610033468	101.91022787448093822604
-7.94688487934530041201	101.93874762729574001696
-7.94688487934530041201	102.24878341986399732377
-7.89999999999820001761	102.18906243522850729732
-7.89999999999820001761	102.49609675105840267406
-7.85311512065109962322	102.73992263917686784680
-7.85311512065109962322	102.43423207895527582423
-7.81697761037029970055	102.76178035861225623648
-7.81697761037029970055	103.06739224673245303165
-7.79999999999820037289	103.23996126149701524355
-7.79999999999820037289	103.54606223129437125863
-7.79999999999820037289	103.85233013618857000893
-7.79999999999820037289	104.15853134006613345264
-7.78302238962599979288	104.33101227432757696079
-7.78302238962599979288	104.63577594197109021934
-7.74688487934519987022	104.65518064925099395168
-7.74688487934519987022	104.95571137141433837314
-7.69999999999810036400	105.17687115969687283723
-7.69999999999810036400	104.88464078256937739297
-7.65311512065099996960	105.09501204065867341342
-7.65311512065099996960	105.37368699099121727158
-7.61697761037020004693	105.35961710906912003338
-7.61697761037020004693	105.61847452826881976762
-7.59999999999809983109	105.73156060484872398320
-7.59999999999809983109	105.96359971778947794974
-7.59999999999809983109	106.17946533781696416554
-7.59999999999809983109	106.37728831491048708813
-7.58302238962590013927	106.42194125589503528317
-7.58302238962590013927	106.57814875409253829730
-7.54688487934510021660	106.53483475405337799202
-7.54688487934510021660	106.42721730182670114573
-7.49999999999799982220	106.30066477216131204386
-7.49999999999799982220	106.24775588011908666886
-7.45311512065099979196	105.95626860580544814638
-7.45311512065099979196	105.94961578615314579110
-7.41697761037019986929	105.62818585379076807840
-7.41697761037019986929	105.55874422537577572712
-7.39999999999800017747	105.32401634755771624441
-7.39999999999800017747	105.19047215721946031408
-7.39999999999800017747	105.02503755064635981853
-7.39999999999800017747	104.82818293618828420222
-7.38302238962589996163	104.46738294748811881618
-7.38302238962589996163	104.21019736445963133065
-7.34688487934510003896	103.64096743625162844182
-7.34688487934510003896	103.32857791352235210525
-7.29999999999799964456	102.26261943549518207419
-7.29999999999799964456	102.62310183798003038191
-7.25311512065090013834	101.51326624674352672173
-7.25311512065090013834	101.11350421948154121310
-7.21697761037010021568	100.41416387198009374515
-7.21697761037010021568	99.98525137026243214677
-7.19999999999789963567	99.41257588750062268446
-7.19999999999789963567	98.96548893680423475416
-7.19999999999789963567	98.51355317297591795977
-7.19999999999789963567	98.05959151078063484874
-7.18302238962580030801	97.47311137454339302622
-7.18302238962580030801	97.02335481327008892549
-7.14688487934500038534	95.86075003749812140086
-7.14688487934500038534	96.29596929641853364501
-7.09999999999789999094	95.06827133822494602100
-7.09999999999789999094	94.65669863645275938779
-7.05311512065079959655	93.89183660980333456791
-7.05311512065079959655	93.51140714908596862642
-7.01697761036999967388	92.86510526645072616247
-7.01697761036999967388	92.52142659793000234458
-6.99999999999779998205	92.06432154649967003479
-6.99999999999779998205	91.76096729784002548058
-6.99999999999779998205	91.47847461422736614622
-6.99999999999779998205	91.21697954199055402569
-6.98302238962569976621	90.62310524778138187685
-6.98302238962569976621	90.84311402570796190048
-6.94688487934489984355	90.13949751755993133884
-6.94688487934489984355	89.95894651192995183919
-6.89999999999780033733	89.42890228373795480366
-6.89999999999780033733	89.28447163862445279392
-6.85311512065069994293	88.78851416908631222213
-6.85311512065069994293	88.67596474246651894191
-6.81697761036990002026	88.29392956198033459714
-6.81697761036990002026	88.20854861094747434436
-6.79999999999770032844	87.88517954372781559869
-6.79999999999770032844	88.00167879625833222690
-6.79999999999770032844	87.93868843310998784091
-6.79999999999770032844	87.84008784399519242925
-6.78302238962560011259	87.63801839117957115377
-6.78302238962560011259	87.66915433043314465067
-6.74688487934480018993	87.32892655598220699176
-6.74688487934480018993	87.30850715882191082073
-6.69999999999769979553	86.92442797206912530328
-6.69999999999769979553	86.91222821116299712685
-6.65311512065060028931	86.53538013330941680579
-6.65311512065060028931	86.52957407400077727289
-6.61697761036980036664	86.24277517247952573598
-6.61697761036980036664	86.24204578272988896970
-6.59999999999770015080	86.11848143270640321134
-6.59999999999770015080	86.12485531677083372415
-6.59999999999770015080	86.11018909413189703628
-6.59999999999770015080	86.11350579956821604810
-6.58302238962549957080	85.99906599284470587463
-6.58302238962549957080	86.00732386444789767665
-6.54688487934469964813	85.73230581781204762137
-6.54688487934469964813	85.74092254537629287370
-6.49999999999760014191	85.38097587798425536221
-6.49999999999760014191	85.38799755298532545567
-6.45311512065049974751	85.02532444664055333305
-6.45311512065049974751	85.02840369776343720787
-6.41697761036969982484	84.74487534316182291150
-6.41697761036969982484	84.74142563180407705659
-6.39999999999759960900	84.54616054549286729980
-6.39999999999759960900	84.56998017205927453688
-6.39999999999759960900	84.58792512278525066449
-6.39999999999759960900	84.60046553387455503525
-6.38302238962539991718	84.38283383996436270991
-6.38302238962539991718	84.34631360582265813264
-6.34688487934459999451	84.01958553205534485642
-6.34688487934459999451	83.97010103375306755424
-6.29999999999749960011	83.54645438080987673857
-6.29999999999749960011	83.48523379063048821536
-6.25311512065040009389	83.05110070575625513811
-6.25311512065040009389	82.98109010271417673721
-6.21697761036960017123	82.62467912289901050826
-6.21697761036960017123	82.55061713078436014257
-6.19999999999749995538	82.14273809666472914159
-6.19999999999749995538	82.20424110192838895728
-6.19999999999749995538	82.34357193197168101051
-6.19999999999749995538	82.27188332543059345880
-6.18302238962530026356	81.95629302245109215619
-6.18302238962530026356	81.91369388310054944213
-6.14688487934450034089	81.60025700037792262265
-6.14688487934450034089	81.58555286740231338172
-6.09999999999739994649	81.22001682509079500960
-6.09999999999739994649	81.24173687387298059548
-6.05311512065039991626	80.91647471025338234085
-6.05311512065039991626	80.98191462911161409011
-6.01697761036959999359	80.90217666859889789066
-6.01697761036959999359	80.78768925063225481153
-5.99999999999740030177	81.48540827438043265829
-5.99999999999740030177	81.26764975690119285900
-5.99999999999740030177	81.07539666292277047432
-5.99999999999740030177	80.90912502114115056884
-5.98302238962519972176	81.59451516646737445626
-5.98302238962519972176	81.86021919020534198808
-5.94688487934439979909	81.86388975350696739497
-5.94688487934439979909	82.17080997984304246984
-5.89999999999739976886	82.12686465442594396791
-5.89999999999739976886	82.46541373540847530421
-5.85311512065030026264	82.44740563480969797183
-5.85311512065030026264	82.80572281437669346360
-5.81697761036950033997	82.88530640074449706844
-5.81697761036950033997	83.25005206038547100889
-5.79999999999729975997	84.52170725475005497174
-5.79999999999729975997	84.18528995419343630147
-5.79999999999729975997	83.83682406411088550158
-5.79999999999729975997	83.47953073827694936426
-5.78302238962520043231	84.70979225234914622433
-5.78302238962520043231	85.01333585674393589215
-5.74688487934439962146	85.01295444917995780543
-5.74688487934439962146	85.27390357261185727111
-5.69999999999730011524	85.14277047844666412857
-5.69999999999730011524	85.35433596446819137782
-5.65311512065019972084	85.17165986839631841576
-5.65311512065019972084	85.33038333009575637789
-5.61697761036939979817	85.17879549101782288290
-5.61697761036939979817	85.28465820966303567729
-5.59999999999720010635	85.33424364475474988012
-5.59999999999720010635	85.32161070424899662612
-5.59999999999720010635	85.23184407670420625891
-5.59999999999720010635	85.28807951265655162842
-5.58302238962509989051	85.19475365220725393556
-5.58302238962509989051	85.17191578106172755724
-5.54688487934429996784	84.85115172409928163688
-5.54688487934429996784	84.80224490964414485461
-5.49999999999719957344	84.37594219544207874151
-5.49999999999719957344	84.31073477560747164716
-5.45311512065010006722	83.87287458422949271153
-5.45311512065010006722	83.80062091458844975023
-5.41697761036930014455	83.37293521017805630891
-5.41697761036930014455	83.44426617318211469865
-5.39999999999709956455	82.99424937942231395027
-5.39999999999709956455	83.04768693561328518626
-5.39999999999709956455	83.17121396306249891950
-5.39999999999709956455	83.10689922907542381836
-5.38302238962500023689	82.81369562994385091770
-5.38302238962500023689	82.77266498347351841858
-5.34688487934420031422	82.45404722900360638960
-5.34688487934420031422	82.42477933945463064447
-5.29999999999709991982	82.03253470126792024075
-5.29999999999709991982	82.01259507698608786086
-5.25311512065000041360	81.61367950789244218868
-5.25311512065000041360	81.62795909622471413059
-5.21697761036919960276	81.30411362717116219301
-5.21697761036919960276	81.31697569693172056304
-5.19999999999710027510	81.15710686449608601833
-5.19999999999710027510	81.14152866647688711055
-5.19999999999710027510	81.12325097954391139865
-5.19999999999710027510	81.10155962720004652056
-5.18302238962489969509	80.94263906772670225109
-5.18302238962489969509	80.91267618050595444856
-5.14688487934409977242	80.59457681152727559493
-5.14688487934409977242	80.55574505536530693917
-5.09999999999700026621	80.14474212950847231696
-5.09999999999700026621	80.09811613283282838438
-5.05311512064989987181	79.62867687726696885875
-5.05311512064989987181	79.68045790008304152252
-5.01697761036909994914	79.29204543772134172741
-5.01697761036909994914	79.23900588428109870165
-4.99999999999699973330	79.05379598163750642925
-4.99999999999699973330	79.00418523718450103388
-4.99999999999699973330	78.95813998154189050638
-4.99999999999699973330	78.91686865723333710321
-4.98302238962480004147	78.74824267389044507581
-4.98302238962480004147	78.71984406880402218576
-4.94688487934400011881	78.41563523409814706611
-4.94688487934400011881	78.40370192848716612843
-4.89999999999689972441	78.03288734795846437464
-4.89999999999689972441	78.03960912096550828210
-4.85311512064980021819	77.71376863149576763590
-4.85311512064980021819	77.68791465693887232646
-4.81697761036900029552	77.46512053697236410699
-4.81697761036900029552	77.50874572196840972538
-4.79999999999690007968	77.42691464010314916777
-4.79999999999690007968	77.48518113725610589881
-4.79999999999690007968	77.54910621867846032274
-4.79999999999690007968	77.61736692420086569655
-4.78302238962470038786	77.55524377395299495674
-4.78302238962470038786	77.62773606923971669858
-4.74688487934389957701	77.41629835593863617760
-4.74688487934389957701	77.48664737246718914321
-4.69999999999680007079	77.24722078032985450591
-4.69999999999680007079	77.18545547400634632140
-4.65311512064969967639	76.93436806780260894811
-4.65311512064969967639	76.98157302934939139050
-4.61697761036889975372	76.73585695079377444472
-4.61697761036889975372	76.76344464824850888363
-4.59999999999680042606	76.64644012144221107974
-4.59999999999680042606	76.65061080345014943305
-4.59999999999680042606	76.64209720909460088478
-4.59999999999680042606	76.62049826466031277050
-4.58302238962459984606	76.45232670442621270013
-4.58302238962459984606	76.40408497766946993579
-4.54688487934379992339	75.98456188035872571618
-4.54688487934379992339	76.05895632892467972397
-4.49999999999670041717	75.43066908286368743575
-4.49999999999670041717	75.52960131710504754210
-4.45311512064970038693	74.95230176468182037297
-4.45311512064970038693	74.83125089581194799848
-4.41697761036889957609	74.41652972762734918888
-4.41697761036889957609	74.27622816988177589792
-4.39999999999669988426	73.99415152071559020897
-4.39999999999669988426	73.83757481154550816882
-4.39999999999669988426	73.67393026564072044948
-4.39999999999669988426	73.50387858338130797620
-4.38302238962459966842	73.19475859439792486683
-4.38302238962459966842	73.01366559881830653467
-4.34688487934379974575	72.54415267116017673743
-4.34688487934379974575	72.35400511545142876457
-4.29999999999670023954	71.59427525893941890445
-4.29999999999670023954	71.79190480585420175430
-4.25311512064959984514	71.02536189850663106427
-4.25311512064959984514	70.82154040940592665265
-4.21697761036879992247	70.33140033023946102730
-4.21697761036879992247	70.12259666214642095383
-4.19999999999660023065	69.77852371990682911473
-4.19999999999660023065	69.56610172903032207614
-4.19999999999660023065	69.35249246385707522222
-4.19999999999660023065	69.13819359350192428337
-4.18302238962450001480	68.79050542181896332750
-4.18302238962450001480	68.57661970980069554571
-4.14688487934370009214	67.86977471984847909425
-4.14688487934370009214	68.08032446107242208200
-4.09999999999659969774	67.29414623443067000608
-4.09999999999659969774	67.09046320507106031528
-4.05311512064950019152	66.52365519113827474484
-4.05311512064950019152	66.33083690901838735954
-4.01697761036870026885	65.86135909880988492660
-4.01697761036870026885	65.68362442430235148549
-3.99999999999660005301	65.38172393947033356199
-3.99999999999660005301	65.22318600842292823927
-3.99999999999660005301	65.07565538734438348456
-3.99999999999660005301	64.93995353171916917745
-3.98302238962449983717	64.57345189882659042269
-3.98302238962449983717	64.68351514758889209133
-3.94688487934390019873	64.19323822389819156342
-3.94688487934390019873	64.11047019633248567061
-3.89999999999700008857	63.67351494756882601678
-3.89999999999700008857	63.61834229268765028564
-3.85311512065000005833	63.20859379499054853113
-3.85311512065000005833	63.17988289232943088791
-3.81697761036939997581	62.87987388511646003053
-3.81697761036939997581	62.87513311095008106122
-3.79999999999730020406	62.78759207902002259516
-3.79999999999730020406	62.74780695490274240456
-3.79999999999730020406	62.76341747794283065787
-3.79999999999730020406	62.81917681024790311994
-3.78302238962519998822	62.76662316709888500554
-3.78302238962519998822	62.72372681207454547803
-3.74688487934459990569	62.52980950006192273349
-3.74688487934459990569	62.57959766936140511007
-3.69999999999769979553	62.26335856593792783542
-3.69999999999769979553	62.31638829006049462578
-3.65311512065080012945	62.00200374799976543727
-3.65311512065080012945	62.05586031169810468100
-3.61697761037020004693	61.82603860783756033470
-3.61697761037020004693	61.87989329883636457907
-3.59999999999809983109	61.97018895569604524098
-3.59999999999809983109	61.91171153942924831881
-3.59999999999809983109	61.80071833058457997367
-3.59999999999809983109	61.85551955180560668168
-3.58302238962600005934	61.89876688005497129552
-3.58302238962600005934	61.96524063498407031148
-3.54688487934539997681	61.75405986514529388387
-3.54688487934539997681	61.83406781927865125681
-3.49999999999849986665	61.55512358247850102089
-3.49999999999849986665	61.65489934057708865112
-3.45311512065160020057	61.39890855840727112991
-3.45311512065160020057	61.52475953161517452372
-3.41697761037100011805	61.53982914659214742414
-3.41697761037100011805	61.38218312048270064452
-3.39999999999889990221	62.22201701344705071506
-3.39999999999889990221	61.98906006191148776452
-3.39999999999889990221	61.58188737589938455130
-3.39999999999889990221	61.77582523132261371757
-3.38302238962680013046	62.34156736890010108709
-3.38302238962680013046	62.61409799762527939038
-3.34688487934610012786	62.62220648365815378611
-3.34688487934610012786	62.93247239026226225178
-3.29999999999920001770	62.89212162699494967910
-3.29999999999920001770	63.23587495279796399927
-3.25311512065219998746	63.22603521141748217360
-3.25311512065219998746	63.59680627234615002408
-3.21697761037149998486	64.08385985154463071467
-3.21697761037149998486	63.69439083985309224545
-3.19999999999940021311	65.54072145781164238088
-3.19999999999940021311	65.14353124018353469182
-3.19999999999940021311	64.34584756579765496554
-3.19999999999940021311	64.74436264239166405332
-3.18302238962729999727	65.80004239724964065772
-3.18302238962729999727	66.18546707253619842959
-3.14688487934650007460	66.27757252606640747672
-3.14688487934650007460	66.64134664041725386596
-3.09999999999940012430	66.62287790473911286426
-3.09999999999940012430	66.95621873946247148979
-3.05311512065230017399	66.90347683071098572327
-3.05311512065230017399	67.19912758700763788511
-3.01697761037149980723	67.19009529569574112884
-3.01697761037149980723	67.44259637463061096696
-2.99999999999940003548	68.08367786964086576518
-2.99999999999940003548	67.74459562859873074103
-2.99999999999940003548	67.53879972830146982687
-2.99999999999940003548	67.92629043086606088764
-2.98302238962719989956	68.08348172153276323115
-2.98302238962719989956	68.19242061027733825540
-2.94688487934639997690	67.99388986952222069249
-2.94688487934639997690	68.05571146125957682216
-2.89999999999939994666	67.72676963397918825649
-2.89999999999939994666	67.74382422616294263662
-2.85311512065229999635	67.37155721127371066359
-2.85311512065229999635	67.34684655578568879264
-2.81697761037150007368	67.01881571827456696155
-2.81697761037150007368	66.95565271128333506567
-2.79999999999929993777	66.39818639653164211722
-2.79999999999929993777	66.52837309468262105838
-2.79999999999929993777	66.74125402777711713043
-2.79999999999929993777	66.64298490953413534044
-2.78302238962720016602	66.11988830793234228622
-2.78302238962720016602	65.96072163556461021017
-2.74688487934639979926	65.50441415988130700043
-2.74688487934639979926	65.31895628163292144563
-2.69999999999929984895	64.75326721976858834751
-2.69999999999929984895	64.54404050121809177654
-2.65311512065219989864	63.95582316476871653776
-2.65311512065219989864	63.72532160427457625929
-2.61697761037139997597	63.20148129520379853830
-2.61697761037139997597	62.95233333657855467891
-2.59999999999919984006	61.74798243515586904095
-2.59999999999919984006	62.02526317721155635354
-2.59999999999919984006	62.56166224317661317400
-2.59999999999919984006	62.29678574509023292194
-2.58302238962710006831	61.33261950279975138756
-2.58302238962710006831	61.04672055499057137240
-2.54688487934640006571	60.47440081432657166260
-2.54688487934640006571	60.18411048027411425210
-2.49999999999940003548	59.52528481194553933165
-2.49999999999940003548	59.23516976106269993352
-2.45311512065240000524	58.57887834934302873080
-2.45311512065240000524	58.29367157678321120784
-2.41697761037170000264	57.45338404955247568751
-2.41697761037170000264	57.72901202646057328138
-2.39999999999959978680	56.29195214674316360970
-2.39999999999959978680	56.53595772114064033076
-2.39999999999959978680	57.05093591661461971398
-2.39999999999959978680	56.78923561279720644279
-2.38302238962750001505	55.92468935494773774053
-2.38302238962750001505	55.70133266734381294327
-2.34688487934680001246	55.20543219188721906221
-2.34688487934680001246	55.00469094945383830009
-2.29999999999979998222	54.44762036316862463536
-2.29999999999979998222	54.27037643225238383593
-2.25311512065279995198	53.58287540341524390897
-2.25311512065279995198	53.73683155409546685632
-2.21697761037200002932	53.02460987549321913548
-2.21697761037200002932	53.15649252230158339216
-2.19999999999989981347	52.76976902983027883920
-2.19999999999989981347	52.65791383310493500858
-2.19999999999989981347	52.55511018269802292480
-2.19999999999989981347	52.46064775693376702748
-2.18302238962780004172	52.24051750171396690803
-2.18302238962780004172	52.16051455982813678247
-2.14688487934700011905	51.80296041071647294984
-2.14688487934700011905	51.73449404416342645163
-2.10000000000000008882	51.30274868443689229025
-2.10000000000000008882	51.24320484223143523650
-2.05311512065290013851	50.76660766665995794256
-2.05311512065290013851	50.81927423216944106343
-2.01697761037210021584	50.43317441535652534412
-2.01697761037210021584	50.38610625535940101827
-2.00000000000000000000	50.20836097529669217465
-2.00000000000000000000	50.16649644064636248686
-2.00000000000000000000	50.12737216200113721243
-2.00000000000000000000	50.09122869804329525323
-1.98302238962780008613	49.71836204465613917591
-1.98302238962780008613	49.68955313428614317672
-1.94688487934690002135	48.94215862135958872159
-1.94688487934690002135	48.92278853050360964971
-1.89999999999969992892	47.97178648211615126229
-1.89999999999969992892	47.96400805539518330534
-1.85311512065250005854	47.03182809529535290949
-1.85311512065250005854	47.02599784724044695849
-1.81697761037169991383	46.32289745500781918963
-1.81697761037169991383	46.34421116540129048644
-1.79999999999949999996	46.03426561083606571856
-1.79999999999949999996	46.07290678989864574078
-1.79999999999949999996	46.12091205407055127807
-1.79999999999949999996	46.17855872398390459921
-1.78302238962730008609	45.90414384303878847504
-1.78302238962730008609	45.98073542454329754037
-1.74688487934640002130	45.33603371216399580135
-1.74688487934640002130	45.42987552386631477930
-1.69999999999919992888	44.68736070043979680122
-1.69999999999919992888	44.57902305324797964659
-1.65311512065200005850	43.84355107987698829675
-1.65311512065200005850	43.96321261429647364594
-1.61697761037109999371	43.34370718768610686311
-1.61697761037109999371	43.47166230148724963556
-1.59999999999890007985	43.25083937726136440460
-1.59999999999890007985	43.38442110022572961725
-1.59999999999890007985	43.51986436119955925506
-1.59999999999890007985	43.65601474758037170432
-1.58302238962680008605	43.43312062822712960042
-1.58302238962680008605	43.56568447148814726688
-1.54688487934590002126	43.04901269093449656111
-1.54688487934590002126	42.92619037640555035296
-1.49999999999869992884	42.26989952160000996173
-1.49999999999869992884	42.16155033403164509309
-1.45311512065150005846	41.35961943333668244804
-1.45311512065150005846	41.45057985139100509286
-1.41697761037059999367	40.74922493763299513603
-1.41697761037059999367	40.82153646169705751845
-1.39999999999840007980	40.51488209269007256808
-1.39999999999840007980	40.56841558845130890631
-1.39999999999840007980	40.61270199589415597075
-1.39999999999840007980	40.64775151187777879613
-1.38302238962619994389	40.30175690528595566775
-1.38302238962619994389	40.31879046254694287654
-1.34688487934540002122	39.53655783392981248880
-1.34688487934540002122	39.53522939983718487156
-1.29999999999819992880	38.50334131055887354478
-1.29999999999819992880	38.49281114571466133611
-1.25311512065100005842	37.45071663456629096345
-1.25311512065100005842	37.43291404910947761664
-1.21697761037009999363	36.62237669754562574553
-1.21697761037009999363	36.60195905573480246176
-1.19999999999790007976	36.21089380945413438440
-1.19999999999790007976	36.19230518245792183052
-1.19999999999790007976	36.17625603635799791391
-1.19999999999790007976	36.16389756546211486921
-1.18302238962569994385	35.78455768245181900511
-1.18302238962569994385	35.78627253100464145064
-1.14688487934480010111	35.00172630158152031754
-1.14688487934480010111	35.01378648468771359603
-1.09999999999760000868	34.01038315987954518960
-1.09999999999760000868	34.03764878367670831949
-1.05311512065050005837	33.04729871769342253174
-1.05311512065050005837	33.08977677724416821547
-1.01697761036959999359	32.34649744909082613731
-1.01697761036959999359	32.40343264566656245051
-0.99999999999738997669	32.24032924014794332379
-0.99999999999738997669	32.32300061105313204735
-0.99999999999738997669	32.16338223985120237103
-0.99999999999738997669	32.09288554649694447107
-0.98302238962528998290	32.03006513522432641139
-0.98302238962528998290	32.11995810123627848043
-0.94688487934460996431	31.39606988032305423530
-0.94688487934460996431	31.48695691913334115952
-0.89999999999766999714	30.50987304749063966369
-0.89999999999766999714	30.59605975268734923134
-0.85311512065073002997	29.60314291210691450829
-0.85311512065073002997	29.68044278077020692308
-0.81697761037005001139	28.98319800536436474658
-0.81697761037005001139	28.91724039763521503232
-0.79999999999795001759	28.74817514383594740934
-0.79999999999795001759	28.78774061770726433451
-0.79999999999795001759	28.64806268176307568751
-0.79999999999795001759	28.70143545914631388882
-0.78302238962586001580	28.42031884717842515897
-0.78302238962586001580	28.44388968037888432150
-0.74688487934517999722	27.60764744504654899515
-0.74688487934517999722	27.61507288577442409405
-0.69999999999824003005	26.50928689783770053623
-0.69999999999824003005	26.50249028358054914634
-0.65311512065131005489	25.38479935314682833791
-0.65311512065131005489	25.36675233416653441054
-0.61697761037063003631	24.46810161771342606585
-0.61697761037063003631	24.49451855591019011626
-0.59999999999853004251	24.04048871842031687152
-0.59999999999853004251	24.00775446106648303157
-0.59999999999853004251	23.97234548027135758730
-0.59999999999853004251	23.93483575793957029987
-0.58302238962644004072	23.50259187901632884632
-0.58302238962644004072	23.46367355189093117929
-0.54688487934576002214	22.59218496221046379446
-0.54688487934576002214	22.55515661688101403115
-0.49999999999881999946	21.44520066040908545801
-0.49999999999881999946	21.41212521773155330607
-0.45311512065189002429	20.31267862253095657366
-0.45311512065189002429	20.28409137625052949261
-0.41697761037121000571	19.41344265090945953034
-0.41697761037121000571	19.43831829017672419013
-0.39999999999912000392	19.00690414737326960903
-0.39999999999912000392	18.98411556494382779192
-0.39999999999912000392	18.96162601106881950841
-0.39999999999912000392	18.93922113385099947891
-0.38302238962702001013	18.53819573970005052388
-0.38302238962702001013	18.51617379074007629924
-0.34688487934632000753	17.69212367543077135679
-0.34688487934632000753	17.67069292703626359753
-0.29999999999936999284	16.61443146422645966709
-0.29999999999936999284	16.59378655910091637793
-0.25311512065241997815	15.52497891475333702260
-0.25311512065241997815	15.54475393265486005134
-0.21697761037172999532	14.69880318749451397764
-0.21697761037172999532	14.71808082901344860716
-0.19999999999963000152	14.31226575596164529713
-0.19999999999963000152	14.29230571001335192705
-0.19999999999963000152	14.27131749781052860726
-0.19999999999963000152	14.24939363313895768215
-0.18302238962751998796	13.86786916610107489589
-0.18302238962751998796	13.84647731689832284019
-0.14688487934680000135	13.06949727452032661290
-0.14688487934680000135	13.05183269078193397661
-0.09999999999981500076	12.06568921769012625589
-0.09999999999981500076	12.05382110360141645344
-0.05311512065283000017	11.08473925904037216128
-0.05311512065283000017	11.07882060131955981319
-0.01697761037211200155	10.34303952206008503367
-0.01697761037211200155	10.34137128955152995502
0.00000000000000003891	10.00000000000000000000
0.00000000000000003891	10.00000000000000000000
