-24.00000000000000000000	-160.65571843136851271083
-24.00000000000000000000	-160.65571843136851271083
-23.98302238962800103650	-160.59539507699906835114
-23.98302238962800103650	-160.59539507699906835114
-23.94688487934699949733	-160.46699444870424144938
-23.94688487934699949733	-160.46699444870424144938
-23.89999999999999857891	-160.30040721237079992534
-23.89999999999999857891	-160.30040721237079992534
-23.85311512065300121321	-160.13381997603735840130
-23.85311512065300121321	-160.13381997603735840130
-23.81697761037199967404	-160.00541934774250307782
-23.81697761037199967404	-160.00541934774250307782
-23.80000000000000071054	-159.94509599337308713984
-23.80000000000000071054	-159.94509599337308713984
-23.80000000000000071054	-159.94509599337308713984
-23.80000000000000071054	-159.94509599337308713984
-23.78302238962800174704	-159.88477263900364278015
-23.78302238962800174704	-159.88477263900364278015
-23.74688487934700020787	-159.75637201070878745668
-23.74688487934700020787	-159.75637201070878745668
-23.69999999999999928946	-159.58978477437534593264
-23.69999999999999928946	-159.58978477437534593264
-23.65311512065299837104	-159.42319753804193283031
-23.65311512065299837104	-159.42319753804193283031
-23.61697761037200038459	-159.29479690974707750684
-23.61697761037200038459	-159.29479690974707750684
-23.60000000000000142109	-159.23447355537766156885
-23.60000000000000142109	-159.23447355537766156885
-23.60000000000000142109	-159.23447355537766156885
-23.60000000000000142109	-159.23447355537766156885
-23.58302238962799890487	-159.17415020100821720916
-23.58302238962799890487	-159.17415020100821720916
-23.54688487934700091841	-159.04574957271336188569
-23.54688487934700091841	-159.04574957271336188569
-23.50000000000000000000	-158.87916233637992036165
-23.50000000000000000000	-158.87916233637992036165
-23.45311512065299908159	-158.71257510004647883761
-23.45311512065299908159	-158.71257510004647883761
-23.41697761037200109513	-158.58417447175165193585
-23.41697761037200109513	-158.58417447175165193585
-23.39999999999999857891	-158.52385111738220757616
-23.39999999999999857891	-158.52385111738220757616
-23.39999999999999857891	-158.52385111738220757616
-23.39999999999999857891	-158.52385111738220757616
-23.38302238962799961541	-158.46352776301276321647
-23.38302238962799961541	-158.46352776301276321647
-23.34688487934700162896	-158.33512713471793631470
-23.34688487934700162896	-158.33512713471793631470
-23.30000000000000071054	-158.16853989838449479066
-23.30000000000000071054	-158.16853989838449479066
-23.25311512065299979213	-158.00195266205105326662
-23.25311512065299979213	-158.00195266205105326662
-23.21697761037199825296	-157.87355203375619794315
-23.21697761037199825296	-157.87355203375619794315
-23.19999999999999928946	-157.81322867938678200517
-23.19999999999999928946	-157.81322867938678200517
-23.19999999999999928946	-157.81322867938678200517
-23.19999999999999928946	-157.81322867938678200517
-23.18302238962800032596	-157.75290532501733764548
-23.18302238962800032596	-157.75290532501733764548
-23.14688487934699878679	-157.62450469672248232200
-23.14688487934699878679	-157.62450469672248232200
-23.10000000000000142109	-157.45791746038906921967
-23.10000000000000142109	-157.45791746038906921967
-23.05311512065300050267	-157.29133022405562769563
-23.05311512065300050267	-157.29133022405562769563
-23.01697761037199896350	-157.16292959576077237216
-23.01697761037199896350	-157.16292959576077237216
-23.00000000000000000000	-157.10260624139135643418
-23.00000000000000000000	-157.10260624139135643418
-23.00000000000000000000	-157.10260624139135643418
-23.00000000000000000000	-157.10260624139135643418
-22.98302238962800103650	-157.04228288702191207449
-22.98302238962800103650	-157.04228288702191207449
-22.94688487934699949733	-156.91388225872705675101
-22.94688487934699949733	-156.91388225872705675101
-22.89999999999999857891	-156.74729502239361522697
-22.89999999999999857891	-156.74729502239361522697
-22.85311512065300121321	-156.58070778606020212465
-22.85311512065300121321	-156.58070778606020212465
-22.81697761037199967404	-156.45230715776534680117
-22.81697761037199967404	-156.45230715776534680117
-22.80000000000000071054	-156.39198380339590244148
-22.80000000000000071054	-156.39198380339590244148
-22.80000000000000071054	-156.39198380339590244148
-22.80000000000000071054	-156.39198380339590244148
-22.78302238962800174704	-156.33166044902648650350
-22.78302238962800174704	-156.33166044902648650350
-22.74688487934700020787	-156.20325982073163118002
-22.74688487934700020787	-156.20325982073163118002
-22.69999999999999928946	-156.03667258439818965599
-22.69999999999999928946	-156.03667258439818965599
-22.65311512065299837104	-155.86093022518011252942
-22.65311512065299837104	-155.86093022518011252942
-22.61697761037200038459	-155.72547309269938864418
-22.61697761037200038459	-155.72547309269938864418
-22.60000000000000142109	-155.66183455203943708511
-22.60000000000000142109	-155.66183455203943708511
-22.60000000000000142109	-155.66183455203943708511
-22.60000000000000142109	-155.66183455203943708511
-22.58302238962799890487	-155.59819601137951394776
-22.58302238962799890487	-155.59819601137951394776
-22.54688487934700091841	-155.46273887889876164081
-22.54688487934700091841	-155.46273887889876164081
-22.50000000000000000000	-155.28699651968068451424
-22.50000000000000000000	-155.28699651968068451424
-22.45311512065299908159	-155.11125416046263580938
-22.45311512065299908159	-155.11125416046263580938
-22.41697761037200109513	-154.97579702798188350243
-22.41697761037200109513	-154.97579702798188350243
-22.39999999999999857891	-154.91215848732196036508
-22.39999999999999857891	-154.91215848732196036508
-22.39999999999999857891	-154.91215848732196036508
-22.39999999999999857891	-154.91215848732196036508
-22.38302238962799961541	-154.84851994666200880602
-22.38302238962799961541	-154.84851994666200880602
-22.34688487934700162896	-154.71306281418128492078
-22.34688487934700162896	-154.71306281418128492078
-22.30000000000000071054	-154.53732045496320779421
-22.30000000000000071054	-154.53732045496320779421
-22.25311512065299979213	-154.36157809574513066764
-22.25311512065299979213	-154.36157809574513066764
-22.21697761037199825296	-154.22612096326437836069
-22.21697761037199825296	-154.22612096326437836069
-22.19999999999999928946	-154.16248242260445522334
-22.19999999999999928946	-154.16248242260445522334
-22.19999999999999928946	-154.16248242260445522334
-22.19999999999999928946	-154.16248242260445522334
-22.18302238962800032596	-154.09884388194453208598
-22.18302238962800032596	-154.09884388194453208598
-22.14688487934699878679	-153.96338674946377977903
-22.14688487934699878679	-153.96338674946377977903
-22.10000000000000142109	-153.78764439024570265246
-22.10000000000000142109	-153.78764439024570265246
-22.05311512065300050267	-153.61190203102765394760
-22.05311512065300050267	-153.61190203102765394760
-22.01697761037199896350	-153.47644489854690164066
-22.01697761037199896350	-153.47644489854690164066
-22.00000000000000000000	-153.41280635788695008159
-22.00000000000000000000	-153.41280635788695008159
-22.00000000000000000000	-153.41280635788695008159
-22.00000000000000000000	-153.41280635788695008159
-21.98302238962800103650	-153.34916781722702694424
-21.98302238962800103650	-153.34916781722702694424
-21.94688487934699949733	-153.21371068474627463729
-21.94688487934699949733	-153.21371068474627463729
-21.89999999999999857891	-153.03796832552819751072
-21.89999999999999857891	-153.03796832552819751072
-21.85311512065300121321	-152.86222596631014880586
-21.85311512065300121321	-152.86222596631014880586
-21.81697761037199967404	-152.72676883382939649891
-21.81697761037199967404	-152.72676883382939649891
-21.80000000000000071054	-152.66313029316947336156
-21.80000000000000071054	-152.66313029316947336156
-21.80000000000000071054	-152.66313029316947336156
-21.80000000000000071054	-152.66313029316947336156
-21.78302238962800174704	-152.59949175250955022420
-21.78302238962800174704	-152.59949175250955022420
-21.74688487934700020787	-152.46403462002879791726
-21.74688487934700020787	-152.46403462002879791726
-21.69999999999999928946	-152.28829226081072079069
-21.69999999999999928946	-152.28829226081072079069
-21.65311512065299837104	-152.11254990159264366412
-21.65311512065299837104	-152.11254990159264366412
-21.61697761037200038459	-151.97709276911191977888
-21.61697761037200038459	-151.97709276911191977888
-21.60000000000000142109	-151.91345422845196821982
-21.60000000000000142109	-151.91345422845196821982
-21.60000000000000142109	-151.91345422845196821982
-21.60000000000000142109	-151.91345422845196821982
-21.58302238962799890487	-151.84981568779204508246
-21.58302238962799890487	-151.84981568779204508246
-21.54688487934700091841	-151.71435855531129277551
-21.54688487934700091841	-151.71435855531129277551
-21.50000000000000000000	-151.53861619609324407065
-21.50000000000000000000	-151.53861619609324407065
-21.45311512065299908159	-151.36287383687516694408
-21.45311512065299908159	-151.36287383687516694408
-21.41697761037200109513	-151.22741670439441463714
-21.41697761037200109513	-151.22741670439441463714
-21.39999999999999857891	-151.16377816373449149978
-21.39999999999999857891	-151.16377816373449149978
-21.39999999999999857891	-151.16377816373449149978
-21.39999999999999857891	-151.16377816373449149978
-21.38302238962799961541	-151.10013962307453994072
-21.38302238962799961541	-151.10013962307453994072
-21.34688487934700162896	-150.96468249059381605548
-21.34688487934700162896	-150.96468249059381605548
-21.30000000000000071054	-150.78894013137573892891
-21.30000000000000071054	-150.78894013137573892891
-21.25311512065299979213	-150.61319777215766180234
-21.25311512065299979213	-150.61319777215766180234
-21.21697761037199825296	-150.47774063967690949539
-21.21697761037199825296	-150.47774063967690949539
-21.19999999999999928946	-150.41410209901698635804
-21.19999999999999928946	-150.41410209901698635804
-21.19999999999999928946	-150.41410209901698635804
-21.19999999999999928946	-150.41410209901698635804
-21.18302238962800032596	-150.33856096375365041240
-21.18302238962800032596	-150.33856096375365041240
-21.14688487934699878679	-150.17776869131941452906
-21.14688487934699878679	-150.17776869131941452906
-21.10000000000000142109	-149.96915646999070759193
-21.10000000000000142109	-149.96915646999070759193
-21.05311512065300050267	-149.76054424866197223309
-21.05311512065300050267	-149.76054424866197223309
-21.01697761037199896350	-149.59975197622773634976
-21.01697761037199896350	-149.59975197622773634976
-21.00000000000000000000	-149.52421084096442882583
-21.00000000000000000000	-149.52421084096442882583
-21.00000000000000000000	-149.52421084096442882583
-21.00000000000000000000	-149.52421084096442882583
-20.98302238962800103650	-149.44866970570109288019
-20.98302238962800103650	-149.44866970570109288019
-20.94688487934699949733	-149.28787743326685699685
-20.94688487934699949733	-149.28787743326685699685
-20.89999999999999857891	-149.07926521193812163801
-20.89999999999999857891	-149.07926521193812163801
-20.85311512065300121321	-148.87065299060941470088
-20.85311512065300121321	-148.87065299060941470088
-20.81697761037199967404	-148.70986071817517881755
-20.81697761037199967404	-148.70986071817517881755
-20.80000000000000071054	-148.63431958291184287191
-20.80000000000000071054	-148.63431958291184287191
-20.80000000000000071054	-148.63431958291184287191
-20.80000000000000071054	-148.63431958291184287191
-20.78302238962800174704	-148.55877844764853534798
-20.78302238962800174704	-148.55877844764853534798
-20.74688487934700020787	-148.39798617521427104293
-20.74688487934700020787	-148.39798617521427104293
-20.69999999999999928946	-148.18937395388556410580
-20.69999999999999928946	-148.18937395388556410580
-20.65311512065299837104	-147.98076173255682874697
-20.65311512065299837104	-147.98076173255682874697
-20.61697761037200038459	-147.81996946012259286363
-20.61697761037200038459	-147.81996946012259286363
-20.60000000000000142109	-147.74442832485928533970
-20.60000000000000142109	-147.74442832485928533970
-20.60000000000000142109	-147.74442832485928533970
-20.60000000000000142109	-147.74442832485928533970
-20.58302238962799890487	-147.66888718959594939406
-20.58302238962799890487	-147.66888718959594939406
-20.54688487934700091841	-147.50809491716171351072
-20.54688487934700091841	-147.50809491716171351072
-20.50000000000000000000	-147.29948269583297815188
-20.50000000000000000000	-147.29948269583297815188
-20.45311512065299908159	-147.09087047450424279305
-20.45311512065299908159	-147.09087047450424279305
-20.41697761037200109513	-146.93007820207003533142
-20.41697761037200109513	-146.93007820207003533142
-20.39999999999999857891	-146.85453706680669938578
-20.39999999999999857891	-146.85453706680669938578
-20.39999999999999857891	-146.85453706680669938578
-20.39999999999999857891	-146.85453706680669938578
-20.38302238962799961541	-146.77899593154336344014
-20.38302238962799961541	-146.77899593154336344014
-20.34688487934700162896	-146.61820365910915597851
-20.34688487934700162896	-146.61820365910915597851
-20.30000000000000071054	-146.40959143778042061967
-20.30000000000000071054	-146.40959143778042061967
-20.25311512065299979213	-146.20097921645168526084
-20.25311512065299979213	-146.20097921645168526084
-20.21697761037199825296	-146.04018694401744937750
-20.21697761037199825296	-146.04018694401744937750
-20.19999999999999928946	-145.96464580875411343186
-20.19999999999999928946	-145.96464580875411343186
-20.19999999999999928946	-145.96464580875411343186
-20.19999999999999928946	-145.96464580875411343186
-20.18302238962800032596	-145.88910467349080590793
-20.18302238962800032596	-145.88910467349080590793
-20.14688487934699878679	-145.72831240105657002459
-20.14688487934699878679	-145.72831240105657002459
-20.10000000000000142109	-145.51970017972783466575
-20.10000000000000142109	-145.51970017972783466575
-20.05311512065300050267	-145.31108795839912772863
-20.05311512065300050267	-145.31108795839912772863
-20.01697761037199896350	-145.15029568596486342358
-20.01697761037199896350	-145.15029568596486342358
-20.00000000000000000000	-145.07475455070155589965
-20.00000000000000000000	-145.07475455070155589965
-20.00000000000000000000	-145.07475455070155589965
-20.00000000000000000000	-145.07475455070155589965
-19.98302238962800103650	-144.99921341543821995401
-19.98302238962800103650	-144.99921341543821995401
-19.94688487934699949733	-144.83842114300398407067
-19.94688487934699949733	-144.83842114300398407067
-19.89999999999999857891	-144.62980892167524871184
-19.89999999999999857891	-144.62980892167524871184
-19.85311512065300121321	-144.42119670034654177471
-19.85311512065300121321	-144.42119670034654177471
-19.81697761037199967404	-144.26040442791230589137
-19.81697761037199967404	-144.26040442791230589137
-19.80000000000000071054	-144.18486329264896994573
-19.80000000000000071054	-144.18486329264896994573
-19.80000000000000071054	-144.18486329264896994573
-19.80000000000000071054	-144.18486329264896994573
-19.78302238962800174704	-144.10932215738566242180
-19.78302238962800174704	-144.10932215738566242180
-19.74688487934700020787	-143.94852988495142653846
-19.74688487934700020787	-143.94852988495142653846
-19.69999999999999928946	-143.73991766362269117963
-19.69999999999999928946	-143.73991766362269117963
-19.65311512065299837104	-143.50110180257377123780
-19.65311512065299837104	-143.50110180257377123780
-19.61697761037200038459	-143.31702943736522115614
-19.61697761037200038459	-143.31702943736522115614
-19.60000000000000142109	-143.23055118049407496983
-19.60000000000000142109	-143.23055118049407496983
-19.60000000000000142109	-143.23055118049407496983
-19.60000000000000142109	-143.23055118049407496983
-19.58302238962799890487	-143.14407292362292878352
-19.58302238962799890487	-143.14407292362292878352
-19.54688487934700091841	-142.96000055841435028015
-19.54688487934700091841	-142.96000055841435028015
-19.50000000000000000000	-142.72118469736543033832
-19.50000000000000000000	-142.72118469736543033832
-19.45311512065299908159	-142.48236883631653881821
-19.45311512065299908159	-142.48236883631653881821
-19.41697761037200109513	-142.29829647110796031484
-19.41697761037200109513	-142.29829647110796031484
-19.39999999999999857891	-142.21181821423681412853
-19.39999999999999857891	-142.21181821423681412853
-19.39999999999999857891	-142.21181821423681412853
-19.39999999999999857891	-142.21181821423681412853
-19.38302238962799961541	-142.12533995736566794221
-19.38302238962799961541	-142.12533995736566794221
-19.34688487934700162896	-141.94126759215711786055
-19.34688487934700162896	-141.94126759215711786055
-19.30000000000000071054	-141.70245173110819791873
-19.30000000000000071054	-141.70245173110819791873
-19.25311512065299979213	-141.46363587005927797691
-19.25311512065299979213	-141.46363587005927797691
-19.21697761037199825296	-141.27956350485069947354
-19.21697761037199825296	-141.27956350485069947354
-19.19999999999999928946	-141.19308524797955328722
-19.19999999999999928946	-141.19308524797955328722
-19.19999999999999928946	-141.19308524797955328722
-19.19999999999999928946	-141.19308524797955328722
-19.18302238962800032596	-141.10660699110843552262
-19.18302238962800032596	-141.10660699110843552262
-19.14688487934699878679	-140.92253462589985701925
-19.14688487934699878679	-140.92253462589985701925
-19.10000000000000142109	-140.68371876485093707743
-19.10000000000000142109	-140.68371876485093707743
-19.05311512065300050267	-140.44490290380201713560
-19.05311512065300050267	-140.44490290380201713560
-19.01697761037199896350	-140.26083053859343863223
-19.01697761037199896350	-140.26083053859343863223
-19.00000000000000000000	-140.17435228172232086763
-19.00000000000000000000	-140.17435228172232086763
-19.00000000000000000000	-140.17435228172232086763
-19.00000000000000000000	-140.17435228172232086763
-18.98302238962800103650	-140.08787402485117468132
-18.98302238962800103650	-140.08787402485117468132
-18.94688487934699949733	-139.90380165964259617795
-18.94688487934699949733	-139.90380165964259617795
-18.89999999999999857891	-139.66498579859367623612
-18.89999999999999857891	-139.66498579859367623612
-18.85311512065300121321	-139.42616993754478471601
-18.85311512065300121321	-139.42616993754478471601
-18.81697761037199967404	-139.24209757233620621264
-18.81697761037199967404	-139.24209757233620621264
-18.80000000000000071054	-139.15561931546506002633
-18.80000000000000071054	-139.15561931546506002633
-18.80000000000000071054	-139.15561931546506002633
-18.80000000000000071054	-139.15561931546506002633
-18.78302238962800174704	-139.06914105859394226172
-18.78302238962800174704	-139.06914105859394226172
-18.74688487934700020787	-138.88506869338536375835
-18.74688487934700020787	-138.88506869338536375835
-18.69999999999999928946	-138.64625283233644381653
-18.69999999999999928946	-138.64625283233644381653
-18.65311512065299837104	-138.40743697128752387471
-18.65311512065299837104	-138.40743697128752387471
-18.61697761037200038459	-138.22336460607894537134
-18.61697761037200038459	-138.22336460607894537134
-18.60000000000000142109	-138.13688634920782760673
-18.60000000000000142109	-138.13688634920782760673
-18.60000000000000142109	-138.13688634920782760673
-18.60000000000000142109	-138.13688634920782760673
-18.58302238962799890487	-138.05040809233668142042
-18.58302238962799890487	-138.05040809233668142042
-18.54688487934700091841	-137.86633572712810291705
-18.54688487934700091841	-137.86633572712810291705
-18.50000000000000000000	-137.62751986607918297523
-18.50000000000000000000	-137.62751986607918297523
-18.45311512065299908159	-137.38870400503026303340
-18.45311512065299908159	-137.38870400503026303340
-18.41697761037200109513	-137.20463163982171295174
-18.41697761037200109513	-137.20463163982171295174
-18.39999999999999857891	-137.11815338295056676543
-18.39999999999999857891	-137.11815338295056676543
-18.39999999999999857891	-137.11815338295056676543
-18.39999999999999857891	-137.11815338295056676543
-18.38302238962799961541	-137.03167512607942057912
-18.38302238962799961541	-137.03167512607942057912
-18.34688487934700162896	-136.84760276087087049746
-18.34688487934700162896	-136.84760276087087049746
-18.30000000000000071054	-136.60878689982195055563
-18.30000000000000071054	-136.60878689982195055563
-18.25311512065299979213	-136.36997103877303061381
-18.25311512065299979213	-136.36997103877303061381
-18.21697761037199825296	-136.18589867356442368873
-18.21697761037199825296	-136.18589867356442368873
-18.19999999999999928946	-136.09942041669330592413
-18.19999999999999928946	-136.09942041669330592413
-18.19999999999999928946	-136.09942041669330592413
-18.19999999999999928946	-136.09942041669330592413
-18.18302238962800032596	-136.07138526894260621702
-18.18302238962800032596	-136.07138526894260621702
-18.14688487934699878679	-136.01171135619100027725
-18.14688487934699878679	-136.01171135619100027725
-18.10000000000000142109	-135.93429030040246630051
-18.10000000000000142109	-135.93429030040246630051
-18.05311512065300050267	-135.85686924461396074548
-18.05311512065300050267	-135.85686924461396074548
-18.01697761037199896350	-135.79719533186232638400
-18.01697761037199896350	-135.79719533186232638400
-18.00000000000000000000	-135.76916018411162667689
-18.00000000000000000000	-135.76916018411162667689
-18.00000000000000000000	-135.76916018411162667689
-18.00000000000000000000	-135.76916018411162667689
-17.98302238962800103650	-135.74112503636095539150
-17.98302238962800103650	-135.74112503636095539150
-17.94688487934699949733	-135.68145112360932103002
-17.94688487934699949733	-135.68145112360932103002
-17.89999999999999857891	-135.60403006782081547499
-17.89999999999999857891	-135.60403006782081547499
-17.85311512065300121321	-135.52660901203228149825
-17.85311512065300121321	-135.52660901203228149825
-17.81697761037199967404	-135.46693509928064713677
-17.81697761037199967404	-135.46693509928064713677
-17.80000000000000071054	-135.43889995152997585137
-17.80000000000000071054	-135.43889995152997585137
-17.80000000000000071054	-135.43889995152997585137
-17.80000000000000071054	-135.43889995152997585137
-17.78302238962800174704	-135.41086480377927614427
-17.78302238962800174704	-135.41086480377927614427
-17.74688487934700020787	-135.35119089102767020449
-17.74688487934700020787	-135.35119089102767020449
-17.69999999999999928946	-135.27376983523913622776
-17.69999999999999928946	-135.27376983523913622776
-17.65311512065299837104	-135.19634877945060225102
-17.65311512065299837104	-135.19634877945060225102
-17.61697761037200038459	-135.13667486669899631124
-17.61697761037200038459	-135.13667486669899631124
-17.60000000000000142109	-135.10863971894829660414
-17.60000000000000142109	-135.10863971894829660414
-17.60000000000000142109	-135.10863971894829660414
-17.60000000000000142109	-135.10863971894829660414
-17.58302238962799890487	-135.08060457119762531875
-17.58302238962799890487	-135.08060457119762531875
-17.54688487934700091841	-135.02093065844599095726
-17.54688487934700091841	-135.02093065844599095726
-17.50000000000000000000	-134.94350960265745698052
-17.50000000000000000000	-134.94350960265745698052
-17.45311512065299908159	-134.86608854686895142549
-17.45311512065299908159	-134.86608854686895142549
-17.41697761037200109513	-134.80641463411731706401
-17.41697761037200109513	-134.80641463411731706401
-17.39999999999999857891	-134.77837948636664577862
-17.39999999999999857891	-134.77837948636664577862
-17.39999999999999857891	-134.77837948636664577862
-17.39999999999999857891	-134.77837948636664577862
-17.38302238962799961541	-134.75034433861594607151
-17.38302238962799961541	-134.75034433861594607151
-17.34688487934700162896	-134.69067042586431171003
-17.34688487934700162896	-134.69067042586431171003
-17.30000000000000071054	-134.61324937007580615500
-17.30000000000000071054	-134.61324937007580615500
-17.25311512065299979213	-134.53582831428727217826
-17.25311512065299979213	-134.53582831428727217826
-17.21697761037199825296	-134.47615440153566623849
-17.21697761037199825296	-134.47615440153566623849
-17.19999999999999928946	-134.44811925378496653138
-17.19999999999999928946	-134.44811925378496653138
-17.19999999999999928946	-134.44811925378496653138
-17.19999999999999928946	-134.44811925378496653138
-17.18302238962800032596	-134.42008410603426682428
-17.18302238962800032596	-134.42008410603426682428
-17.14688487934699878679	-134.36041019328266088451
-17.14688487934699878679	-134.36041019328266088451
-17.10000000000000142109	-134.28298913749412690777
-17.10000000000000142109	-134.28298913749412690777
-17.05311512065300050267	-134.20556808170562135274
-17.05311512065300050267	-134.20556808170562135274
-17.01697761037199896350	-134.14589416895398699126
-17.01697761037199896350	-134.14589416895398699126
-17.00000000000000000000	-134.11785902120328728415
-17.00000000000000000000	-134.11785902120328728415
-17.00000000000000000000	-134.11785902120328728415
-17.00000000000000000000	-134.11785902120328728415
-16.98302238962800103650	-134.08982387345261599876
-16.98302238962800103650	-134.08982387345261599876
-16.94688487934899967513	-134.03014996070427855557
-16.94688487934899967513	-134.03014996070427855557
-16.90000000000300062197	-133.95272890491742145969
-16.90000000000300062197	-133.95272890491742145969
-16.85311512065700156882	-133.87530784913056436380
-16.85311512065700156882	-133.87530784913056436380
-16.81697761037699834219	-133.81563393638057846147
-16.81697761037699834219	-133.81563393638057846147
-16.80000000000600124395	-133.78759878863155563522
-16.80000000000600124395	-133.78759878863155563522
-16.80000000000600124395	-133.78759878863155563522
-16.80000000000600124395	-133.78759878863155563522
-16.78302238963399872773	-133.75956364088085592812
-16.78302238963399872773	-133.75956364088085592812
-16.74688487935399905382	-133.69988972813087002578
-16.74688487935399905382	-133.69988972813087002578
-16.70000000000899831321	-133.62246867234566138904
-16.70000000000899831321	-133.62246867234566138904
-16.65311512066299926005	-133.48673950495040685382
-16.65311512066299926005	-133.48673950495040685382
-16.61697761038299958614	-133.38212338455369376788
-16.61697761038299958614	-133.38212338455369376788
-16.60000000001100062264	-133.33297412891974431659
-16.60000000001100062264	-133.33297412891974431659
-16.60000000001100062264	-133.33297412891974431659
-16.60000000001100062264	-133.33297412891974431659
-16.58302238963999997168	-133.28382487328872230137
-16.58302238963999997168	-133.28382487328872230137
-16.54688487936000029777	-133.17920875289200921543
-16.54688487936000029777	-133.17920875289200921543
-16.50000000001400124461	-133.04347958548555652669
-16.50000000001400124461	-133.04347958548555652669
-16.45311512066799863874	-132.90775041807907541624
-16.45311512066799863874	-132.90775041807907541624
-16.41697761038900083008	-132.80313429768526134467
-16.41697761038900083008	-132.80313429768526134467
-16.40000000001699831387	-132.75398504205134031508
-16.40000000001699831387	-132.75398504205134031508
-16.40000000001699831387	-132.75398504205134031508
-16.40000000001699831387	-132.75398504205134031508
-16.38302238964499935037	-132.70483578641739086379
-16.38302238964499935037	-132.70483578641739086379
-16.34688487936600154171	-132.60021966602357679221
-16.34688487936600154171	-132.60021966602357679221
-16.30000000001999893584	-132.46449049861712410348
-16.30000000001999893584	-132.46449049861712410348
-16.25311512067399988268	-132.32876133121067141474
-16.25311512067399988268	-132.32876133121067141474
-16.21697761039400020877	-132.22414521081395832880
-16.21697761039400020877	-132.22414521081395832880
-16.20000000002299955781	-132.17499595518290789187
-16.20000000002299955781	-132.17499595518290789187
-16.20000000002299955781	-132.17499595518290789187
-16.20000000002299955781	-132.17499595518290789187
-16.18302238965100059431	-132.12584669954898686228
-16.18302238965100059431	-132.12584669954898686228
-16.14688487937100092040	-132.02123057915227377634
-16.14688487937100092040	-132.02123057915227377634
-16.10000000002499831453	-131.88550141174582108761
-16.10000000002499831453	-131.88550141174582108761
-16.05311512068000112663	-131.74977224434226741323
-16.05311512068000112663	-131.74977224434226741323
-16.01697761040000145272	-131.64515612394555432729
-16.01697761040000145272	-131.64515612394555432729
-16.00000000002799893650	-131.59600686831160487600
-16.00000000002799893650	-131.59600686831160487600
-16.00000000002799893650	-131.59600686831160487600
-16.00000000002799893650	-131.59600686831160487600
-15.98302238965599997300	-131.54685761267768384641
-15.98302238965599997300	-131.54685761267768384641
-15.94688487937500021019	-131.44224149227807174611
-15.94688487937500021019	-131.44224149227807174611
-15.90000000002699920287	-131.30651232486582102865
-15.90000000002699920287	-131.30651232486582102865
-15.85311512068000006082	-131.17078315745646932555
-15.85311512068000006082	-131.17078315745646932555
-15.81697761039900029800	-131.06616703705685722525
-15.81697761039900029800	-131.06616703705685722525
-15.80000000002699955814	-131.01701778142293619567
-15.80000000002699955814	-131.01701778142293619567
-15.80000000002699955814	-131.01701778142293619567
-15.80000000002699955814	-131.01701778142293619567
-15.78302238965500059464	-130.96786852578898674437
-15.78302238965500059464	-130.96786852578898674437
-15.74688487937400083183	-130.86325240538940306578
-15.74688487937400083183	-130.86325240538940306578
-15.70000000002599982452	-130.72752323797715234832
-15.70000000002599982452	-130.72752323797715234832
-15.65311512067900068246	-130.59179407056780064522
-15.65311512067900068246	-130.59179407056780064522
-15.61697761039799914329	-130.48717795016818854492
-15.61697761039799914329	-130.48717795016818854492
-15.60000000002500009089	-130.43802869453136850098
-15.60000000002500009089	-130.43802869453136850098
-15.60000000002500009089	-130.43802869453136850098
-15.60000000002500009089	-130.43802869453136850098
-15.58302238965299935103	-130.38887943889741904968
-15.58302238965299935103	-130.38887943889741904968
-15.54688487937199958822	-130.28426331849780694938
-15.54688487937199958822	-130.28426331849780694938
-15.50000000002500044616	-130.14853415108845524628
-15.50000000002500044616	-130.14853415108845524628
-15.45311512067699943884	-130.01280498367620452882
-15.45311512067699943884	-130.01280498367620452882
-15.41697761039599967603	-129.90818886327662085023
-15.41697761039599967603	-129.90818886327662085023
-15.40000000002400071253	-129.85903960764267139893
-15.40000000002400071253	-129.85903960764267139893
-15.40000000002400071253	-129.85903960764267139893
-15.40000000002400071253	-129.85903960764267139893
-15.38302238965199997267	-129.80989035200875036935
-15.38302238965199997267	-129.80989035200875036935
-15.34688487937100020986	-129.70527423160913826905
-15.34688487937100020986	-129.70527423160913826905
-15.30000000002299920254	-129.56954506419688755159
-15.30000000002299920254	-129.56954506419688755159
-15.25311512067600006048	-129.43381589678753584849
-15.25311512067600006048	-129.43381589678753584849
-15.21697761039500029767	-129.32919977638792374819
-15.21697761039500029767	-129.32919977638792374819
-15.20000000002299955781	-129.28005052075400271860
-15.20000000002299955781	-129.28005052075400271860
-15.20000000002299955781	-129.28005052075400271860
-15.20000000002299955781	-129.28005052075400271860
-15.18302238965000050541	-129.44975644346783383298
-15.18302238965000050541	-129.44975644346783383298
-15.14688487936900074260	-129.81098216386044441606
-15.14688487936900074260	-129.81098216386044441606
-15.10000000002199982418	-130.27963714827831154253
-15.10000000002199982418	-130.27963714827831154253
-15.05311512067500068213	-130.74829213269612182557
-15.05311512067500068213	-130.74829213269612182557
-15.01697761039300083041	-131.10951785309876527208
-15.01697761039300083041	-131.10951785309876527208
-15.00000000002100009056	-131.27922377609908721752
-15.00000000002100009056	-131.27922377609908721752
-15.00000000002100009056	-131.27922377609908721752
-15.00000000002100009056	-131.27922377609908721752
-14.98302238964899935070	-131.22106088794882339243
-14.98302238964899935070	-131.22106088794882339243
-14.94688487936799958788	-131.09725889622950489866
-14.94688487936799958788	-131.09725889622950489866
-14.90000000002100044583	-130.93663794034338820893
-14.90000000002100044583	-130.93663794034338820893
-14.85311512067299943851	-130.77601698445383249236
-14.85311512067299943851	-130.77601698445383249236
-14.81697761039199967570	-130.65221499273451399858
-14.81697761039199967570	-130.65221499273451399858
-14.80000000002000071220	-130.59405210430242050279
-14.80000000002000071220	-130.59405210430242050279
-14.80000000002000071220	-130.59405210430242050279
-14.80000000002000071220	-130.59405210430242050279
-14.78302238964799997234	-130.40694090179144382091
-14.78302238964799997234	-130.40694090179144382091
-14.74688487936700020953	-130.00866736024104852731
-14.74688487936700020953	-130.00866736024104852731
-14.70000000001899920221	-129.49194645728192654133
-14.70000000001899920221	-129.49194645728192654133
-14.65311512067200006015	-128.97522555433386060031
-14.65311512067200006015	-128.97522555433386060031
-14.61697761039100029734	-128.57695201278346530671
-14.61697761039100029734	-128.57695201278346530671
-14.60000000001799946858	-128.38984081010957538638
-14.60000000001799946858	-128.38984081010957538638
-14.60000000001799946858	-128.38984081010957538638
-14.60000000001799946858	-128.38984081010957538638
-14.58302238964600050508	-128.22581906242260174622
-14.58302238964600050508	-128.22581906242260174622
-14.54688487936500074227	-127.87669233241845745397
-14.54688487936500074227	-127.87669233241845745397
-14.50000000001799982385	-127.42373460274154695071
-14.50000000001799982385	-127.42373460274154695071
-14.45311512067000059290	-126.97077687305498727710
-14.45311512067000059290	-126.97077687305498727710
-14.41697761038900083008	-126.62165014305084298485
-14.41697761038900083008	-126.62165014305084298485
-14.40000000001700009022	-126.45762839538834043651
-14.40000000001700009022	-126.45762839538834043651
-14.40000000001700009022	-126.45762839538834043651
-14.40000000001700009022	-126.45762839538834043651
-14.38302238964499935037	-126.18723099240943952282
-14.38302238964499935037	-126.18723099240943952282
-14.34688487936399958755	-125.61167950313333108170
-14.34688487936399958755	-125.61167950313333108170
-14.30000000001600035660	-124.86495783018344241100
-14.30000000001600035660	-124.86495783018344241100
-14.25311512066899943818	-124.11823615724945568672
-14.25311512066899943818	-124.11823615724945568672
-14.21697761038799967537	-123.54268466797333303475
-14.21697761038799967537	-123.54268466797333303475
-14.20000000001600071187	-123.27228726488795018668
-14.20000000001600071187	-123.27228726488795018668
-14.20000000001600071187	-123.27228726488795018668
-14.20000000001600071187	-123.27228726488795018668
-14.18302238964299988311	-123.27160807170059797500
-14.18302238964299988311	-123.27160807170059797500
-14.14688487936200012030	-123.27016238287482963187
-14.14688487936200012030	-123.27016238287482963187
-14.10000000001499920188	-123.26828674325155077440
-14.10000000001499920188	-123.26828674325155077440
-14.05311512066699997092	-123.26641110362824349522
-14.05311512066699997092	-123.26641110362824349522
-14.01697761038600020811	-123.26496541480247515210
-14.01697761038600020811	-123.26496541480247515210
-14.00000000001399946825	-123.26428622186935513128
-14.00000000001399946825	-123.26428622186935513128
-14.00000000001399946825	-123.26428622186935513128
-14.00000000001399946825	-123.26428622186935513128
-13.98302238964200050475	-123.68633370315193076294
-13.98302238964200050475	-123.68633370315193076294
-13.94688487936100074194	-124.58467833895947762812
-13.94688487936100074194	-124.58467833895947762812
-13.90000000001299973462	-125.75019249683175814880
-13.90000000001299973462	-125.75019249683175814880
-13.85311512066600059256	-126.91570665467912704116
-13.85311512066600059256	-126.91570665467912704116
-13.81697761038500082975	-127.81405129048665969549
-13.81697761038500082975	-127.81405129048665969549
-13.80000000001300008989	-128.23609877211785601503
-13.80000000001300008989	-128.23609877211785601503
-13.80000000001300008989	-128.23609877211785601503
-13.80000000001300008989	-128.23609877211785601503
-13.78302238963999926114	-128.44111334211069674893
-13.78302238963999926114	-128.44111334211069674893
-13.74688487935899949832	-128.87749490359641413306
-13.74688487935899949832	-128.87749490359641413306
-13.70000000001200035626	-129.44365722912525029642
-13.70000000001200035626	-129.44365722912525029642
-13.65311512066499943785	-130.00981955465408645978
-13.65311512066499943785	-130.00981955465408645978
-13.61697761038399967504	-130.44620111613980384391
-13.61697761038399967504	-130.44620111613980384391
-13.60000000001100062264	-130.65121568596646284277
-13.60000000001100062264	-130.65121568596646284277
-13.60000000001100062264	-130.65121568596646284277
-13.60000000001100062264	-130.65121568596646284277
-13.58302238963899988278	-130.51170172949778702787
-13.58302238963899988278	-130.51170172949778702787
-13.54688487935800011996	-130.21474079484161734399
-13.54688487935800011996	-130.21474079484161734399
-13.50000000001099920155	-129.82946307416125364398
-13.50000000001099920155	-129.82946307416125364398
-13.45311512066299997059	-129.44418535347267606994
-13.45311512066299997059	-129.44418535347267606994
-13.41697761038200020778	-129.14722441881650638607
-13.41697761038200020778	-129.14722441881650638607
-13.40000000000999946792	-129.00771046212457804359
-13.40000000000999946792	-129.00771046212457804359
-13.40000000000999946792	-129.00771046212457804359
-13.40000000000999946792	-129.00771046212457804359
-13.38302238963800050442	-128.56637713695536717751
-13.38302238963800050442	-128.56637713695536717751
-13.34688487935700074161	-127.62698182556464132631
-13.34688487935700074161	-127.62698182556464132631
-13.30000000000899973429	-126.40820843768715064925
-13.30000000000899973429	-126.40820843768715064925
-13.25311512066200059223	-125.18943504983570846889
-13.25311512066200059223	-125.18943504983570846889
-13.21697761038100082942	-124.25003973844499682855
-13.21697761038100082942	-124.25003973844499682855
-13.20000000000800000066	-123.80870641307197388414
-13.20000000000800000066	-123.80870641307197388414
-13.20000000000800000066	-123.80870641307197388414
-13.20000000000800000066	-123.80870641307197388414
-13.18302238963599926080	-123.04216600450190810534
-13.18302238963599926080	-123.04216600450190810534
-13.14688487935499949799	-121.41055464730379753746
-13.14688487935499949799	-121.41055464730379753746
-13.10000000000800035593	-119.29369875356373142949
-13.10000000000800035593	-119.29369875356373142949
-13.05311512065999934862	-117.17684285977841796011
-13.05311512065999934862	-117.17684285977841796011
-13.01697761037899958581	-115.54523150258032160309
-13.01697761037899958581	-115.54523150258032160309
-13.00000000000700062230	-114.77869109385707702131
-13.00000000000700062230	-114.77869109385707702131
-13.00000000000700062230	-114.77869109385707702131
-13.00000000000700062230	-114.77869109385707702131
-12.98302238963499988245	-114.51459171933557001921
-12.98302238963499988245	-114.51459171933557001921
-12.94688487935400011963	-113.95244583158273599111
-12.94688487935400011963	-113.95244583158273599111
-12.90000000000599911232	-113.22311661331826826427
-12.90000000000599911232	-113.22311661331826826427
-12.85311512065899997026	-112.49378739506937563419
-12.85311512065899997026	-112.49378739506937563419
-12.81697761037800020745	-111.93164150731655581694
-12.81697761037800020745	-111.93164150731655581694
-12.80000000000599946759	-111.66754213300221465488
-12.80000000000599946759	-111.66754213300221465488
-12.80000000000599946759	-111.66754213300221465488
-12.80000000000599946759	-111.66754213300221465488
-12.78302238963300041519	-111.92033004420829911396
-12.78302238963300041519	-111.92033004420829911396
-12.74688487935200065237	-112.45839903896215616896
-12.74688487935200065237	-112.45839903896215616896
-12.70000000000499973396	-113.15649084725866657664
-12.70000000000499973396	-113.15649084725866657664
-12.65311512065800059190	-113.85458265555513435174
-12.65311512065800059190	-113.85458265555513435174
-12.61697761037700082909	-114.39265165030899140675
-12.61697761037700082909	-114.39265165030899140675
-12.60000000000400000033	-114.64543956169774219234
-12.60000000000400000033	-114.64543956169774219234
-12.60000000000400000033	-114.64543956169774219234
-12.60000000000400000033	-114.64543956169774219234
-12.58302238963199926047	-115.29930453986327165694
-12.58302238963199926047	-115.29930453986327165694
-12.54688487935099949766	-116.69108181926337408640
-12.54688487935099949766	-116.69108181926337408640
-12.50000000000400035560	-118.49677649261437295536
-12.50000000000400035560	-118.49677649261437295536
-12.45311512065599934829	-120.30247116600396850572
-12.45311512065599934829	-120.30247116600396850572
-12.41697761037499958547	-121.69424844540407093518
-12.41697761037499958547	-121.69424844540407093518
-12.40000000000300062197	-122.34811342366404574022
-12.40000000000300062197	-122.34811342366404574022
-12.40000000000300062197	-122.34811342366404574022
-12.40000000000300062197	-122.34811342366404574022
-12.38302238963099988212	-122.95968994395650497609
-12.38302238963099988212	-122.95968994395650497609
-12.34688487935000011930	-124.26145458015437839094
-12.34688487935000011930	-124.26145458015437839094
-12.30000000000199911199	-125.95036666715338924405
-12.30000000000199911199	-125.95036666715338924405
-12.25311512065499996993	-127.63927875411630452618
-12.25311512065499996993	-127.63927875411630452618
-12.21697761037400020712	-128.94104339031417794104
-12.21697761037400020712	-128.94104339031417794104
-12.20000000000099937836	-129.55261991063517257317
-12.20000000000099937836	-129.55261991063517257317
-12.20000000000099937836	-129.55261991063517257317
-12.20000000000099937836	-129.55261991063517257317
-12.18302238962900041486	-129.78557445897837396842
-12.18302238962900041486	-129.78557445897837396842
-12.14688487934800065204	-130.28142736174237370506
-12.14688487934800065204	-130.28142736174237370506
-12.10000000000099973363	-130.92474792641817771255
-12.10000000000099973363	-130.92474792641817771255
-12.05311512065300050267	-131.56806849110768098399
-12.05311512065300050267	-131.56806849110768098399
-12.01697761037200073986	-132.06392139387168072062
-12.01697761037200073986	-132.06392139387168072062
-12.00000000000000000000	-132.29687594219259949568
-12.00000000000000000000	-132.29687594219259949568
-12.00000000000000000000	-132.29687594219259949568
-12.00000000000000000000	-132.29687594219259949568
-11.98302238962799926014	-131.46494394431826435721
-11.98302238962799926014	-131.46494394431826435721
-11.94688487934699949733	-129.69414402209494596718
-11.94688487934699949733	-129.69414402209494596718
-11.90000000000000035527	-127.39670460096340320888
-11.90000000000000035527	-127.39670460096340320888
-11.85311512065299943686	-125.09926517983177518545
-11.85311512065299943686	-125.09926517983177518545
-11.81697761037199967404	-123.32846525760845679542
-11.81697761037199967404	-123.32846525760845679542
-11.80000000000000071054	-122.49653325973420692208
-11.80000000000000071054	-122.49653325973420692208
-11.80000000000000071054	-122.49653325973420692208
-11.80000000000000071054	-122.49653325973420692208
-11.78302238962799997068	-122.08954131319157454527
-11.78302238962799997068	-122.08954131319157454527
-11.74688487934700020787	-121.22324297495639200406
-11.74688487934700020787	-121.22324297495639200406
-11.69999999999999928946	-120.09930574876572961784
-11.69999999999999928946	-120.09930574876572961784
-11.65311512065300014740	-118.97536852257510986419
-11.65311512065300014740	-118.97536852257510986419
-11.61697761037200038459	-118.10907018433992732298
-11.61697761037200038459	-118.10907018433992732298
-11.59999999999999964473	-117.70207823779729494618
-11.59999999999999964473	-117.70207823779729494618
-11.59999999999999964473	-117.70207823779729494618
-11.59999999999999964473	-117.70207823779729494618
-11.58302238962800068123	-117.11338580899639794097
-11.58302238962800068123	-117.11338580899639794097
-11.54688487934699914206	-115.86033086003685355081
-11.54688487934699914206	-115.86033086003685355081
-11.50000000000000000000	-114.23461482037889425101
-11.50000000000000000000	-114.23461482037889425101
-11.45311512065300085794	-112.60889878072093495120
-11.45311512065300085794	-112.60889878072093495120
-11.41697761037199931877	-111.35584383176139056104
-11.41697761037199931877	-111.35584383176139056104
-11.40000000000000035527	-110.76715140296049355584
-11.40000000000000035527	-110.76715140296049355584
-11.40000000000000035527	-110.76715140296049355584
-11.40000000000000035527	-110.76715140296049355584
-11.38302238962799961541	-110.02577758840313038036
-11.38302238962799961541	-110.02577758840313038036
-11.34688487934699985260	-108.44773431502146365801
-11.34688487934699985260	-108.44773431502146365801
-11.30000000000000071054	-106.40037776218933629480
-11.30000000000000071054	-106.40037776218933629480
-11.25311512065299979213	-104.35302120935712366645
-11.25311512065299979213	-104.35302120935712366645
-11.21697761037200002932	-102.77497793597545694411
-11.21697761037200002932	-102.77497793597545694411
-11.19999999999999928946	-102.03360412141809376863
-11.19999999999999928946	-102.03360412141809376863
-11.19999999999999928946	-102.03360412141809376863
-11.19999999999999928946	-102.03360412141809376863
-11.18302238962700023706	-101.43821623586934776995
-11.18302238962700023706	-101.43821623586934776995
-11.14688487934700056314	-100.17090974444323592252
-11.14688487934700056314	-100.17090974444323592252
-11.09999999999999964473	-98.52670372455401093248
-11.09999999999999964473	-98.52670372455401093248
-11.05311512065300050267	-96.88249770466484278586
-11.05311512065300050267	-96.88249770466484278586
-11.01697761037200073986	-95.61519121320365854899
-11.01697761037200073986	-95.61519121320365854899
-11.00000000000000000000	-95.01980332768992809633
-11.00000000000000000000	-95.01980332768992809633
-11.00000000000000000000	-95.01980332768992809633
-11.00000000000000000000	-95.01980332768992809633
-10.98302238962699917124	-94.74925672263435671994
-10.98302238962699917124	-94.74925672263435671994
-10.94688487934699949733	-94.17338765115638921088
-10.94688487934699949733	-94.17338765115638921088
-10.90000000000000035527	-93.42625394640705849270
-10.90000000000000035527	-93.42625394640705849270
-10.85311512065199934796	-92.67912024164178319552
-10.85311512065199934796	-92.67912024164178319552
-10.81697761037199967404	-92.10325117016381568646
-10.81697761037199967404	-92.10325117016381568646
-10.79999999999900062164	-91.83270456512069301880
-10.79999999999900062164	-91.83270456512069301880
-10.79999999999900062164	-91.83270456512069301880
-10.79999999999900062164	-91.83270456512069301880
-10.78302238962699988178	-91.77303236181521128856
-10.78302238962699988178	-91.77303236181521128856
-10.74688487934700020787	-91.64601773413012608671
-10.74688487934700020787	-91.64601773413012608671
-10.69999999999899920056	-91.48122869779902543996
-10.69999999999899920056	-91.48122869779902543996
-10.65311512065200005850	-91.31643966147146329604
-10.65311512065200005850	-91.31643966147146329604
-10.61697761037200038459	-91.18942503378637809419
-10.61697761037200038459	-91.18942503378637809419
-10.59999999999899955583	-91.12975283047887842258
-10.59999999999899955583	-91.12975283047887842258
-10.59999999999899955583	-91.12975283047887842258
-10.59999999999899955583	-91.12975283047887842258
-10.58302238962700059233	-91.09552684861793636628
-10.58302238962700059233	-91.09552684861793636628
-10.54688487934600082951	-91.02267550238742899182
-10.54688487934600082951	-91.02267550238742899182
-10.49999999999899991110	-90.92815801759877558652
-10.49999999999899991110	-90.92815801759877558652
-10.45311512065200076904	-90.83364053281013639207
-10.45311512065200076904	-90.83364053281013639207
-10.41697761037099922987	-90.76078918657961480676
-10.41697761037099922987	-90.76078918657961480676
-10.39999999999900026637	-90.72656320472228230756
-10.39999999999900026637	-90.72656320472228230756
-10.39999999999900026637	-90.72656320472228230756
-10.39999999999900026637	-90.72656320472228230756
-10.38302238962699952651	-90.75365730298054245395
-10.38302238962699952651	-90.75365730298054245395
-10.34688487934599976370	-90.81132815493842258547
-10.34688487934599976370	-90.81132815493842258547
-10.29999999999900062164	-90.88615043557862804846
-10.29999999999900062164	-90.88615043557862804846
-10.25311512065199970323	-90.96097271621884772230
-10.25311512065199970323	-90.96097271621884772230
-10.21697761037099994041	-91.01864356817672785382
-10.21697761037099994041	-91.01864356817672785382
-10.19999999999899920056	-91.04573766644550403271
-10.19999999999899920056	-91.04573766644550403271
-10.19999999999899920056	-91.04573766644550403271
-10.19999999999899920056	-91.04573766644550403271
-10.18302238962700023706	-91.25151846493125162851
-10.18302238962700023706	-91.25151846493125162851
-10.14688487934600047424	-91.68953097422854625620
-10.14688487934600047424	-91.68953097422854625620
-10.09999999999899955583	-92.25780929476570690895
-10.09999999999899955583	-92.25780929476570690895
-10.05311512065200041377	-92.82608761530283913999
-10.05311512065200041377	-92.82608761530283913999
-10.01697761037100065096	-93.26410012460013376767
-10.01697761037100065096	-93.26410012460013376767
-9.99999999999909938708	-93.46988092310064644153
-9.99999999999909938708	-93.46988092310064644153
-9.99999999999909938708	-93.46988092310064644153
-9.99999999999909938708	-93.46988092310064644153
-9.98302238962699917124	-93.97616563627174457451
-9.98302238962699917124	-93.97616563627174457451
-9.94688487934620013675	-95.05381252686703419386
-9.94688487934620013675	-95.05381252686703419386
-9.89999999999909974235	-96.45195379481108943764
-9.89999999999909974235	-96.45195379481108943764
-9.85311512065199934796	-97.85009506275515889229
-9.85311512065199934796	-97.85009506275515889229
-9.81697761037120031347	-98.92774195335044851163
-9.81697761037120031347	-98.92774195335044851163
-9.79999999999910009763	-99.43402666650541732452
-9.79999999999910009763	-99.43402666650541732452
-9.79999999999900062164	-99.43402666650661103631
-9.79999999999900062164	-99.43402666650661103631
-9.78302238962690040580	-99.63634777500634243097
-9.78302238962690040580	-99.63634777500634243097
-9.74688487934609959495	-100.06699619832315306667
-9.74688487934609959495	-100.06699619832315306667
-9.69999999999899920056	-100.62572033873397003845
-9.69999999999899920056	-100.62572033873397003845
-9.65311512065190058252	-101.18444447914477279937
-9.65311512065190058252	-101.18444447914477279937
-9.61697761037109977167	-101.61509290246159764592
-9.61697761037109977167	-101.61509290246159764592
-9.59999999999899955583	-101.81741401092925514149
-9.59999999999899955583	-101.81741401092925514149
-9.59999999999899955583	-101.81741401092925514149
-9.59999999999899955583	-101.81741401092925514149
-9.58302238962679986400	-101.47533026068458639202
-9.58302238962679986400	-101.47533026068458639202
-9.54688487934600082951	-100.74719156681968001976
-9.54688487934600082951	-100.74719156681968001976
-9.49999999999890043512	-99.80250294426257084979
-9.49999999999890043512	-99.80250294426257084979
-9.45311512065180004072	-98.85781432170546167981
-9.45311512065180004072	-98.85781432170546167981
-9.41697761037099922987	-98.12967562784051267499
-9.41697761037099922987	-98.12967562784051267499
-9.39999999999890079039	-97.78759187758028303961
-9.39999999999890079039	-97.78759187758028303961
-9.39999999999890079039	-97.78759187758028303961
-9.39999999999890079039	-97.78759187758028303961
-9.38302238962669932221	-97.17367407230499054549
-9.38302238962669932221	-97.17367407230499054549
-9.34688487934590028772	-95.86692591910039595859
-9.34688487934590028772	-95.86692591910039595859
-9.29999999999879989332	-94.17154820702275230815
-9.29999999999879989332	-94.17154820702275230815
-9.25311512065169949892	-92.47617049494509444685
-9.25311512065169949892	-92.47617049494509444685
-9.21697761037090046443	-91.16942234174049985995
-9.21697761037090046443	-91.16942234174049985995
-9.19999999999880024859	-90.55550453645285813309
-9.19999999999880024859	-90.55550453645285813309
-9.19999999999880024859	-90.55550453645285813309
-9.19999999999880024859	-90.55550453645285813309
-9.18302238962660055677	-89.71482357791161632576
-9.18302238962660055677	-89.71482357791161632576
-9.14688487934579974592	-87.92540114942285356392
-9.14688487934579974592	-87.92540114942285356392
-9.09999999999869935152	-85.60380085076408818168
-9.09999999999869935152	-85.60380085076408818168
-9.05311512065170020946	-83.28220055211033923115
-9.05311512065170020946	-83.28220055211033923115
-9.01697761037089939862	-81.49277812362157646930
-9.01697761037089939862	-81.49277812362157646930
-8.99999999999869970679	-80.65209716508969961524
-8.99999999999869970679	-80.65209716508969961524
-8.99999999999869970679	-80.65209716508969961524
-8.99999999999869970679	-80.65209716508969961524
-8.98302238962650001497	-79.93365695817658433953
-8.98302238962650001497	-79.93365695817658433953
-8.94688487934569920412	-78.40442876915086856116
-8.94688487934569920412	-78.40442876915086856116
-8.89999999999870006206	-76.42040500604750263847
-8.89999999999870006206	-76.42040500604750263847
-8.85311512065159966767	-74.43638124293985924851
-8.85311512065159966767	-74.43638124293985924851
-8.81697761037080063318	-72.90715305391421452441
-8.81697761037080063318	-72.90715305391421452441
-8.79999999999859916500	-72.18871284702630930497
-8.79999999999859916500	-72.18871284702630930497
-8.79999999999859916500	-72.18871284702630930497
-8.79999999999859916500	-72.18871284702630930497
-8.78302238962650072551	-71.77665248638116679558
-8.78302238962650072551	-71.77665248638116679558
-8.74688487934569991467	-70.89956582973384513480
-8.74688487934569991467	-70.89956582973384513480
-8.69999999999859952027	-69.76163181728172446583
-8.69999999999859952027	-69.76163181728172446583
-8.65311512065149912587	-68.62369780482960379686
-8.65311512065149912587	-68.62369780482960379686
-8.61697761037070009138	-67.74661114818232476864
-8.61697761037070009138	-67.74661114818232476864
-8.59999999999850039956	-67.33455078756773559689
-8.59999999999850039956	-67.33455078756773559689
-8.59999999999850039956	-67.33455078756773559689
-8.59999999999850039956	-67.33455078756773559689
-8.58302238962640018372	-67.29643763596378391867
-8.58302238962640018372	-67.29643763596378391867
-8.54688487934559937287	-67.21531229631145265557
-8.54688487934559937287	-67.21531229631145265557
-8.49999999999850075483	-67.11006011562615469757
-8.49999999999850075483	-67.11006011562615469757
-8.45311512065140036043	-67.00480793494085673956
-8.45311512065140036043	-67.00480793494085673956
-8.41697761037059954958	-66.92368259528852547646
-8.41697761037059954958	-66.92368259528852547646
-8.39999999999839985776	-66.88556944371798351767
-8.39999999999839985776	-66.88556944371798351767
-8.39999999999839985776	-66.88556944371798351767
-8.39999999999839985776	-66.88556944371798351767
-8.38302238962629964192	-67.20428297161001296445
-8.38302238962629964192	-67.20428297161001296445
-8.34688487934550060743	-67.88267722960024741496
-8.34688487934550060743	-67.88267722960024741496
-8.29999999999840021303	-68.76282731986634644272
-8.29999999999840021303	-68.76282731986634644272
-8.25311512065129981863	-69.64297741013244547048
-8.25311512065129981863	-69.64297741013244547048
-8.21697761037050078414	-70.32137166812266571014
-8.21697761037050078414	-70.32137166812266571014
-8.19999999999840056830	-70.64008519602376168223
-8.19999999999840056830	-70.64008519602376168223
-8.19999999999840056830	-70.64008519602376168223
-8.19999999999840056830	-70.64008519602376168223
-8.18302238962620087648	-71.05516371464524638668
-8.18302238962620087648	-71.05516371464524638668
-8.14688487934540006563	-71.93867463904395265217
-8.14688487934540006563	-71.93867463904395265217
-8.09999999999829967123	-73.08494350954457274838
-8.09999999999829967123	-73.08494350954457274838
-8.05311512065119927684	-74.23121238004520705545
-8.05311512065119927684	-74.23121238004520705545
-8.01697761037040024235	-75.11472330444385647752
-8.01697761037040024235	-75.11472330444385647752
-7.99999999999830002650	-75.52980182305782363983
-7.99999999999830002650	-75.52980182305782363983
-7.99999999999830002650	-75.52980182305782363983
-7.99999999999830002650	-75.52980182305782363983
-7.98302238962610033468	-75.89417772561903063888
-7.98302238962610033468	-75.89417772561903063888
-7.94688487934530041201	-76.66976614096176945168
-7.94688487934530041201	-76.66976614096176945168
-7.89999999999820001761	-77.67601612868364213682
-7.89999999999820001761	-77.67601612868364213682
-7.85311512065109962322	-78.68226611640550061111
-7.85311512065109962322	-78.68226611640550061111
-7.81697761037029970055	-79.45785453174825363476
-7.81697761037029970055	-79.45785453174825363476
-7.79999999999820037289	-79.82223043430072095816
-7.79999999999820037289	-79.82223043430072095816
-7.79999999999820037289	-79.82223043430072095816
-7.79999999999820037289	-79.82223043430072095816
-7.78302238962599979288	-80.12462272249405259572
-7.78302238962599979288	-80.12462272249405259572
-7.74688487934519987022	-80.76827658094953221735
-7.74688487934519987022	-80.76827658094953221735
-7.69999999999810036400	-81.60335440619235214399
-7.69999999999810036400	-81.60335440619235214399
-7.65311512065099996960	-82.43843223143518628149
-7.65311512065099996960	-82.43843223143518628149
-7.61697761037020004693	-83.08208608989066590311
-7.61697761037020004693	-83.08208608989066590311
-7.59999999999809983109	-83.38447837803890649866
-7.59999999999809983109	-83.38447837803890649866
-7.59999999999809983109	-83.38447837803890649866
-7.59999999999809983109	-83.38447837803890649866
-7.58302238962590013927	-83.30000698958932048299
-7.58302238962590013927	-83.30000698958932048299
-7.54688487934510021660	-83.12020632261624086823
-7.54688487934510021660	-83.12020632261624086823
-7.49999999999799982220	-82.88693257154547211485
-7.49999999999799982220	-82.88693257154547211485
-7.45311512065099979196	-82.65365882047520074138
-7.45311512065099979196	-82.65365882047520074138
-7.41697761037019986929	-82.47385815350212112662
-7.41697761037019986929	-82.47385815350212112662
-7.39999999999800017747	-82.38938676498482038824
-7.39999999999800017747	-82.38938676498482038824
-7.39999999999800017747	-82.38938676498482038824
-7.39999999999800017747	-82.38938676498482038824
-7.38302238962589996163	-81.73015685170379640567
-7.38302238962589996163	-81.73015685170379640567
-7.34688487934510003896	-80.32696009748022447639
-7.34688487934510003896	-80.32696009748022447639
-7.29999999999799964456	-78.50644977425052672970
-7.29999999999799964456	-78.50644977425052672970
-7.25311512065090013834	-76.68593945102087161558
-7.25311512065090013834	-76.68593945102087161558
-7.21697761037010021568	-75.28274269679728547544
-7.21697761037010021568	-75.28274269679728547544
-7.19999999999789963567	-74.62351278349129302114
-7.19999999999789963567	-74.62351278349129302114
-7.19999999999789963567	-74.62351278349129302114
-7.19999999999789963567	-74.62351278349129302114
-7.18302238962580030801	-73.79386615956649109194
-7.18302238962580030801	-73.79386615956649109194
-7.14688487934500038534	-72.02793074554708141477
-7.14688487934500038534	-72.02793074554708141477
-7.09999999999789999094	-69.73680254723670657313
-7.09999999999789999094	-69.73680254723670657313
-7.05311512065079959655	-67.44567434892634594235
-7.05311512065079959655	-67.44567434892634594235
-7.01697761036999967388	-65.67973893490693626518
-7.01697761036999967388	-65.67973893490693626518
-6.99999999999779998205	-64.85009231102588955764
-6.99999999999779998205	-64.85009231102588955764
-6.99999999999779998205	-64.85009231102588955764
-6.99999999999779998205	-64.85009231102588955764
-6.98302238962569976621	-64.39602002515511003367
-6.98302238962569976621	-64.39602002515511003367
-6.94688487934489984355	-63.42950933612155495211
-6.94688487934489984355	-63.42950933612155495211
-6.89999999999780033733	-62.17555640215044832075
-6.89999999999780033733	-62.17555640215044832075
-6.85311512065069994293	-60.92160346817931326768
-6.85311512065069994293	-60.92160346817931326768
-6.81697761036990002026	-59.95509277914575818613
-6.81697761036990002026	-59.95509277914575818613
-6.79999999999770032844	-59.50102049331103870600
-6.79999999999770032844	-59.50102049331103870600
-6.79999999999770032844	-59.50102049331103870600
-6.79999999999770032844	-59.50102049331103870600
-6.78302238962560011259	-59.33289421325214618719
-6.78302238962560011259	-59.33289421325214618719
-6.74688487934480018993	-58.97503082488712777831
-6.74688487934480018993	-58.97503082488712777831
-6.69999999999769979553	-58.51073813687777658288
-6.69999999999769979553	-58.51073813687777658288
-6.65311512065060028931	-58.04644544886842538745
-6.65311512065060028931	-58.04644544886842538745
-6.61697761036980036664	-57.68858206050340697857
-6.61697761036980036664	-57.68858206050340697857
-6.59999999999770015080	-57.52045578044871376733
-6.59999999999770015080	-57.52045578044871376733
-6.59999999999770015080	-57.52045578044871376733
-6.59999999999770015080	-57.52045578044871376733
-6.58302238962549957080	-57.38331557005435001884
-6.58302238962549957080	-57.38331557005435001884
-6.54688487934469964813	-57.09140724759971163849
-6.54688487934469964813	-57.09140724759971163849
-6.49999999999760014191	-56.71268479626439784624
-6.49999999999760014191	-56.71268479626439784624
-6.45311512065049974751	-56.33396234492907694857
-6.45311512065049974751	-56.33396234492907694857
-6.41697761036969982484	-56.04205402247444567365
-6.41697761036969982484	-56.04205402247444567365
-6.39999999999759960900	-55.90491381206724952335
-6.39999999999759960900	-55.90491381206724952335
-6.39999999999759960900	-55.90491381206724952335
-6.39999999999759960900	-55.90491381206724952335
-6.38302238962539991718	-55.67131574341930644323
-6.38302238962539991718	-55.67131574341930644323
-6.34688487934459999451	-55.17409308238080711817
-6.34688487934459999451	-55.17409308238080711817
-6.29999999999749960011	-54.52899539052846478171
-6.29999999999749960011	-54.52899539052846478171
-6.25311512065040009389	-53.88389769867613665610
-6.25311512065040009389	-53.88389769867613665610
-6.21697761036960017123	-53.38667503763763733104
-6.21697761036960017123	-53.38667503763763733104
-6.19999999999749995538	-53.15307696901806622236
-6.19999999999749995538	-53.15307696901806622236
-6.19999999999749995538	-53.15307696901806622236
-6.19999999999749995538	-53.15307696901806622236
-6.18302238962530026356	-53.10283068301786357779
-6.18302238962530026356	-53.10283068301786357779
-6.14688487934450034089	-52.99587949041201540012
-6.14688487934450034089	-52.99587949041201540012
-6.09999999999739994649	-52.85712079557137599295
-6.09999999999739994649	-52.85712079557137599295
-6.05311512065039991626	-52.71836210073104211915
-6.05311512065039991626	-52.71836210073104211915
-6.01697761036959999359	-52.61141090812519394149
-6.01697761036959999359	-52.61141090812519394149
-5.99999999999740030177	-52.56116462219447527104
-5.99999999999740030177	-52.56116462219447527104
-5.99999999999740030177	-52.56116462219447527104
-5.99999999999740030177	-52.56116462219447527104
-5.98302238962519972176	-52.96466968763187566083
-5.98302238962519972176	-52.96466968763187566083
-5.94688487934439979909	-53.82354606251178097409
-5.94688487934439979909	-53.82354606251178097409
-5.89999999999739976886	-54.93785401835421566830
-5.89999999999739976886	-54.93785401835421566830
-5.85311512065030026264	-56.05216197419901646981
-5.85311512065030026264	-56.05216197419901646981
-5.81697761036950033997	-56.91103834907892178308
-5.81697761036950033997	-56.91103834907892178308
-5.79999999999729975997	-57.31454341447434330803
-5.79999999999729975997	-57.31454341447434330803
-5.79999999999729975997	-57.31454341447434330803
-5.79999999999729975997	-57.31454341447434330803
-5.78302238962520043231	-57.45406561008058332618
-5.78302238962520043231	-57.45406561008058332618
-5.74688487934439962146	-57.75104408158599511580
-5.74688487934439962146	-57.75104408158599511580
-5.69999999999730011524	-58.13634455461317429581
-5.69999999999730011524	-58.13634455461317429581
-5.65311512065019972084	-58.52164502764036768667
-5.65311512065019972084	-58.52164502764036768667
-5.61697761036939979817	-58.81862349914577237087
-5.61697761036939979817	-58.81862349914577237087
-5.59999999999720010635	-58.95814569469131072310
-5.59999999999720010635	-58.95814569469131072310
-5.59999999999720010635	-58.95814569469131072310
-5.59999999999720010635	-58.95814569469131072310
-5.58302238962509989051	-58.72455632775163536508
-5.58302238962509989051	-58.72455632775163536508
-5.54688487934429996784	-58.22735218863792994171
-5.54688487934429996784	-58.22735218863792994171
-5.49999999999719957344	-57.58227852716848360615
-5.49999999999719957344	-57.58227852716848360615
-5.45311512065010006722	-56.93720486569905858687
-5.45311512065010006722	-56.93720486569905858687
-5.41697761036930014455	-56.44000072658534605807
-5.41697761036930014455	-56.44000072658534605807
-5.39999999999709956455	-56.20641135965347245929
-5.39999999999709956455	-56.20641135965347245929
-5.39999999999709956455	-56.20641135965347245929
-5.39999999999709956455	-56.20641135965347245929
-5.38302238962500023689	-56.02654996971512701975
-5.38302238962500023689	-56.02654996971512701975
-5.34688487934420031422	-55.64370793920784308284
-5.34688487934420031422	-55.64370793920784308284
-5.29999999999709991982	-55.14700791007303593005
-5.29999999999709991982	-55.14700791007303593005
-5.25311512065000041360	-54.65030788093823588270
-5.25311512065000041360	-54.65030788093823588270
-5.21697761036919960276	-54.26746585043094484035
-5.21697761036919960276	-54.26746585043094484035
-5.19999999999710027510	-54.08760446048673742325
-5.19999999999710027510	-54.08760446048673742325
-5.19999999999710027510	-54.08760446048673742325
-5.19999999999710027510	-54.08760446048673742325
-5.18302238962489969509	-53.87342794056913675149
-5.18302238962489969509	-53.87342794056913675149
-5.14688487934409977242	-53.41754480856478437545
-5.14688487934409977242	-53.41754480856478437545
-5.09999999999700026621	-52.82608110577178450740
-5.09999999999700026621	-52.82608110577178450740
-5.05311512064989987181	-52.23461740297877753392
-5.05311512064989987181	-52.23461740297877753392
-5.01697761036909994914	-51.77873427097442515787
-5.01697761036909994914	-51.77873427097442515787
-4.99999999999699973330	-51.56455775107679073699
-4.99999999999699973330	-51.56455775107679073699
-4.99999999999699973330	-51.56455775107679073699
-4.99999999999699973330	-51.56455775107679073699
-4.98302238962480004147	-51.45622430789595824763
-4.98302238962480004147	-51.45622430789595824763
-4.94688487934400011881	-51.22563232051520287769
-4.94688487934400011881	-51.22563232051520287769
-4.89999999999689972441	-50.92646180703079039631
-4.89999999999689972441	-50.92646180703079039631
-4.85311512064980021819	-50.62729129354639212579
-4.85311512064980021819	-50.62729129354639212579
-4.81697761036900029552	-50.39669930616563675585
-4.81697761036900029552	-50.39669930616563675585
-4.79999999999690007968	-50.28836586299207311868
-4.79999999999690007968	-50.28836586299207311868
-4.79999999999690007968	-50.28836586299207311868
-4.79999999999690007968	-50.28836586299207311868
-4.78302238962470038786	-50.21636886942382460575
-4.78302238962470038786	-50.21636886942382460575
-4.74688487934389957701	-50.06312044174642039707
-4.74688487934389957701	-50.06312044174642039707
-4.69999999999680007079	-49.86429561994885517606
-4.69999999999680007079	-49.86429561994885517606
-4.65311512064969967639	-49.66547079815128284963
-4.65311512064969967639	-49.66547079815128284963
-4.61697761036889975372	-49.51222237047387864095
-4.61697761036889975372	-49.51222237047387864095
-4.59999999999680042606	-49.44022537686984009042
-4.59999999999680042606	-49.44022537686984009042
-4.59999999999680042606	-49.44022537686984009042
-4.59999999999680042606	-49.44022537686984009042
-4.58302238962459984606	-49.17600276335746656287
-4.58302238962459984606	-49.17600276335746656287
-4.54688487934379992339	-48.61359455614252311761
-4.54688487934379992339	-48.61359455614252311761
-4.49999999999670041717	-47.88392500408428986702
-4.49999999999670041717	-47.88392500408428986702
-4.45311512064970038693	-47.15425545202760559960
-4.45311512064970038693	-47.15425545202760559960
-4.41697761036889957609	-46.59184724481265504892
-4.41697761036889957609	-46.59184724481265504892
-4.39999999999669988426	-46.32762463126370988675
-4.39999999999669988426	-46.32762463126370988675
-4.39999999999669988426	-46.32762463126370988675
-4.39999999999669988426	-46.32762463126370988675
-4.38302238962459966842	-45.87519366601446080267
-4.38302238962459966842	-45.87519366601446080267
-4.34688487934379974575	-44.91217659236817638657
-4.34688487934379974575	-44.91217659236817638657
-4.29999999999670023954	-43.66275628210701853504
-4.29999999999670023954	-43.66275628210701853504
-4.25311512064959984514	-42.41333597184583226181
-4.25311512064959984514	-42.41333597184583226181
-4.21697761036879992247	-41.45031889819954784571
-4.21697761036879992247	-41.45031889819954784571
-4.19999999999660023065	-40.99788793294337807538
-4.19999999999660023065	-40.99788793294337807538
-4.19999999999660023065	-40.99788793294337807538
-4.19999999999660023065	-40.99788793294337807538
-4.18302238962450001480	-40.52410103398485574644
-4.18302238962450001480	-40.52410103398485574644
-4.14688487934370009214	-39.51562701692542134424
-4.14688487934370009214	-39.51562701692542134424
-4.09999999999659969774	-38.20723077581418891668
-4.09999999999659969774	-38.20723077581418891668
-4.05311512064950019152	-36.89883453470297780541
-4.05311512064950019152	-36.89883453470297780541
-4.01697761036870026885	-35.89036051764354340321
-4.01697761036870026885	-35.89036051764354340321
-3.99999999999660005301	-35.41657361872800890978
-3.99999999999660005301	-35.41657361872800890978
-3.99999999999660005301	-35.41657361872800890978
-3.99999999999660005301	-35.41657361872800890978
-3.98302238962449983717	-35.15741517623774825552
-3.98302238962449983717	-35.15741517623774825552
-3.94688487934390019873	-34.60578625588117773759
-3.94688487934390019873	-34.60578625588117773759
-3.89999999999700008857	-33.89010177251866906545
-3.89999999999700008857	-33.89010177251866906545
-3.85311512065000005833	-33.17441728915463983185
-3.85311512065000005833	-33.17441728915463983185
-3.81697761036939997581	-32.62278836879806931393
-3.81697761036939997581	-32.62278836879806931393
-3.79999999999730020406	-32.36362992634187207841
-3.79999999999730020406	-32.36362992634187207841
-3.79999999999730020406	-32.36362992634187207841
-3.79999999999730020406	-32.36362992634187207841
-3.78302238962519998822	-32.31867430124746931597
-3.78302238962519998822	-32.31867430124746931597
-3.74688487934459990569	-32.22298448811042703710
-3.74688487934459990569	-32.22298448811042703710
-3.69999999999769979553	-32.09883632989970436711
-3.69999999999769979553	-32.09883632989970436711
-3.65311512065080012945	-31.97468817168898169712
-3.65311512065080012945	-31.97468817168898169712
-3.61697761037020004693	-31.87899835855194297096
-3.61697761037020004693	-31.87899835855194297096
-3.59999999999809983109	-31.83404273347211344003
-3.59999999999809983109	-31.83404273347211344003
-3.59999999999809983109	-31.83404273347211344003
-3.59999999999809983109	-31.83404273347211344003
-3.58302238962600005934	-31.91929914411871038737
-3.58302238962600005934	-31.91929914411871038737
-3.54688487934539997681	-32.10077076166104603772
-3.54688487934539997681	-32.10077076166104603772
-3.49999999999849986665	-32.33621240739962843236
-3.49999999999849986665	-32.33621240739962843236
-3.45311512065160020057	-32.57165405313820372157
-3.45311512065160020057	-32.57165405313820372157
-3.41697761037100011805	-32.75312567068053937192
-3.41697761037100011805	-32.75312567068053937192
-3.39999999999889990221	-32.83838208135114200559
-3.39999999999889990221	-32.83838208135114200559
-3.39999999999889990221	-32.83838208135114200559
-3.39999999999889990221	-32.83838208135114200559
-3.38302238962680013046	-33.29401405009349446118
-3.38302238962680013046	-33.29401405009349446118
-3.34688487934610012786	-34.26384458535545007862
-3.34688487934610012786	-34.26384458535545007862
-3.29999999999920001770	-35.52210469457444474983
-3.29999999999920001770	-35.52210469457444474983
-3.25311512065219998746	-36.78036480379612527258
-3.25311512065219998746	-36.78036480379612527258
-3.21697761037149998486	-37.75019533905808089003
-3.21697761037149998486	-37.75019533905808089003
-3.19999999999940021311	-38.20582730779668167997
-3.19999999999940021311	-38.20582730779668167997
-3.19999999999940021311	-38.20582730779668167997
-3.19999999999940021311	-38.20582730779668167997
-3.18302238962729999727	-38.55536271478713672423
-3.18302238962729999727	-38.55536271478713672423
-3.14688487934650007460	-39.29936255261933553129
-3.14688487934650007460	-39.29936255261933553129
-3.09999999999940012430	-40.26462945562339257322
-3.09999999999940012430	-40.26462945562339257322
-3.05311512065230017399	-41.22989635862744250971
-3.05311512065230017399	-41.22989635862744250971
-3.01697761037149980723	-41.97389619645966263306
-3.01697761037149980723	-41.97389619645966263306
-2.99999999999940003548	-42.32343160343416599289
-2.99999999999940003548	-42.32343160343416599289
-2.99999999999940003548	-42.32343160343416599289
-2.99999999999940003548	-42.32343160343416599289
-2.98302238962719989956	-42.22216106590181539104
-2.98302238962719989956	-42.22216106590181539104
-2.94688487934639997690	-42.00660275050957181975
-2.94688487934639997690	-42.00660275050957181975
-2.89999999999939994666	-41.72693695364426247352
-2.89999999999939994666	-41.72693695364426247352
-2.85311512065229999635	-41.44727115677836337682
-2.85311512065229999635	-41.44727115677836337682
-2.81697761037150007368	-41.23171284138611270009
-2.81697761037150007368	-41.23171284138611270009
-2.79999999999929993777	-41.13044230384016941571
-2.79999999999929993777	-41.13044230384016941571
-2.79999999999929993777	-41.13044230384016941571
-2.79999999999929993777	-41.13044230384016941571
-2.78302238962720016602	-40.69928388724891021866
-2.78302238962720016602	-40.69928388724891021866
-2.74688487934639979926	-39.78154626866005827424
-2.74688487934639979926	-39.78154626866005827424
-2.69999999999929984895	-38.59087161549521027837
-2.69999999999929984895	-38.59087161549521027837
-2.65311512065219989864	-37.40019696233036228250
-2.65311512065219989864	-37.40019696233036228250
-2.61697761037139997597	-36.48245934374152454893
-2.61697761037139997597	-36.48245934374152454893
-2.59999999999919984006	-36.05130092713812928196
-2.59999999999919984006	-36.05130092713812928196
-2.59999999999919984006	-36.05130092713812928196
-2.59999999999919984006	-36.05130092713812928196
-2.58302238962710006831	-35.41672147908886358891
-2.58302238962710006831	-35.41672147908886358891
-2.54688487934640006571	-34.06599420798321631310
-2.54688487934640006571	-34.06599420798321631310
-2.49999999999940003548	-32.31355789887996365906
-2.49999999999940003548	-32.31355789887996365906
-2.45311512065240000524	-30.56112158977670389959
-2.45311512065240000524	-30.56112158977670389959
-2.41697761037170000264	-29.21039431867105662377
-2.41697761037170000264	-29.21039431867105662377
-2.39999999999959978680	-28.57581487062655156706
-2.39999999999959978680	-28.57581487062655156706
-2.39999999999959978680	-28.57581487062655156706
-2.39999999999959978680	-28.57581487062655156706
-2.38302238962750001505	-28.14399063143501322770
-2.38302238962750001505	-28.14399063143501322770
-2.34688487934680001246	-27.22483578330136211321
-2.34688487934680001246	-27.22483578330136211321
-2.29999999999979998222	-26.03232241364147725449
-2.29999999999979998222	-26.03232241364147725449
-2.25311512065279995198	-24.83980904398158884305
-2.25311512065279995198	-24.83980904398158884305
-2.21697761037200002932	-23.92065419584539398556
-2.21697761037200002932	-23.92065419584539398556
-2.19999999999989981347	-23.48882995665453421452
-2.19999999999989981347	-23.48882995665453421452
-2.19999999999989981347	-23.48882995665453421452
-2.19999999999989981347	-23.48882995665453421452
-2.18302238962780004172	-23.17338932384043559409
-2.18302238962780004172	-23.17338932384043559409
-2.14688487934700011905	-22.50196155152953281231
-2.14688487934700011905	-22.50196155152953281231
-2.10000000000000008882	-21.63084979395648232980
-2.10000000000000008882	-21.63084979395648232980
-2.05311512065290013851	-20.75973803638157377804
-2.05311512065290013851	-20.75973803638157377804
-2.01697761037210021584	-20.08831026407066744355
-2.01697761037210021584	-20.08831026407066744355
-2.00000000000000000000	-19.77286963125656171769
-2.00000000000000000000	-19.77286963125656171769
-2.00000000000000000000	-19.77286963125656171769
-2.00000000000000000000	-19.77286963125656171769
-1.98302238962780008613	-19.63379835964209974009
-1.98302238962780008613	-19.63379835964209974009
-1.94688487934690002135	-19.33777969755908188176
-1.94688487934690002135	-19.33777969755908188176
-1.89999999999969992892	-18.95372448322912717344
-1.89999999999969992892	-18.95372448322912717344
-1.85311512065250005854	-18.56966926889917601784
-1.85311512065250005854	-18.56966926889917601784
-1.81697761037169991383	-18.27365060681697528366
-1.81697761037169991383	-18.27365060681697528366
-1.79999999999949999996	-18.13457933520642839653
-1.79999999999949999996	-18.13457933520642839653
-1.79999999999949999996	-18.13457933520642839653
-1.79999999999949999996	-18.13457933520642839653
-1.78302238962730008609	-18.12838195484910031041
-1.78302238962730008609	-18.12838195484910031041
-1.74688487934640002130	-18.11519058742649335159
-1.74688487934640002130	-18.11519058742649335159
-1.69999999999919992888	-18.09807608049931104688
-1.69999999999919992888	-18.09807608049931104688
-1.65311512065200005850	-18.08096157357213229488
-1.65311512065200005850	-18.08096157357213229488
-1.61697761037109999371	-18.06777020614952533606
-1.61697761037109999371	-18.06777020614952533606
-1.59999999999890007985	-18.06157282579370360054
-1.59999999999890007985	-18.06157282579370360054
-1.59999999999890007985	-18.06157282579370360054
-1.59999999999890007985	-18.06157282579370360054
-1.58302238962680008605	-18.07862020511383605026
-1.58302238962680008605	-18.07862020511383605026
-1.54688487934590002126	-18.11490622134001071686
-1.54688487934590002126	-18.11490622134001071686
-1.49999999999869992884	-18.16198377260268870259
-1.49999999999869992884	-18.16198377260268870259
-1.45311512065150005846	-18.20906132386537024104
-1.45311512065150005846	-18.20906132386537024104
-1.41697761037059999367	-18.24534734009154490764
-1.41697761037059999367	-18.24534734009154490764
-1.39999999999840007980	-18.26239471939289771285
-1.39999999999840007980	-18.26239471939289771285
-1.39999999999840007980	-18.26239471939289771285
-1.39999999999840007980	-18.26239471939289771285
-1.38302238962619994389	-18.07907499536701934062
-1.38302238962619994389	-18.07907499536701934062
-1.34688487934540002122	-17.68887176496976110229
-1.34688487934540002122	-17.68887176496976110229
-1.29999999999819992880	-17.18262130012290000991
-1.29999999999819992880	-17.18262130012290000991
-1.25311512065100005842	-16.67637083527603891753
-1.25311512065100005842	-16.67637083527603891753
-1.21697761037009999363	-16.28616760487770065424
-1.21697761037009999363	-16.28616760487770065424
-1.19999999999790007976	-16.10284788085690621529
-1.19999999999790007976	-16.10284788085690621529
-1.19999999999790007976	-16.10284788085690621529
-1.19999999999790007976	-16.10284788085690621529
-1.18302238962569994385	-15.96061499291607432838
-1.18302238962569994385	-15.96061499291607432838
-1.14688487934480010111	-15.65786670634564359261
-1.14688487934480010111	-15.65786670634564359261
-1.09999999999760000868	-15.26508046351672298613
-1.09999999999760000868	-15.26508046351672298613
-1.05311512065050005837	-14.87229422068864082007
-1.05311512065050005837	-14.87229422068864082007
-1.01697761036959999359	-14.56954593411821008431
-1.01697761036959999359	-14.56954593411821008431
-0.99999999999738997669	-14.42731304619034382597
-0.99999999999738997669	-14.42731304619034382597
-0.99999999999738997669	-14.42731304619034382597
-0.99999999999738997669	-14.42731304619034382597
-0.98302238962528998290	-14.36996128054951782360
-0.98302238962528998290	-14.36996128054951782360
-0.94688487934460996431	-14.24788579554095591106
-0.94688487934460996431	-14.24788579554095591106
-0.89999999999766999714	-14.08950481297211965170
-0.89999999999766999714	-14.08950481297211965170
-0.85311512065073002997	-13.93112383040328161599
-0.85311512065073002997	-13.93112383040328161599
-0.81697761037005001139	-13.80904834539471970345
-0.81697761037005001139	-13.80904834539471970345
-0.79999999999795001759	-13.75169657973668435602
-0.79999999999795001759	-13.75169657973668435602
-0.79999999999795001759	-13.75169657973668435602
-0.79999999999795001759	-13.75169657973668435602
-0.78302238962586001580	-13.55182092119371262129
-0.78302238962586001580	-13.55182092119371262129
-0.74688487934517999722	-13.12637773412844133247
-0.74688487934517999722	-13.12637773412844133247
-0.69999999999824003005	-12.57440687781859445238
-0.69999999999824003005	-12.57440687781859445238
-0.65311512065131005489	-12.02243602150886658819
-0.65311512065131005489	-12.02243602150886658819
-0.61697761037063003631	-11.59699283444359529938
-0.61697761037063003631	-11.59699283444359529938
-0.59999999999853004251	-11.39711717589709216725
-0.59999999999853004251	-11.39711717589709216725
-0.59999999999853004251	-11.39711717589709216725
-0.59999999999853004251	-11.39711717589709216725
-0.58302238962644004072	-11.15783553148721196635
-0.58302238962644004072	-11.15783553148721196635
-0.54688487934576002214	-10.64851515627968403521
-0.54688487934576002214	-10.64851515627968403521
-0.49999999999881999946	-9.98772186545605933361
-0.49999999999881999946	-9.98772186545605933361
-0.45311512065189002429	-9.32692857463257496420
-0.45311512065189002429	-9.32692857463257496420
-0.41697761037121000571	-8.81760819942504880942
-0.41697761037121000571	-8.81760819942504880942
-0.39999999999912000392	-8.57832655501806939924
-0.39999999999912000392	-8.57832655501806939924
-0.39999999999912000392	-8.57832655501806939924
-0.39999999999912000392	-8.57832655501806939924
-0.38302238962702001013	-8.39501996878411205216
-0.38302238962702001013	-8.39501996878411205216
-0.34688487934632000753	-8.00484470269156389577
-0.34688487934632000753	-8.00484470269156389577
-0.29999999999936999284	-7.49863051879182052062
-0.29999999999936999284	-7.49863051879182052062
-0.25311512065241997815	-6.99241633489207714547
-0.25311512065241997815	-6.99241633489207714547
-0.21697761037172999532	-6.60224106879963823502
-0.21697761037172999532	-6.60224106879963823502
-0.19999999999963000152	-6.41893448256688348152
-0.19999999999963000152	-6.41893448256688348152
-0.19999999999963000152	-6.41893448256688348152
-0.19999999999963000152	-6.41893448256688348152
-0.18302238962751998796	-6.29086425994690312535
-0.18302238962751998796	-6.29086425994690312535
-0.14688487934680000135	-6.01826176259035428018
-0.14688487934680000135	-6.01826176259035428018
-0.09999999999981500076	-5.66458672800814522219
-0.09999999999981500076	-5.66458672800814522219
-0.05311512065283000017	-5.31091169342593616420
-0.05311512065283000017	-5.31091169342593616420
-0.01697761037211200155	-5.03830919606940241806
-0.01697761037211200155	-5.03830919606940241806
0.00000000000000003891	-4.91023897344940785104
0.00000000000000003891	-4.91023897344940785104
