-24.00000000000000000000	370.00000000000000000000
-23.98799399699850098955	369.81990065194884209632
-23.97598799399699842638	369.63978413823247137771
-23.96398199099549941593	369.45965291834647814539
-23.95197598799399685277	369.27950978462456532725
-23.93996998499249784231	369.09935777584382776695
-23.92796398199099527915	368.91920008811445086394
-23.91595797898949626870	368.73903998589690900189
-23.90395197598799370553	368.55888071594984012336
-23.89194597298649469508	368.37872542689456167864
-23.87993996998499213191	368.19857709687283886524
-23.86793396698349312146	368.01843847149882549274
-23.85592796398199055830	367.83831201395207699534
-23.84392196098049154784	367.65819986865932378350
-23.83191595797898898468	367.47810383955265933764
-23.81990995497748997423	367.29802538341584750015
-23.80790395197598741106	367.11796561832142060666
-23.79589794897448840061	366.93792534666147275857
-23.78389194597298583744	366.75790509177653575534
-23.77188594297148682699	366.57790514672456083645
-23.75987993996998426383	366.39792563330109942399
-23.74787393696848525337	366.21796656905212330457
-23.73586793396698269021	366.03802793970993434414
-23.72386193096548367976	365.85810977425290957399
-23.71185592796398111659	365.67821221963407651856
-23.69984992496248210614	365.49833561216604493893
-23.68784392196097954297	365.31848054257363855868
-23.67583791895948053252	365.13864791184937530488
-23.66383191595797796936	364.95883897525129668793
-23.65182591295647895890	364.77905537208374653346
-23.63981990995497639574	364.59929913926765721044
-23.62781390695347738529	364.41957270715306549391
-23.61580790395197482212	364.23987887652367589908
-23.60380190095047581167	364.06022077628841771002
-23.59179589794897324850	363.88060180192803727550
-23.57978989494747423805	363.70102553535724609901
-23.56778389194597167489	363.52149564744934195915
-23.55577788894447266443	363.34201578504467988751
-23.54377188594297010127	363.16258944480193804338
-23.53176588294147109082	362.98321983674514967788
-23.51975987993996852765	362.80390974078414956239
-23.50775387693846951720	362.62466135984567472406
-23.49574787393696695403	362.44547617351366852745
-23.48374187093546794358	362.26635479625468860831
-23.47173586793396538042	362.08729684437082596560
-23.45972986493246636996	361.90830081579093757682
-23.44772386193096380680	361.72936398666246304856
-23.43571785892946479635	361.55048232846274913754
-23.42371185592796223318	361.37165044899160193381
-23.41170585292646322273	361.19286156016323730000
-23.39969984992496421228	361.01410747497862985256
-23.38769384692346164911	360.83537863545234358753
-23.37568784392196263866	360.65666417259399167961
-23.36368184092046007549	360.47795199882710903694
-23.35167583791896106504	360.29922893248067339300
-23.33966983491745850188	360.12048085322339829872
-23.32766383191595949143	359.94169288655820082568
-23.31565782891445692826	359.76284961475533918929
-23.30365182591295791781	359.58393531091530803678
-23.29164582291145535464	359.40493419221064641533
-23.27963981990995634419	359.22583068779920267843
-23.26763381690845378102	359.04660971642312006225
-23.25562781390695477057	358.86725696833576648714
-23.24362181090545220741	358.68775918593172491455
-23.23161580790395319696	358.50810443731290888536
-23.21960980490245063379	358.32828237699493456603
-23.20760380190095162334	358.14828448806338201393
-23.19559779889944906017	357.96810430031320038324
-23.18359179589795004972	357.78773757925256404633
-23.17158579289644748656	357.60718248131382779320
-23.15957978989494847610	357.42643967118283399031
-23.14757378689344591294	357.24551239781965250586
-23.13556778389194690249	357.06440652648996092466
-23.12356178089044433932	356.88313052493617760774
-23.11155577788894532887	356.70169540267892216434
-23.09954977488744276570	356.52011460333079639895
-23.08754377188594375525	356.33840385071306400278
-23.07553776888444119209	356.15658095046245534832
-23.06353176588294218163	355.97466554969707885903
-23.05152576288143961847	355.79267885813845850862
-23.03951975987994060802	355.61064333486837085729
-23.02751375687843804485	355.42858234559190577784
-23.01550775387693903440	355.24651979589344819033
-23.00350175087543647123	355.06447974647716137042
-22.99149574787393746078	354.88248601678145632832
-22.97948974487243489762	354.70056178363216758953
-22.96748374187093588716	354.51872918175320137379
-22.95547773886943332400	354.33700891297672797009
-22.94347173586793431355	354.15541987089392250709
-22.93146573286643175038	353.97397878746090782442
-22.91945972986493273993	353.79269990772962728443
-22.90745372686343017676	353.61159469841601321605
-22.89544772386193116631	353.43067159546183120256
-22.88344172086042860315	353.24993579509487062751
-22.87143571785892959269	353.06938909217058153445
-22.85942971485742702953	352.88902976878773642966
-22.84742371185592801908	352.70885253533828063155
-22.83541770885442545591	352.52884852528376313785
-22.82341170585292644546	352.34900534407285022098
-22.81140570285142743501	352.16930717173158882360
-22.79939969984992487184	351.98973491780111544358
-22.78739369684842586139	351.81026642646310165219
-22.77538769384692329822	351.63087672891219881421
-22.76338169084542428777	351.45153833930868358948
-22.75137568784392172461	351.27222158998932854956
-22.73936968484242271415	351.09289500103926684460
-22.72736368184092015099	350.91352567883717483710
-22.71535767883942114054	350.73407973779382018620
-22.70335167583791857737	350.55452273920030847876
-22.69134567283641956692	350.37482014090733173362
-22.67933966983491700375	350.19493775145213021460
-22.66733366683341799330	350.01484218225027689186
-22.65532766383191543014	349.83450129155772856393
-22.64332166083041641969	349.65388461409310139061
-22.63131565782891385652	349.47296377047473470157
-22.61930965482741484607	349.29171285097089594274
-22.60730365182591228290	349.11010876847319650551
-22.59529764882441327245	348.92813157607997709420
-22.58329164582291070928	348.74576474519994917500
-22.57128564282141169883	348.56299540065890596452
-22.55927963981990913567	348.37981450989337872670
-22.54727363681841012522	348.19621702394829299010
-22.53526763381690756205	348.01220196863721412228
-22.52326163081540855160	347.82777248488201848886
-22.51125562781390598843	347.64293581789911513624
-22.49924962481240697798	347.45770325555241697657
-22.48724362181090441482	347.27209001682217603957
-22.47523761880940540436	347.08611509195810640449
-22.46323161580790284120	346.89980103647320675009
-22.45122561280640383075	346.71317372169698955986
-22.43921960980490126758	346.52626204513217089698
-22.42721360680340225713	346.33909760434897862069
-22.41520760380189969396	346.15171433859916305664
-22.40320160080040068351	345.96414814273487081664
-22.39119559779889812035	345.77643645837383701291
-22.37918959479739910989	345.58861784755987400786
-22.36718359179589654673	345.40073155441842800428
-22.35517758879439753628	345.21281706050899629190
-22.34317158579289497311	345.02491363971211058015
-22.33116558279139596266	344.83705991857277695090
-22.31915957978989339949	344.64929344803510957718
-22.30715357678839438904	344.46165029245639743749
-22.29514757378689182588	344.27416464167311005440
-22.28314157078539281542	344.08686845170319656972
-22.27113556778389025226	343.89979111941300971012
-22.25912956478239124181	343.71295919614914282647
-22.24712356178088867864	343.52639614492932196299
-22.23511755877938966819	343.34012214531571771658
-22.22311155577789065774	343.15415394954362682256
-22.21110555277638809457	342.96850479286842983129
-22.19909954977488908412	342.78318436040785854857
-22.18709354677338652095	342.59819881202042779478
-22.17508754377188751050	342.41355086596485080008
-22.16308154077038494734	342.22923994124403179740
-22.15107553776888593688	342.04526235766212494127
-22.13906953476738337372	341.86161159171928147771
-22.12706353176588436327	341.67827858555375541982
-22.11505752876438180010	341.49525210522529050650
-22.10305152576288278965	341.31251914373575573336
-22.09104552276138022648	341.13006536331101870019
-22.07903951975988121603	340.94787557065279770541
-22.06703351675837865287	340.76593421810645168080
-22.05502751375687964241	340.58422592302383691276
-22.04302151075537707925	340.40273599701674811513
-22.03101550775387806880	340.22145097634250987539
-22.01900950475237550563	340.04035914432262188711
-22.00700350175087649518	339.85945103651158660796
-21.99499749874937393201	339.67871991929104069641
-21.98299149574787492156	339.49816223269175452515
-21.97098549274637235840	339.31777798853750027774
-21.95897948974487334795	339.13757111547317890654
-21.94697348674337078478	338.95754974306919393712
-21.93496748374187177433	338.77772641800430619696
-21.92296148074036921116	338.59811824628508247770
-21.91095547773887020071	338.41874695657833171936
-21.89894947473736763754	338.23963888096949403916
-21.88694347173586862709	338.06082485082771427187
-21.87493746873436606393	337.88234000690454195137
-21.86293146573286705348	337.70422352431756962687
-21.85092546273136449031	337.52651825462891110874
-21.83891945972986547986	337.34927028880139232569
-21.82691345672836291669	337.17252844636402642209
-21.81490745372686390624	336.99634369761582775027
-21.80290145072536134307	336.82076852710832781668
-21.79089544772386233262	336.64585624793750184836
-21.77888944472235976946	336.47166027751865158280
-21.76688344172086075901	336.29823338648299113629
-21.75487743871935819584	336.12562693308922234792
-21.74287143571785918539	335.95389009607674779545
-21.73086543271635662222	335.78306911916570243193
-21.71885942971485761177	335.61320658043325693143
-21.70685342671335504861	335.44434069954166943717
-21.69484742371185603815	335.27650469527310406193
-21.68284142071035347499	335.10972620502769814266
-21.67083541770885446454	334.94402677688555058921
-21.65882941470735545408	334.77942144352618925041
-21.64682341170585289092	334.61591838576919144543
-21.63481740870435388047	334.45351869176579384657
-21.62281140570285131730	334.29221621597474722876
-21.61080540270135230685	334.13199754002818053777
-21.59879939969984974368	333.97284203547604874984
-21.58679339669835073323	333.81472202624013334571
-21.57478739369684817007	333.65760304645499445542
-21.56278139069534915961	333.50144418727211359510
-21.55077538769384659645	333.34619852420786401126
-21.53876938469234758600	333.19181361477183145325
-21.52676338169084502283	333.03823205446536803720
-21.51475737868934601238	332.88539207784026530135
-21.50275137568784344921	332.73322819018568452520
-21.49074537268634443876	332.58167181461391237463
-21.47873936968484187560	332.43065193885314556610
-21.46673336668334286514	332.28009574597314212951
-21.45472736368184030198	332.12992921355436237718
-21.44272136068034129153	331.98007766649169525408
-21.43071535767883872836	331.83046626967598058400
-21.41870935467733971791	331.68102044822529705925
-21.40670335167583715474	331.53166622470342872475
-21.39469734867433814429	331.38233046485089516864
-21.38269134567283558113	331.23294102571020403047
-21.37068534267133657067	331.08342680261506529860
-21.35867933966983400751	330.93371767427134955142
-21.34667333666833499706	330.78374434803203030242
-21.33466733366683243389	330.63343811038350850140
-21.32266133066533342344	330.48273049056342642871
-21.31065532766383086027	330.33155284803331142029
-21.29864932466233184982	330.17983589717454151469
-21.28664332166082928666	330.02750918498662713318
-21.27463731865933027620	329.87450053968080965205
-21.26263131565782771304	329.72073550981218659217
-21.25062531265632870259	329.56613681492916612115
-21.23861930965482613942	329.41062382958824628076
-21.22661330665332712897	329.25411212294881124762
-21.21460730365182456580	329.09651307599352776379
-21.20260130065032555535	328.93773359770557362936
-21.19059529764882299219	328.77767596025705643115
-21.17858929464732398174	328.61623777144484392920
-21.16658329164582141857	328.45331210025801738084
-21.15457728864432240812	328.28878776861876076509
-21.14257128564281984495	328.12254981904146688976
-21.13056528264132083450	327.95448016427252468930
-21.11855927963981827133	327.78445842096078877148
-21.10655327663831926088	327.61236292515843615547
-21.09454727363681669772	327.43807192303637521036
-21.08254127063531768727	327.26146492572701163226
-21.07053526763381867681	327.08242421276122513518
-21.05852926463231611365	326.90083646426285213238
-21.04652326163081710320	326.71659449799273033932
-21.03451725862931454003	326.52959908360145391271
-21.02251125562781552958	326.33976080315073886595
-21.01050525262631296641	326.14700192418473534417
-20.99849924962481395596	325.95125824945921522158
-20.98649324662331139280	325.75248090593595406972
-20.97448724362181238234	325.55063803488525309149
-20.96248124062030981918	325.34571634494540148808
-20.95047523761881080873	325.13772249080705023516
-20.93846923461730824556	324.92668424182016906343
-20.92646323161580923511	324.71265140726808340332
-20.91445722861430667194	324.49569648828349954783
-20.90245122561280766149	324.27591503036728681764
-20.89044522261130509833	324.05342565513592489879
-20.87843921960980608787	323.82836975521405520340
-20.86643321660830352471	323.60091084199325450754
-20.85442721360680451426	323.37123354221239424078
-20.84242121060530195109	323.13954224584023222633
-20.83041520760380294064	322.90605941445653570554
-20.81840920460230037747	322.67102356607568935942
-20.80640320160080136702	322.43468695901589171626
-20.79439719859929880386	322.19731300383716643410
-20.78239119559779979340	321.95917343842006630439
-20.77038519259629723024	321.72054530679361050716
-20.75837918959479821979	321.48170778722203522193
-20.74637318659329565662	321.24293891920757459957
-20.73436718359179664617	321.00451228235135658906
-20.72236118059029408300	320.76669368235417323376
-20.71035517758879507255	320.52973790075810711642
-20.69834917458729250939	320.29388556527374021243
-20.68634317158579349893	320.05936019668257586090
-20.67433716858429093577	319.82636548633462325597
-20.66233116558279192532	319.59508285519683568054
-20.65032516258128936215	319.36566934128097727807
-20.63831915957979035170	319.13825585715824217914
-20.62631315657828778853	318.91294585322526700111
-20.61430715357678877808	318.68981441553449940329
-20.60230115057528621492	318.46890781945677417752
-20.59029514757378720446	318.25024355234842232676
-20.57828914457228464130	318.03381080989970541850
-20.56628314157078563085	317.81957146211317422058
-20.55427713856928306768	317.60746147606522526985
-20.54227113556778405723	317.39739277393124439186
-20.53026513256628149406	317.18925549635974903140
-20.51825912956478248361	316.98292063336441515276
-20.50625312656327992045	316.77824297760673744051
-20.49424712356178090999	316.57506434844225395864
-20.48224112056028189954	316.37321702952692703548
-20.47023511755877933638	316.17252735826872367397
-20.45822911455728032593	315.97281940205118644371
-20.44622311155577776276	315.77391865404575810317
-20.43421710855427875231	315.57565568062216243561
-20.42221110555277618914	315.37786965288626106485
-20.41020510255127717869	315.18041169673841750409
-20.39819909954977461553	314.98314799901612559552
-20.38619309654827560507	314.78596261171969672432
-20.37418709354677304191	314.58875990193399729833
-20.36218109054527403146	314.39146660175612169041
-20.35017508754377146829	314.19403342017665181629
-20.33816908454227245784	313.99643618731084870888
-20.32616308154076989467	313.79867651044452259157
-20.31415707853927088422	313.60078193088918396825
-20.30215107553776832106	313.40280558041342828801
-20.29014507253626931060	313.20482534585488565426
-20.27813906953476674744	313.00694256019477279551
-20.26613306653326773699	312.80928024770753381745
-20.25412706353176517382	312.61198095957388431998
-20.24212106053026616337	312.41520424439028147390
-20.23011505752876360020	312.21912380513384732694
-20.21810905452726458975	312.02392440021594666177
-20.20610305152576202659	311.82979855112608902346
-20.19409704852426301613	311.63694312273827335957
-20.18209104552276045297	311.44555584453547680823
-20.17008504252126144252	311.25583184176110762564
-20.15807903951975887935	311.06796024479899642756
-20.14607303651825986890	310.88212094293800191735
-20.13406703351675730573	310.69848154512953897211
-20.12206103051525829528	310.51719460547303697240
-20.11005502751375573212	310.33839516506532163476
-20.09804902451225672166	310.16219865466553073929
-20.08604302151075415850	309.98869919449566623371
-20.07403701850925514805	309.81796831861805685548
-20.06203101550775258488	309.65005414187680798932
-20.05002501250625357443	309.48498097758823632830
-20.03801900950475101126	309.32274940421848441474
-20.02601300650325200081	309.16333676943122554803
-20.01400700350174943765	309.00669811032770439851
-20.00200100050025042719	308.85276745967144051974
-19.98999499749874786403	308.70145949957992570489
-19.97798899449724885358	308.55267151677247738917
-19.96598299149574629041	308.40628560715595085640
-19.95397698849424727996	308.26217107246048954039
-19.94197098549274471679	308.12018694790913286852
-19.92996498249124570634	307.98018459763306964305
-19.91795897948974314318	307.84201031375641832710
-19.90595297648824413272	307.70550785582236130722
-19.89394697348674512227	307.57052086947555835650
-19.88194097048524255911	307.43689512703730315479
-19.86993496748374354866	307.30448053770049909872
-19.85792896448224098549	307.17313288143805038999
-19.84592296148074197504	307.04271522820852169389
-19.83391695847923941187	306.91309901248337155266
-19.82191095547774040142	306.78416474232210475748
-19.80990495247623783825	306.65580233196510562266
-19.79789894947473882780	306.52791105697343709835
-19.78589294647323626464	306.40039914107586582759
-19.77388694347173725419	306.27318299385370892196
-19.76188094047023469102	306.14618612794509999731
-19.74987493746873568057	306.01933779336656016312
-19.73786893446723311740	305.89257137458901070204
-19.72586293146573410695	305.76582260298391702236
-19.71385692846423154378	305.63902764296756231488
-19.70185092546273253333	305.51212111448791119983
-19.68984492246122997017	305.38503411727151615196
-19.67783891945973095972	305.25769232340974213002
-19.66583291645822839655	305.13001420434284227667
-19.65382691345672938610	305.00190945610177095659
-19.64182091045522682293	304.87327768280016471181
-19.62981490745372781248	304.74400739291377249174
-19.61780890445222524932	304.61397535593113161667
-19.60580290145072623886	304.48304635866617218198
-19.59379689844922367570	304.35107339104251877870
-19.58179089544772466525	304.21789828072297723338
-19.56978489244622210208	304.08335278477284191467
-19.55777888944472309163	303.94726013488497073922
-19.54577288644322052846	303.80943702081208357413
-19.53376688344172151801	303.66969598483973413749
-19.52176088044021895485	303.52784818866081195665
-19.50975487743871994439	303.38370650317222043668
-19.49774887443721738123	303.23708886176535770574
-19.48574287143571837078	303.08782180888863422297
-19.47373686843421580761	302.93574416824606032606
-19.46173086543271679716	302.78071074917824034856
-19.44972486243121423399	302.62259600570871498348
-19.43771885942971522354	302.46129756058286375264
-19.42571285642821266038	302.29673950645383229130
-19.41370685342671364992	302.12887539825288740758
-19.40170085042521108676	301.95769085470118398007
-19.38969484742371207631	301.78320569285898500311
-19.37768884442220951314	301.60547552745845223399
-19.36568284142071050269	301.42459277640705295198
-19.35367683841920793952	301.24068702509549666502
-19.34167083541770892907	301.05392471478523930273
-19.32966483241620636591	300.86450813412756133403
-19.31765882941470735545	300.67267370750079180652
-19.30565282641320834500	300.47868958902904523711
-19.29364682341170578184	300.28285258654312883664
-19.28164082041020677138	300.08548445501673995750
-19.26963481740870420822	299.88692761381838636225
-19.25762881440720519777	299.68754035612164443592
-19.24562281140570263460	299.48769163167673923454
-19.23361680840420362415	299.28775549556581836441
-19.22161080540270106098	299.08810532524165637369
-19.20960480240120205053	298.88910791584811477151
-19.19759879939969948737	298.69111756930743695193
-19.18559279639820047692	298.49447029578573165054
-19.17358679339669791375	298.29947824676816026113
-19.16158079039519890330	298.10642449704198497784
-19.14957478739369634013	297.91555828836669661541
-19.13756878439219732968	297.72709084056032224908
-19.12556278139069476651	297.54119182623708184110
-19.11355677838919575606	297.35798659365616458672
-19.10155077538769319290	297.17755420828081014406
-19.08954477238619418245	296.99992636796338274507
-19.07753876938469161928	296.82508722946295165457
-19.06553276638319260883	296.65297416560156307241
-19.05352676338169004566	296.48347945315248352927
-19.04152076038019103521	296.31645287191588522546
-19.02951475737868847204	296.15170517579258557817
-19.01750875437718946159	295.98901237743257297552
-19.00550275137568689843	295.82812076963074332525
-18.99349674837418788798	295.66875258948203963882
-18.98149074537268532481	295.51061221577685955708
-18.96948474237118631436	295.35339277658249557135
-18.95747873936968375119	295.19678303274611153029
-18.94547273636818474074	295.04047439445054124008
-18.93346673336668217758	294.88416792219254602969
-18.92146073036518316712	294.72758116081155321808
-18.90945472736368060396	294.57045465559292551916
-18.89744872436218159351	294.41255800305845014009
-18.88544272136067903034	294.25369529581911365312
-18.87343671835918001989	294.09370983073068828162
-18.86143071535767745672	293.93248796240254705481
-18.84942471235617844627	293.76996199966566791772
-18.83741870935467588311	293.60611206061923894595
-18.82541270635317687265	293.44096682203502268749
-18.81340670335167430949	293.27460312080819448965
-18.80140070035017529904	293.10714438839278273008
-18.78939469734867273587	292.93875792328458373959
-18.77738869434717372542	292.76965103113599298013
-18.76538269134567116225	292.60006608649797499311
-18.75337668834417215180	292.43027459399201006818
-18.74137068534266958864	292.26057034939981349453
-18.72936468234117057818	292.09126182225685397498
-18.71735867933967156773	291.92266390055931424286
-18.70535267633816900457	291.75508915474722471117
-18.69334667333666999411	291.58883879179785481028
-18.68134067033516743095	291.42419348074560048190
-18.66933466733366842050	291.26140423796204004248
-18.65732866433216585733	291.10068356387415633435
-18.64532266133066684688	290.94219702235443492100
-18.63331665832916428371	290.78605544971242125030
-18.62131065532766527326	290.63230797209536149239
-18.60930465232616271010	290.48093599824215971239
-18.59729864932466369964	290.33184833913662714622
-18.58529264632316113648	290.18487758739718174184
-18.57328664332166212603	290.03977786756234991117
-18.56128064032015956286	289.89622404415985101878
-18.54927463731866055241	289.75381244802900937430
-18.53726863431715798924	289.61206315328843174939
-18.52526263131565897879	289.47042380814571060910
-18.51325662831415641563	289.32827499297241047316
-18.50125062531265740517	289.18493704931978527384
-18.48924462231115484201	289.03967829438539638431
-18.47723861930965583156	288.89172450746121967313
-18.46523261630815326839	288.74026954864143590385
-18.45322661330665425794	288.58448694609268159184
-18.44122061030515169477	288.42354226697057129059
-18.42921460730365268432	288.25660606906313887521
-18.41720860430215012116	288.08286721582214795490
-18.40520260130065111071	287.90154632694589054154
-18.39319659829914854754	287.71190913032427260987
-18.38119059529764953709	287.51327947913409843750
-18.36918459229614697392	287.30505180024204037181
-18.35717858929464796347	287.08670274684988044100
-18.34517258629314540030	286.85780183938953769029
-18.33316658329164638985	286.61802089389135517195
-18.32116058029014382669	286.36714205613361627911
-18.30915457728864481624	286.10506428251051147527
-18.29714857428714225307	285.83180813432113609451
-18.28514257128564324262	285.54751878061938441533
-18.27313656828414067945	285.25246713534255604827
-18.26113056528264166900	284.94704908660241926555
-18.24912456228113910583	284.63178280916213225282
-18.23711855927964009538	284.30730418462712805194
-18.22511255627813753222	283.97436038710753791747
-18.21310655327663852177	283.63380172444470872506
-18.20110055027513595860	283.28657185591623601795
-18.18909454727363694815	282.93369653606833935555
-18.17708854427213438498	282.57627106041110209844
-18.16508254127063537453	282.21544661167774847854
-18.15307653826913281137	281.85241572473518090192
-18.14107053526763380091	281.48839710369708200233
-18.12906453226613479046	281.12462003601751803217
-18.11705852926463222730	280.76230865514895640445
-18.10505252626313321684	280.40266630558772931181
-18.09304652326163065368	280.04686026177745361565
-18.08104052026013164323	279.69600704545632652298
-18.06903451725862908006	279.35115857473647338338
-18.05702851425713006961	279.01328936274558145669
-18.04502251125562750644	278.68328496432019392159
-18.03301650825412849599	278.36193184641962261594
-18.02101050525262593283	278.04990883205351792640
-18.00900450225112692237	277.74778023910215551950
-17.99699849924962435921	277.45599080499556521318
-17.98499249624812534876	277.17486245639713615674
-17.97298649324662278559	276.90459295041273435345
-17.96098049024512377514	276.64525638104686322549
-17.94897448724362121197	276.39680551226683746791
-17.93696848424212220152	276.15907586772891590954
-17.92496248124061963836	275.93179147754727864594
-17.91295647823912062790	275.71457215500402071484
-17.90095047523761806474	275.50694215129323083602
-17.88894447223611905429	275.30834001473442640417
-17.87693846923461649112	275.11812946272937097092
-17.86493246623311748067	274.93561106041840957914
-17.85292646323161491750	274.76003448971295028969
-17.84092046023011590705	274.59061118631910858312
-17.82891445722861334389	274.42652712056923292039
-17.81690845422711433343	274.26695550034042980769
-17.80490245122561177027	274.11106918094429829580
-17.79289644822411275982	273.95805257745286098725
-17.78089044522261019665	273.80711288920775814404
-17.76888444222111118620	273.65749046392460286370
-17.75687843921960862303	273.50846814944793550239
-17.74487243621810961258	273.35937950439529231517
-17.73286643321660704942	273.20961576414697447035
-17.72086043021510803896	273.05863148537468987342
-17.70885442721360547580	272.90594881998657683653
-17.69684842421210646535	272.75116039745518037307
-17.68484242121060390218	272.59393082239466821193
-17.67283641820910489173	272.43399682143785867083
-17.66083041520760232856	272.27116609936587110496
-17.64882441220610331811	272.10531498859103294308
-17.63681840920460075495	271.93638499800198360390
-17.62481240620310174450	271.76437838645603051191
-17.61280640320159918133	271.58935290248757610243
-17.60080040020010017088	271.41141584481334803058
-17.58879439719859760771	271.23071760773393634736
-17.57678839419709859726	271.04744488142409863940
-17.56478239119559603409	270.86181367929680163797
-17.55277638819409702364	270.67406236313945555594
-17.54077038519259801319	270.48444483163098084333
-17.52876438219109545003	270.29322402932689328736
-17.51675837918959643957	270.10066592146267794305
-17.50475237618809387641	269.90703406527262586678
-17.49274637318659486596	269.71258489129780855365
-17.48074037018509230279	269.51756378875199970935
-17.46873436718359329234	269.32220206787911820356
-17.45672836418209072917	269.12671484981672165304
-17.44472236118059171872	268.93129991128296296665
-17.43271635817908915556	268.73613748791018451811
-17.42071035517759014510	268.54139101676946665975
-17.40870435217608758194	268.34720877603530198030
-17.39669834917458857149	268.15372635831568004505
-17.38469234617308600832	267.96106989433758371888
-17.37268634317158699787	267.76935992584498080760
-17.36068034017008443470	267.57871581108076952660
-17.34867433716858542425	267.38926053339201871495
-17.33666833416708286109	267.20112577355826033454
-17.32466233116558385063	267.01445709958028373876
-17.31265632816408128747	266.82941912399564898806
-17.30065032516258227702	266.64620047836183402978
-17.28864432216107971385	266.46501845734064772842
-17.27663831915958070340	266.28612319076313497135
-17.26463231615807814023	266.10980121099123607564
-17.25262631315657912978	265.93637829463045818557
-17.24062031015507656662	265.76622147191858402948
-17.22861430715357755616	265.59974011362356804966
-17.21660830415207499300	265.43738602367369594504
-17.20460230115057598255	265.27965248563924660630
-17.19259629814907341938	265.12707223218137642107
-17.18059029514757440893	264.98021432825748888717
-17.16858429214607184576	264.83967998078810524021
-17.15657828914457283531	264.70609730923007418824
-17.14457228614307027215	264.58011513262425751236
-17.13256628314157126169	264.46239584881124073945
-17.12056028014006869853	264.35360750023647824491
-17.10855427713856968808	264.25441513776678448266
-17.09654827413706712491	264.16547160888904954845
-17.08454227113556811446	264.08740790931267383712
-17.07253626813406555129	264.02082324710949023938
-17.06053026513256654084	263.96627497596114153566
-17.04852426213106397768	263.92426855870058943765
-17.03651825912956496722	263.89524772410510422560
-17.02451225612806240406	263.87958497879219521565
-17.01250625312656339361	263.87757263216059300248
-17.00050025012506083044	263.88941448568499481553
-16.98849424712356181999	263.91521832868920682813
-16.97648824412206280954	263.95498937115752369209
-16.96448224112056024637	264.00862473044742273487
-16.95247623811906123592	264.07590907319917050700
-16.94047023511755867275	264.15651149659265684022
-16.92846423211605966230	264.24998371469473568141
-16.91645822911455709914	264.35575959630801889944
-16.90445222611305808869	264.47315608080532456370
-16.89244622311155552552	264.60137547825871706664
-16.88044022011005651507	264.73950914008901236230
-16.86843421710855395190	264.88654246678424897254
-16.85642821410705494145	265.04136120028971390639
-16.84442221110555237829	265.20275893073147699397
-16.83241620810405336783	265.36944573047367157415
-16.82041020510255080467	265.54005781335098390628
-16.80840420210105179422	265.71316810346860393111
-16.79639819909954923105	265.88729758638476141641
-16.78439219609805022060	266.06092730591302597531
-16.77238619309654765743	266.23251086229549855489
-16.76038019009504864698	266.40048726216161867342
-16.74837418709354608382	266.56329396750948035333
-16.73636818409204707336	266.71937998992024176914
-16.72436218109054451020	266.86721887728555202557
-16.71235617808904549975	267.00532144341110551977
-16.70035017508754293658	267.13224809585744878859
-16.68834417208604392613	267.24662062414859065029
-16.67633816908454136296	267.34713331887866161196
-16.66433216608304235251	267.43256330210368787448
-16.65232616308153978935	267.50177996053508877594
-16.64032016008004077889	267.55375338527625217466
-16.62831415707853821573	267.58756173495072516744
-16.61630815407703920528	267.60239745288197354967
-16.60430215107553664211	267.59757228329158351698
-16.59229614807403763166	267.57252104610131482332
-16.58029014507253506849	267.52680414467107539167
-16.56828414207103605804	267.46010879550198069410
-16.55627813906953349488	267.37224898341975176663
-16.54427213606803448442	267.26316415988145536176
-16.53226613306653192126	267.13291671566867080401
-16.52026013006503291081	266.98168827223463495102
-16.50825412706353034764	266.80977484823245049483
-16.49624812406203133719	266.61758096918714500134
-16.48424212106052877402	266.40561279878488676331
-16.47223611805902976357	266.17447037978223534083
-16.46023011505752720041	265.92483908101308998084
-16.44822411205602818995	265.65748035435109386526
-16.43621810905452562679	265.37322191172580687635
-16.42421210605302661634	265.07294743736383679789
-16.41220610305152405317	264.75758595430272634985
-16.40020010005002504272	264.42810096689692045402
-16.38819409704852603227	264.08547950248282631946
-16.37618809404702346910	263.73072117559610205717
-16.36418209104552445865	263.36482739713619594113
-16.35217608804402189548	262.98879084865734512277
-16.34017008504252288503	262.60358533854849838463
-16.32816408204102032187	262.21015615225724104675
-16.31615807903952131142	261.80941100295075329996
-16.30415207603801874825	261.40221168211178337515
-16.29214607303651973780	260.98936650159072314636
-16.28014007003501717463	260.57162360961893909916
-16.26813406703351816418	260.14966525330032709462
-16.25612806403201560101	259.72410304920356338698
-16.24412206103051659056	259.29547431197067908215
-16.23211605802901402740	258.86423947841961989980
-16.22011005502751501695	258.43078065158107392563
-16.20810405202601245378	257.99540127557202140451
-16.19609804902451344333	257.55832693833241364700
-16.18409204602301088016	257.11970728516109829798
-16.17208604302151186971	256.67961901187015882897
-16.16008004002000930655	256.23806989237994002906
-16.14807403701851029609	255.79500378190323317540
-16.13606803401700773293	255.35030652368683945497
-16.12406203101550872248	254.90381267479486382399
-16.11205602801400615931	254.45531295481694655791
-16.10005002501250714886	254.00456231086062075519
-16.08804402201100458569	253.55128848292150678390
-16.07603801900950557524	253.09520094589876748614
-16.06403201600800301208	252.63600009829144710238
-16.05202601300650400162	252.17338656312918487856
-16.04002001000500143846	251.70707046406951690187
-16.02801400700350242801	251.23678053895042694421
-16.01600800400199986484	250.76227295447404230799
-16.00400200100050085439	250.28333968917462470927
-15.99199599799900006758	249.79981635738394629698
-15.97998999499749928077	249.31158935453376557234
-15.96798399199599849396	248.81860221375447395076
-15.95597798899449770715	248.32086107524671092506
-15.94397198599299692034	247.81843918317230190951
-15.93196598299149613354	247.31148033966474031331
-15.91995997998999534673	246.80020126177632278086
-15.90795397698849455992	246.28489280452774323749
-15.89594797398699377311	245.76592003142548037431
-15.88394197098549298630	245.24372113256984562213
-15.87193596798399219949	244.71880520947769355189
-15.85992996498249141268	244.19174896465409574375
-15.84792396198099062588	243.66319235242713148182
-15.83591795897948983907	243.13383326527383587745
-15.82391195597798905226	242.60442134646763179262
-15.81190595297648826545	242.07575103505104152646
-15.79989994997498747864	241.54865396257031306959
-15.78789394697348669183	241.02399083242164579133
-15.77588794397198590502	240.50264292180247593933
-15.76388194097048511821	239.98550335292165414103
-15.75187593796898433141	239.47346828413469665975
-15.73986993496748354460	238.96742817290771654370
-15.72786393196598275779	238.46825926091634073600
-15.71585792896448197098	237.97681542712825830677
-15.70385192596298118417	237.49392054745456448472
-15.69184592296148039736	237.02036148957301975315
-15.67983991995997961055	236.55688185899393261025
-15.66783391695847882374	236.10417659755475483507
-15.65582791395697803694	235.66288751856743033386
-15.64382191095547725013	235.23359984410353717976
-15.63181590795397646332	234.81683978974427873254
-15.61980990495247567651	234.41307322093283005415
-15.60780390195097488970	234.02270538326084192704
-15.59579789894947410289	233.64608168704017998607
-15.58379189594797331608	233.28348950479977474970
-15.57178589294647252927	232.93516091936385237204
-15.55977988994497174247	232.60127634035183064043
-15.54777388694347095566	232.28196888872358272238
-15.53576788394197016885	231.97732943277756589850
-15.52376188094046938204	231.68741214516407467272
-15.51175587793897037159	231.41224043932027143455
-15.49974987493746958478	231.15181313554731445947
-15.48774387193596879797	230.90611070194125886701
-15.47573786893446801116	230.67510141371144527511
-15.46373186593296722435	230.45874727615463939401
-15.45172586293146643754	230.25700956170885547181
-15.43971985992996565074	230.06985382002497431131
-15.42771385692846486393	229.89725423172967566643
-15.41570785392696407712	229.73919719130174144084
-15.40370185092546329031	229.59568402196612169064
-15.39169584792396250350	229.46673274538835585190
-15.37968984492246171669	229.35237885082011644045
-15.36768384192096092988	229.25267503176240779794
-15.35567783891946014307	229.16768988267807571901
-15.34367183591795935627	229.09750557328058562234
-15.33166583291645856946	229.04221454290575366031
-15.31965982991495778265	229.00191528188349820994
-15.30765382691345699584	228.97670729011767321026
-15.29564782391195620903	228.96668532471528578753
-15.28364182091045542222	228.97193306797311151968
-15.27163581790895463541	228.99251636385656638595
-15.25962981490745384860	229.02847618487132308474
-15.24762381190595306180	229.07982150156499301374
-15.23561780890445227499	229.14652223351561133313
-15.22361180590295148818	229.22850246333717905145
-15.21160580290145070137	229.32563409383331531899
-15.19959979989994991456	229.43773112289804316788
-15.18759379689844912775	229.56454470114593391372
-15.17558779389694834094	229.70575912367726800767
-15.16358179089544755413	229.86098889006694889758
-15.15157578789394676733	230.02977694591763224707
-15.13956978489244598052	230.21159419552185454449
-15.12756378189094519371	230.40584034879552177699
-15.11555777888944440690	230.61184613720672587078
-15.10355177588794362009	230.82887690350688103536
-15.09154577288644283328	231.05613753930762754862
-15.07953976988494204647	231.29277871358749507635
-15.06753376688344125967	231.53790430473932815403
-15.05552776388194047286	231.79057991945575167847
-15.04352176088043968605	232.04984235426337590980
-15.03151575787893889924	232.31470983049902656603
-15.01950975487743811243	232.58419281157108571279
-15.00750375187593732562	232.85730519301284857647
-14.99549774887443653881	233.13307564159114804170
-14.98349174587293575200	233.41055884998235114836
-14.97148574287143496520	233.68884646858148812498
-14.95947973986993417839	233.96707747608249405857
-14.94747373686843339158	234.24444775567008036887
-14.93546773386693260477	234.52021865400109845723
-14.92346173086543359432	234.79372431551647082415
-14.91145572786393280751	235.06437760480309862032
-14.89944972486243202070	235.33167445439221410197
-14.88744372186093123389	235.59519650411388624889
-14.87543771885943044708	235.85461193041027172512
-14.86343171585792966027	236.10967439923601318696
-14.85142571285642887347	236.36022011366665651622
-14.83941970985492808666	236.60616296635845401397
-14.82741370685342729985	236.84748784676767741075
-14.81540770385192651304	237.08424219273203448211
-14.80340170085042572623	237.31652591481329750422
-14.79139569784892493942	237.54447985887051686404
-14.77938969484742415261	237.76827300687656929767
-14.76738369184592336580	237.98808864724091449716
-14.75537768884442257900	238.20410977314594447307
-14.74337168584292179219	238.41650399000602078559
-14.73136568284142100538	238.62540823055934424701
-14.71935967983992021857	238.83091358785085844829
-14.70735367683841943176	239.03305058210651168338
-14.69534767383691864495	239.23177517701162742014
-14.68334167083541785814	239.42695585408083047696
-14.67133566783391707133	239.61836204066824507208
-14.65932966483241628453	239.80565416786842547481
-14.64732366183091549772	239.98837560938400770283
-14.63531765882941471091	240.16594672178962355247
-14.62331165582791392410	240.33766117102899784186
-14.61130565282641313729	240.50268469007653493463
-14.59929964982491235048	240.66005636920291976821
-14.58729364682341156367	240.80869253402124741115
-14.57528764382191077686	240.94739321833253598015
-14.56328164082040999006	241.07485118966960158104
-14.55127563781890920325	241.18966343631063864450
-14.53926963481740841644	241.29034497637928780023
-14.52726363181590762963	241.37534480342029041822
-14.51525762881440684282	241.44306373948586497136
-14.50325162581290605601	241.49187392716675049087
-14.49124562281140526920	241.52013965698532160786
-14.47923961980990448239	241.52623919686809017549
-14.46723361680840369559	241.50858726667749465378
-14.45522761380690290878	241.46565778352774600535
-14.44322161080540212197	241.39600649324501091542
-14.43121560780390133516	241.29829310011925258550
-14.41920960480240054835	241.17130251115952432883
-14.40720360180089976154	241.01396482239172769368
-14.39519759879939897473	240.82537369315599562469
-14.38319159579789818793	240.60480277956722261479
-14.37118559279639740112	240.35171992984894018264
-14.35917958979489661431	240.06579888156102242647
-14.34717358679339582750	239.74692824312617744908
-14.33516758379189681705	239.39521758871080692188
-14.32316158079039603024	239.01100054555621454710
-14.31115557778889524343	238.59483480531378063461
-14.29914957478739445662	238.14749904480854070243
-14.28714357178589366981	237.66998679589096354903
-14.27513756878439288300	237.16349735758484484904
-14.26313156578289209619	236.62942389555095701326
-14.25112556278139130939	236.06933892295634791481
-14.23911955977989052258	235.48497740220503260389
-14.22711355677838973577	234.87821774776426764220
-14.21510755377688894896	234.25106104571781884260
-14.20310155077538816215	233.60560883500946260938
-14.19109554777388737534	232.94403981804026670943
-14.17908954477238658853	232.26858588393037052811
-14.16708354177088580172	231.58150783605429978707
-14.15507753876938501492	230.88507121628535401214
-14.14307153576788422811	230.18152261174319050951
-14.13106553276638344130	229.47306681590896459966
-14.11905952976488265449	228.76184519506310266479
-14.10705352676338186768	228.04991558357613712360
-14.09504752376188108087	227.33923399823459021718
-14.08304152076038029406	226.63163842321856122908
-14.07103551775887950726	225.92883487439075906877
-14.05902951475737872045	225.23238590510152334900
-14.04702351175587793364	224.54370166674726760903
-14.03501750875437714683	223.86403358684887621166
-14.02301150575287636002	223.19447067650091298674
-14.01100550275137557321	222.53593842872740538041
-13.99899949974987478640	221.88920022060335668357
-13.98699349674837399959	221.25486108595549694655
-13.97498749374687321279	220.63337368297655416427
-13.96298149074537242598	220.02504624302625302334
-13.95097548774387163917	219.43005225400247582002
-13.93896948474237085236	218.84844160458985129480
-13.92696348174087006555	218.28015289493703221524
-13.91495747873936927874	217.72502660525643136680
-13.90295147573786849193	217.18281880669846373166
-13.89094547273636770512	216.65321509870983618384
-13.87893946973486691832	216.13584446385786463907
-13.86693346673336613151	215.63029274456226858092
-13.85492746373186534470	215.13611546595319623520
-13.84292146073036455789	214.65284975465439742948
-13.83091545772886377108	214.18002513403982334239
-13.81890945472736298427	213.71717301168666836020
-13.80690345172586219746	213.26383471350419540613
-13.79489744872436141065	212.81956796043959911913
-13.78289144572286062385	212.38395172678281141998
-13.77088544272135983704	211.95658946289853474809
-13.75887943971985905023	211.53711070869763943847
-13.74687343671836003978	211.12517116630880309458
-13.73486743371685925297	210.72045134025859169924
-13.72286143071535846616	210.32265389009498335326
-13.71085542771385767935	209.93149987295376490692
-13.69884942471235689254	209.54672408132560690319
-13.68684342171085610573	209.16806970359772321899
-13.67483741870935531892	208.79528255130605884915
-13.66283141570785453212	208.42810510707315074796
-13.65082541270635374531	208.06627065069227455751
-13.63881940970485295850	207.70949771767681113488
-13.62681340670335217169	207.35748513489932065568
-13.61480740370185138488	207.00990786192596715409
-13.60280140070035059807	206.66641384468374553762
-13.59079539769884981126	206.32662206069019816823
-13.57878939469734902445	205.99012190287174917103
-13.56678339169584823765	205.65647401274435424057
-13.55477738869434745084	205.32521263428424163067
-13.54277138569284666403	204.99584951809598010186
-13.53076538269134587722	204.66787936248186952071
-13.51875937968984509041	204.34078673473868548172
-13.50675337668834430360	204.01405437349507110412
-13.49474737368684351679	203.68717273216427088300
-13.48274137068534272998	203.35965058561546925375
-13.47073536768384194318	203.03102648788177475581
-13.45872936468234115637	202.70088083897951491963
-13.44672336168084036956	202.36884829445963873695
-13.43471735867933958275	202.03463023278416699213
-13.42271135567783879594	201.69800698352761969545
-13.41070535267633800913	201.35884951410329790633
-13.39869934967483722232	201.01713027442499992503
-13.38669334667333643552	200.67293290768515134914
-13.37468734367183564871	200.32646055115895933341
-13.36268134067033486190	199.97804247336421212822
-13.35067533766883407509	199.62813882260365971888
-13.33866933466733328828	199.27734329632377807684
-13.32666333166583250147	198.92638358014778532379
-13.31465732866433171466	198.57611944906133771838
-13.30265132566283092785	198.22753847013186145887
-13.29064532266133014105	197.88174929531990642317
-13.27863931965982935424	197.53997258333728836988
-13.26663331665832856743	197.20352964001710915909
-13.25462731365682778062	196.87382891617428981590
-13.24262131065532699381	196.55235054934541949478
-13.23061530765382620700	196.24062918004131006455
-13.21860930465232542019	195.94023531321019504503
-13.20660330165082463338	195.65275553057102797538
-13.19459729864932384658	195.37977188851073151454
-13.18259129564782305977	195.12284085864342841887
-13.17058529264632404931	194.88347218334274657536
-13.15857928964482326251	194.66310802616538921939
-13.14657328664332247570	194.46310279684146848922
-13.13456728364182168889	194.28470402232707670009
-13.12256128064032090208	194.12903461939632165922
-13.11055527763882011527	193.99707690065153542491
-13.09854927463731932846	193.88965861508248167411
-13.08654327163581854165	193.80744128700115425090
-13.07453726863431775485	193.75091107404676904480
-13.06253126563281696804	193.72037231687474445607
-13.05052526263131618123	193.71594390108569427866
-13.03851925962981539442	193.73755849700609132924
-13.02651325662831460761	193.78496468623598047998
-13.01450725362681382080	193.85773192664032649191
-13.00250125062531303399	193.95525825088660099027
-12.99049524762381224718	194.07678053893752689874
-12.97848924462231146038	194.22138715327699287627
-12.96648324162081067357	194.38803267820100018071
-12.95447723861930988676	194.57555446228479922866
-12.94247123561780909995	194.78269062708255887628
-12.93046523261630831314	195.00809917603450571733
-12.91845922961480752633	195.25037781611669629456
-12.90645322661330673952	195.50808409147495581237
-12.89444722361180595271	195.77975542347283521849
-12.88244122061030516591	196.06392865540539105496
-12.87043521760880437910	196.35915871255480169566
-12.85842921460730359229	196.66403600907344184634
-12.84642321160580280548	196.97720226197100146237
-12.83441720860430201867	197.29736440868441604835
-12.82241120560280123186	197.62330636757582169594
-12.81040520260130044505	197.95389842935134083746
-12.79839919959979965824	198.28810412079596403601
-12.78639319659829887144	198.62498443925159108403
-12.77438719359679808463	198.96369941570122819030
-12.76238119059529729782	199.30350702489124614658
-12.75037518759379651101	199.64375952130720293098
-12.73836918459229572420	199.98389733869680640055
-12.72636318159079493739	200.32344074691499713481
-12.71435717858929415058	200.66197951189715809051
-12.70235117558779336377	200.99916085138244170594
-12.69034517258629257697	201.33467601954214387661
-12.67833916958479179016	201.66824588697937770121
-12.66633316658329100335	201.99960590786517400375
-12.65432716358179021654	202.32849088263569115043
-12.64232116058028942973	202.65461993225670767060
-12.63031515757878864292	202.97768209830505270475
-12.61830915457728785611	203.29732297197895718455
-12.60630315157578706931	203.61313273476940821638
-12.59429714857428628250	203.92463596426037497622
-12.58229114557278727204	204.23128352091373471922
-12.57028514257128648524	204.53244678646953502721
-12.55827913956978569843	204.82741447264641010406
-12.54627313656828491162	205.11539216121943240978
-12.53426713356678412481	205.39550467446269976790
-12.52226113056528333800	205.66680130966673800685
-12.51025512756378255119	205.92826390435010353031
-12.49824912456228176438	206.17881763130984040799
-12.48624312156078097757	206.41734435624482557614
-12.47423711855928019077	206.64269832679124760944
-12.46223111555777940396	206.85372390183150059784
-12.45022511255627861715	207.04927497522598400792
-12.43821910955477783034	207.22823569990987380152
-12.42621310655327704353	207.38954207772434301660
-12.41420710355177625672	207.53220394838496076773
-12.40220110055027546991	207.65532688843796904621
-12.39019509754877468310	207.75813351853912536171
-12.37818909454727389630	207.83998371532481996837
-12.36618309154577310949	207.90039323273919080748
-12.35417708854427232268	207.93905025691907439978
-12.34217108554277153587	207.95582944838946559685
-12.33016508254127074906	207.95080306493034072446
-12.31815907953976996225	207.92424880738681736148
-12.30615307653826917544	207.87665408803917443947
-12.29414707353676838864	207.80871648589581468514
-12.28214107053526760183	207.72134022420493693062
-12.27013506753376681502	207.61562858125950015165
-12.25812906453226602821	207.49287222473762426489
-12.24612306153076524140	207.35453354082608257158
-12.23411705852926445459	207.20222711062700682305
-12.22211105552776366778	207.03769656622199590856
-12.21010505252626288097	206.86278813565502332494
-12.19809904952476209417	206.67942125842671430291
-12.18609304652326130736	206.48955671937358147261
-12.17408704352176052055	206.29516280765187730140
-12.16208104052025973374	206.09818005769591309218
-12.15007503751875894693	205.90048516938435341217
-12.13806903451725816012	205.70385473431190348492
-12.12606303151575737331	205.50992941331372776403
-12.11405702851425658650	205.32017921673732985255
-12.10205102551275579970	205.13587053313491992412
-12.09004502251125501289	204.95803553402552665830
-12.07803901950975422608	204.78744455236733301717
-12.06603301650825343927	204.62458199081774523620
-12.05402701350675265246	204.46962626342195790130
-12.04202101050525186565	204.32243421193629728805
-12.03001500750375107884	204.18253036665132071903
-12.01800900450225029203	204.04910134258599896384
-12.00600300150074950523	203.92099557670388776387
-11.99399699849925049477	203.78284522003895062880
-11.98199099549774970797	203.63273254016152691293
-11.96998499249624892116	203.48239178634605650586
-11.95797898949474813435	203.32944285859827004970
-11.94597298649324734754	203.17126833304448041417
-11.93396698349174656073	203.00504648182118216937
-11.92196098049024577392	202.82778806525362824686
-11.90995497748874498711	202.63637634731097136864
-11.89794897448724420030	202.42760972808088126840
-11.88594297148574341350	202.19824634035248323016
-11.87393696848424262669	201.94504992218656980185
-11.86193096548274183988	201.66483625421506076236
-11.84992496248124105307	201.35451943975843391854
-11.83791895947974026626	201.01115730784408697218
-11.82591295647823947945	200.63199523379014976854
-11.81390695347673869264	200.21450769887761111931
-11.80190095047523790583	199.75643694924394822010
-11.78989494747373711903	199.25582816374236472257
-11.77788894447223633222	198.71106060016998640094
-11.76588294147073554541	198.12087425784770289283
-11.75387693846923475860	197.48439167073402700225
-11.74187093546773397179	196.80113452765323245330
-11.72986493246623318498	196.07103490327401118520
-11.71785892946473239817	195.29444097358307885770
-11.70585292646323161136	194.47211718109818434641
-11.69384692346173082456	193.60523890628803656000
-11.68184092046023003775	192.69538179096142016533
-11.66983491745872925094	191.74450594515332113588
-11.65782891445722846413	190.75493534974680187588
-11.64582291145572767732	189.72933284131701725528
-11.63381690845422689051	188.67067113218359963867
-11.62181090545272610370	187.58220037629163812198
-11.60980490245122531690	186.46741283936370336960
-11.59779889944972453009	185.33000526902304727628
-11.58579289644822374328	184.17383958674204791350
-11.57378689344672295647	183.00290253818553765086
-11.56178089044522216966	181.82126494168656449801
-11.54977488744372138285	180.63304116632252771524
-11.53776888444222059604	179.44234945167184491766
-11.52576288144071980923	178.25327365135271406871
-11.51375687843921902243	177.06982694260264565855
-11.50175087543771823562	175.89591799534099436642
-11.48974487243621744881	174.73532003743162022147
-11.47773886943471666200	173.59164318941503779570
-11.46573286643321587519	172.46831037311670797862
-11.45372686343171508838	171.36853702565042567585
-11.44172086043021430157	170.29531477486142421185
-11.42971485742871351476	169.25139915567953607933
-11.41770885442721272796	168.23930137063751999449
-11.40570285142571371750	167.26128402341231549144
-11.39369684842421293069	166.31936068304213449665
-11.38169084542271214389	165.41529906977822861336
-11.36968484242121135708	164.55062759253030435502
-11.35767883941971057027	163.72664491364301397880
-11.34567283641820978346	162.94443217020364045311
-11.33366683341670899665	162.20486744299603287800
-11.32166083041520820984	161.50864203515493500163
-11.30965482741370742303	160.85627810293524930785
-11.29764882441220663623	160.24814717099633298858
-11.28564282141070584942	159.68448906421730271177
-11.27363681840920506261	159.16543079713525798979
-11.26163081540770427580	158.69100498025983370098
-11.24962481240620348899	158.26116732923819085954
-11.23761880940470270218	157.87581289741768841850
-11.22561280640320191537	157.53479069394001044202
-11.21360680340170112856	157.23791639712788992256
-11.20160080040020034176	156.98498292552122279631
-11.18959479739869955495	156.77576868531875220469
-11.17758879439719876814	156.61004337197695690520
-11.16558279139569798133	156.48757126404706241374
-11.15357678839419719452	156.40811200774771805300
-11.14157078539269640771	156.37141895002022806693
-11.12956478239119562090	156.37723513470757552568
-11.11755877938969483409	156.42528712989016526080
-11.10555277638819404729	156.51527690326423680744
-11.09354677338669326048	156.64687200580897297186
-11.08154077038519247367	156.81969436105094928280
-11.06953476738369168686	157.03330798731229833720
-11.05752876438219090005	157.28720600290000675159
-11.04552276138069011324	157.58079727889204946223
-11.03351675837918932643	157.91339311079678964234
-11.02151075537768853962	158.28419427887729398208
-11.00950475237618775282	158.69227885746937545264
-10.99749874937468696601	159.13659111648081534440
-10.98549274637318617920	159.61593183388521310917
-10.97348674337168539239	160.12895030701005794072
-10.96148074037018460558	160.67413831348790154152
-10.94947473736868381877	161.24982623072600063097
-10.93746873436718303196	161.85418147658657517240
-10.92546273136568224515	162.48520938466114671428
-10.91345672836418145835	163.14075657613517478239
-10.90145072536268067154	163.81851683786106832486
-10.88944472236117988473	164.51603946399973210646
-10.87743871935967909792	165.23073996753970504869
-10.86543271635817831111	165.95991301921961280641
-10.85342671335667752430	166.70074742586362503971
-10.84142071035517673749	167.45034291881660237777
-10.82941470735367772704	168.20572848686919087413
-10.81740870435217694023	168.96388195751376315457
-10.80540270135067615342	169.72175050616530711523
-10.79339669834917536662	170.47627175558392309540
-10.78139069534767457981	171.22439511746230778044
-10.76938469234617379300	171.96310302516013734930
-10.75737868934467300619	172.68943171090108990029
-10.74537268634317221938	173.40049119225264462330
-10.73336668334167143257	174.09348415111250574228
-10.72136068034017064576	174.76572341329512028096
-10.70935467733866985895	175.41464776759818278151
-10.69734867433716907215	176.03783589925322417002
-10.68534267133566828534	176.63301825314638904274
-10.67333666833416749853	177.19808668626063763440
-10.66133066533266671172	177.73110181550381980742
-10.64932466233116592491	178.23029801544282690884
-10.63731865932966513810	178.69408606944790562920
-10.62531265632816435129	179.12105352631525079232
-10.61330665332666356448	179.50996286156291148473
-10.60130065032516277768	179.85974758728281130971
-10.58929464732366199087	180.16950649573968235018
-10.57728864432216120406	180.43849625896365296285
-10.56528264132066041725	180.66612263859761355889
-10.55327663831915963044	180.85193058656011544372
-10.54127063531765884363	180.99559353709801712284
-10.52926463231615805682	181.09690220410416827690
-10.51725862931465727002	181.15575320386739122114
-10.50525262631315648321	181.17213782255163323498
-10.49324662331165569640	181.14613123967120600355
-10.48124062031015490959	181.07788250378280281438
-10.46923461730865412278	180.96760553484270417357
-10.45722861430715333597	180.81557139961554980800
-10.44522261130565254916	180.62210207272988782279
-10.43321660830415176235	180.38756585713997537823
-10.42121060530265097555	180.11237459467221810883
-10.40920460230115018874	179.79698275088406944633
-10.39719859929964940193	179.44188840961530218010
-10.38519259629814861512	179.04763616237414680654
-10.37318659329664782831	178.61482182713467636859
-10.36118059029514704150	178.14409888129299019965
-10.34917458729364625469	177.63618644550311387320
-10.33716858429214546788	177.09187860992676633032
-10.32516258129064468108	176.51205485307548315177
-10.31315657828914389427	175.89769126681656530309
-10.30115057528764310746	175.24987227009992807325
-10.28914457228614232065	174.56980246926588051792
-10.27713856928464153384	173.85881830503416267675
-10.26513256628314074703	173.11839911593196461581
-10.25312656328163996022	172.35017724533227578831
-10.24112056028014094977	171.55594682463407707473
-10.22911455727864016296	170.73767087845823198222
-10.21710855427713937615	169.89748641892683167498
-10.20510255127563858935	169.03770722486584077160
-10.19309654827413780254	168.16082403768123754162
-10.18109054527263701573	167.26950194812800987165
-10.16908454227113622892	166.36657479650341429078
-10.15707853926963544211	165.45503646210443093878
-10.14507253626813465530	164.53802897514864866935
-10.13306653326663386849	163.61882744471699879796
-10.12106053026513308168	162.70082185852186285047
-10.10905452726363229488	161.78749587326282721733
-10.09704852426213150807	160.88240277679955170242
-10.08504252126063072126	159.98913886413859586355
-10.07303651825912993445	159.11131452709622635666
-10.06103051525762914764	158.25252341130482136577
-10.04902451225612836083	157.41631004287032169486
-10.03701850925462757402	156.60613636944358972869
-10.02501250625312678721	155.82534769581627642765
-10.01300650325162600041	155.07713852159267275965
-10.00100050025012521360	154.36451880735299369007
-9.98899449724862442679	153.69028120550234461916
-9.97698849424712363998	153.05696979232925514225
-9.96498249124562285317	152.46685082850376602437
-9.95297648824412206636	151.92188605631201880897
-9.94097048524262127955	151.42370901352433065767
-9.92896448224112049274	150.97360480627506262863
-9.91695847923961970594	150.57249373721032270623
-9.90495247623811891913	150.22091913112183192425
-9.89294647323661813232	149.91903963917098963066
-9.88094047023511734551	149.66662623559329858836
-9.86893446723361655870	149.46306404857097049899
-9.85692846423211577189	149.30735909097558078429
-9.84492246123061498508	149.19814987821391127909
-9.83291645822911419828	149.13372384081446853088
-9.82091045522761341147	149.11203836006637857281
-9.80890445222611262466	149.13074617737731841771
-9.79689844922461183785	149.18722485344721917500
-9.78489244622311105104	149.27860988322018442886
-9.77288644322161026423	149.40183100817378658576
-9.76088044022010947742	149.55365121003802642008
-9.74887443721860869061	149.73070782060455030660
-9.73686843421710790381	149.92955514185513266057
-9.72486243121560711700	150.14670794001952458530
-9.71285642821410633019	150.37868515701606497714
-9.70085042521260554338	150.62205317349906863456
-9.68884442221110475657	150.87346795971117785484
-9.67683841920960396976	151.12971546359662511350
-9.66483241620810318295	151.38774961004477859206
-9.65282641320660417250	151.64472732038754543282
-9.64082041020510338569	151.89804000683994900101
-9.62881440720360259888	152.14534105174740830080
-9.61680840420210181207	152.38456884539812108414
-9.60480240120060102527	152.61396502772123540126
-9.59279639819910023846	152.83208765723108513157
-9.58079039519759945165	153.03781911376756852405
-9.56878439219609866484	153.23036862850636907751
-9.55677838919459787803	153.40926942386548148534
-9.54477238619309709122	153.57437053576941821120
-9.53276638319159630441	153.72582347967559712743
-9.52076038019009551761	153.86406400825376294961
-9.50875437718859473080	153.98978929110413105263
-9.49674837418709394399	154.10393092393780989369
-9.48474237118559315718	154.20762424484129837765
-9.47273636818409237037	154.30217449734371371051
-9.46073036518259158356	154.38902043287646392855
-9.44872436218109079675	154.46969598789533506533
-9.43671835917959000994	154.54579070264506412968
-9.42471235617808922314	154.61890956868992930140
-9.41270635317658843633	154.69063300053647935783
-9.40070035017508764952	154.76247762276241815016
-9.38869434717358686271	154.83585854809243187447
-9.37668834417208607590	154.91205379409706210936
-9.36468234117058528909	154.99217144711985838512
-9.35267633816908450228	155.07712013235098424957
-9.34067033516758371547	155.16758328955276624583
-9.32866433216608292867	155.26399768586395566672
-9.31665832916458214186	155.36653652159893113094
-9.30465232616308135505	155.47509740337164885204
-9.29264632316158056824	155.58929537269509069120
-9.28064032016007978143	155.70846108899328896769
-9.26863431715857899462	155.83164417533919277048
-9.25662831415707820781	155.95762164483713263508
-9.24462231115557742100	156.08491123705368863739
-9.23261630815407663420	156.21178940886642294572
-9.22061030515257584739	156.33631364408964259383
-9.20860430215107506058	156.45634867270160839325
-9.19659829914957427377	156.56959612475617404925
-9.18459229614807348696	156.67362708730289000414
-9.17258629314657270015	156.76591698585986023318
-9.16058029014507191334	156.84388217601392057077
-9.14857428714357112653	156.90491760616987448884
-9.13656828414207033973	156.94643489973680061667
-9.12456228114056955292	156.96590020429601963770
-9.11255627813906876611	156.96087116648831738530
-9.10055027513756797930	156.92903241420765425573
-9.08854427213606719249	156.86822896168601459976
-9.07653826913456640568	156.77649699749213141331
-9.06453226613306739523	156.65209156942353274644
-9.05252626313156660842	156.49351074266115801947
-9.04052026013006582161	156.29951587711872207365
-9.02851425712856503480	156.06914774527530198611
-9.01650825412706424800	155.80173829142859176500
-9.00450225112556346119	155.49691791568213261598
-8.99249624812406267438	155.15461824945944613319
-8.98049024512256188757	154.77507047229141790012
-8.96848424212106110076	154.35879930043384433702
-8.95647823911956031395	153.90661285497427002156
-8.94447223611805952714	153.41958868899740764391
-8.93246623311655874033	152.89905631872204594401
-8.92046023011505795353	152.34657666106372175818
-8.90845422711355716672	151.76391882874366956457
-8.89644822411205637991	151.15303477296941991881
-8.88444222111055559310	150.51603229216351564901
-8.87243621810905480629	149.85514694275391889278
-8.86043021510755401948	149.17271339440583233227
-8.84842421210605323267	148.47113676726863218391
-8.83641820910455244587	147.75286447303562908928
-8.82441220610305165906	147.02035905532440551724
-8.81240620310155087225	146.27607248872735112855
-8.80040020010005008544	145.52242235072816356478
-8.78839419709854929863	144.76177022756959900107
-8.77638819409704851182	143.99640265530655369730
-8.76438219109554772501	143.22851483203294264968
-8.75237618809404693820	142.46019726808700056608
-8.74037018509254615140	141.69342546946347738412
-8.72836418209104536459	140.93005267726724127897
-8.71635817908954457778	140.17180561443981900993
-8.70435217608804379097	139.42028312175068549550
-8.69234617308654300416	138.67695749969720964145
-8.68034017008504221735	137.94317831293832909978
-8.66833416708354143054	137.22017836051898598271
-8.65632816408204064373	136.50908146960176736684
-8.64432216108053985693	135.81091173371174818385
-8.63231615807903907012	135.12660378943218120185
-8.62031015507753828331	134.45701370865953094835
-8.60830415207603749650	133.80293007731060583865
-8.59629814907453670969	133.16508483591039180283
-8.58429214607303592288	132.54416347267189735248
-8.57228614307153513607	131.94081418517646397959
-8.56028014007003434926	131.35565566199684894855
-8.54827413706853356246	130.78928317978505901920
-8.53626813406703277565	130.24227276347815518420
-8.52426213106553198884	129.71518321616647995143
-8.51225612806403120203	129.20855588948563763552
-8.50025012506253041522	128.72291213364763962090
-8.48824412206103140477	128.25874843685025439299
-8.47623811905953061796	127.81652933513913694696
-8.46423211605802983115	127.39667824417148267457
-8.45222611305652904434	126.99956643206137130164
-8.44022011005502825753	126.62550041594123229061
-8.42821410705352747073	126.27470812248790821286
-8.41620810405202668392	125.94732420298548447590
-8.40420210105052589711	125.64337493522629074505
-8.39219609804902511030	125.36276317654920831046
-8.38019009504752432349	125.10525385365309603003
-8.36818409204602353668	124.87046048478971727036
-8.35617808904452274987	124.65783322807168076451
-8.34417208604302196306	124.46664893570944343537
-8.33216608304152117626	124.29600366807272848746
-8.32016008004002038945	124.14480808386645094288
-8.30815407703851960264	124.01178607400015607709
-8.29614807403701881583	123.89547694774510944171
-8.28414207103551802902	123.79424141158081340564
-8.27213606803401724221	123.70627150503001701054
-8.26013006503251645540	123.62960457524849289257
-8.24812406203101566859	123.56214128483109959689
-8.23611805902951488179	123.50166755700260523554
-8.22411205602801409498	123.44588027096915539005
-8.21210605302651330817	123.39241642965946255117
-8.20010005002501252136	123.33888543434750317829
-8.18809404702351173455	123.28290401766830086672
-8.17608804402201094774	123.22213331019587201354
-8.16408204102051016093	123.15431744782500800284
-8.15207603801900937412	123.07732306932796007004
-8.14007003501750858732	122.98917900709771799939
-8.12806403201600780051	122.88811544049463009287
-8.11605802901450701370	122.77260176138611313945
-8.10405202601300622689	122.64138239615670045168
-8.09204602301150544008	122.49350983812564663822
-8.08004002001000465327	122.32837416910001593351
-8.06803401700850386646	122.14572838857303338500
-8.05602801400700307966	121.94570892339127965442
-8.04402201100550229285	121.72885075881175964696
-8.03201600800400150604	121.49609671269698196738
-8.02001000500250071923	121.24880046683750833836
-8.00800400200099993242	120.98872307146878313233
-7.99599799899950003379	120.71802274916673525240
-7.98399199599799924698	120.43923794047807973584
-7.97198599299649846017	120.15526365372394934639
-7.95997998999499767336	119.86932130315854294622
-7.94797398699349688656	119.58492234074614657402
-7.93596798399199609975	119.30582610489858552683
-7.92396198099049531294	119.03599242226863452743
-7.91195597798899452613	118.77952960387814584919
-7.89994997498749373932	118.54063857233592216289
-7.88794397198599295251	118.32355394070089005254
-7.87593796898449216570	118.13248293389446530455
-7.86393196598299137889	117.97154309893210211158
-7.85192596298149059209	117.84469978936394340963
-7.83991995997998980528	117.75570443122174424389
-7.82791395697848901847	117.70803458182626854978
-7.81590795397698823166	117.70483677870335270654
-7.80390195097548744485	117.74887314363436985332
-7.79189594797398665804	117.84247265690974870722
-7.77988994497248587123	117.98748794989923283083
-7.76788394197098508442	118.18525838116180182169
-7.75587793896948518579	118.43658006387111925051
-7.74387193596798439899	118.74168340199680926617
-7.73186593296648361218	119.10021857138791290254
-7.71985992996498282537	119.51124925180033642391
-7.70785392696348203856	119.97325477933429738187
-7.69584792396198125175	120.48414074816960805947
-7.68384192096048046494	121.04125794847497843421
-7.67183591795897967813	121.64142938652570080649
-7.65982991495747889132	122.28098499599413173655
-7.64782391195597810452	122.95580351861609358366
-7.63581790895447731771	123.66136091041578026761
-7.62381190595297653090	124.39278451866678665283
-7.61180590295147574409	125.14491217685068136234
-7.59979989994997495728	125.91235528187824854740
-7.58779389694847417047	126.68956485131661793275
-7.57578789394697338366	127.47089950956157622386
-7.56378189094547259685	128.25069432171824246325
-7.55177588794397181005	129.02332938296433439973
-7.53976988494247102324	129.78329707956223160181
-7.52776388194097023643	130.52526696528585148371
-7.51575787893946944962	131.24414724329940895586
-7.50375187593796866281	131.93514190757466053583
-7.49174587293646787600	132.59380267853461532468
-7.47973986993496708919	133.21607496322170050007
-7.46773386693346630238	133.79833717908704215915
-7.45572786393196640375	134.33743290041246609690
-7.44372186093046561695	134.83069541513503963870
-7.43171585792896483014	135.27596441500980972705
-7.41970985492746404333	135.67159468106970621193
-7.40770385192596325652	136.01645676661397033058
-7.39569784892446246971	136.30992981885458448232
-7.38369184592296168290	136.55188681529179461904
-7.37168584292146089609	136.74267261938510387154
-7.35967983991996010928	136.88307537978292316438
-7.34767383691845932248	136.97429190610398563877
-7.33566783391695853567	137.01788775008998300109
-7.32366183091545774886	137.01575280219088881495
-7.31165582791395696205	136.97005327892415493807
-7.29964982491245617524	136.88318102460510772289
-7.28764382191095538843	136.75770108155728621568
-7.27563781890945460162	136.59629849530955425507
-7.26363181590795381481	136.40172531556015655951
-7.25162581290645302801	136.17674873017804770825
-7.23961980990495224120	135.92410122890296975129
-7.22761380690345145439	135.64643363671700626583
-7.21560780390195066758	135.34627178540586101008
-7.20360180090044988077	135.02597750720605063179
-7.19159579789894909396	134.68771453847878660781
-7.17958979489744830715	134.33341981610169568739
-7.16758379189594840852	133.96478053691950549364
-7.15557778889444762171	133.58321723345488862833
-7.14357178589294683491	133.18987299952379999013
-7.13156578289144604810	132.78560887981078053599
-7.11955977988994526129	132.37100532019854881582
-7.10755377688844447448	131.94636946298129487332
-7.09554777388694368767	131.51174796516974652150
-7.08354177088544290086	131.06694492089675918578
-7.07153576788394211405	130.61154438221768714357
-7.05952976488244132725	130.14493689789949826263
-7.04752376188094054044	129.66634942835705146535
-7.03551775887943975363	129.17487794768663889045
-7.02351175587793896682	128.66952201141296541209
-7.01150575287643818001	128.14922055143875923022
-6.99949974987493739320	127.61288815777488991898
-6.98749374687343660639	127.05945111962024896002
-6.97548774387193581958	126.48788252564509093645
-6.96348174087043503278	125.89723576399636328915
-6.95147573786893424597	125.28667581542400455419
-6.93946973486743345916	124.65550779661239744200
-6.92746373186593267235	124.00320228368087782655
-6.91545772886443188554	123.32941702611694267944
-6.90345172586293109873	122.63401474722535056117
-6.89144572286143031192	121.91707681653490169538
-6.87943971985992952511	121.17891267048723591415
-6.86743371685842962648	120.42006494812936523431
-6.85542771385692883968	119.64131039648999887959
-6.84342171085542805287	118.84365668398004345363
-6.83141570785392726606	118.02833533779525509999
-6.81940970485242647925	117.19679109136340855457
-6.80740370185092569244	116.35066798902147411354
-6.79539769884942490563	115.49179264621466245444
-6.78339169584792411882	114.62215510371569848758
-6.77138569284642333201	113.74388774307851690537
-6.75937968984492254521	112.85924274744878914589
-6.74737368684342175840	111.97056859692503394399
-6.73536768384192097159	111.08028608114337032475
-6.72336168084042018478	110.19086429416357475475
-6.71135567783891939797	109.30479704883146041539
-6.69934967483741861116	108.42458011058468514420
-6.68734367183591782435	107.55268960536062650135
-6.67533766883441703754	106.69156190423481689322
-6.66333166583291625074	105.84357523018503854928
-6.65132566283141546393	105.01103317155667582483
-6.63931965982991467712	104.19615022407764115542
-6.62731365682841389031	103.40103942033371708931
-6.61530765382691310350	102.62770204414105990054
-6.60330165082541231669	101.87801936885345810424
-6.59129564782391152988	101.15374630482610029958
-6.57928964482241163125	100.45650679339425437320
-6.56728364182091084444	99.78779074401322191079
-6.55527763881941005764	99.14895227864118965044
-6.54327163581790927083	98.54120902380383029140
-6.53126563281640848402	97.96564217658645645770
-6.51925962981490769721	97.42319706633543319185
-6.50725362681340691040	96.91468393912477097274
-6.49524762381190612359	96.44077870681304887057
-6.48324162081040533678	96.00202342627490281757
-6.47123561780890454997	95.59882630639866363254
-6.45922961480740376317	95.23146107972659990537
-6.44722361180590297636	94.90006562101112308483
-6.43521760880440218955	94.60463974513041307546
-6.42321160580290140274	94.34504217027367189985
-6.41120560280140061593	94.12098668749487728746
-6.39919959979989982912	93.93203763300552111559
-6.38719359679839904231	93.77760481327392483308
-6.37518759379689825550	93.65693808348670756914
-6.36318159079539746870	93.56912182563131352708
-6.35117558779389668189	93.51306961191130540101
-6.33916958479239589508	93.48751937108038134738
-6.32716358179089510827	93.49102939842613579913
-6.31515757878939432146	93.52197556361258534707
-6.30315157578789353465	93.57855007369188626853
-6.29114557278639363602	93.65876214087315076995
-6.27913956978489284921	93.76044088591106628883
-6.26713356678339206240	93.88124077834936542786
-6.25512756378189127560	94.01864987470999324159
-6.24312156078039048879	94.17000106571966000502
-6.23111555777888970198	94.33248648474058484226
-6.21910955477738891517	94.50317516289840114041
-6.20710355177588812836	94.67903394338495104421
-6.19509754877438734155	94.85695158965027928843
-6.18309154577288655474	95.03376594145372280309
-6.17108554277138576794	95.20629389089708638494
-6.15907953976988498113	95.37136386957791955865
-6.14707353676838419432	95.52585045987702017101
-6.13506753376688340751	95.66671067011664320034
-6.12306153076538262070	95.79102134682433700164
-6.11105552776388183389	95.89601713943463323631
-6.09904952476238104708	95.97912838513302347110
-6.08704352176088026027	96.03801824567581491010
-6.07503751875937947347	96.07061840515891049108
-6.06303151575787868666	96.07516262885140179151
-6.05102551275637789985	96.05021748904897549437
-6.03901950975487711304	95.99470958482874038964
-6.02701350675337632623	95.90794861865074949492
-6.01500750375187553942	95.78964574367302020619
-6.00300150075037475261	95.63992666080487481395
-5.99099549774887485398	95.45933902296316375669
-5.97898949474737406717	95.24885379445143485100
-5.96698349174587328037	95.00986031428257660991
-5.95497748874437249356	94.74415492178133035850
-5.94297148574287170675	94.45392311886659797437
-5.93096548274137091994	94.14171536376719018335
-5.91895947973987013313	93.81041671316506835865
-5.90695347673836934632	93.46321065138550920892
-5.89494747373686855951	93.10353756371966937877
-5.88294147073536777270	92.73504842373492351726
-5.87093546773386698590	92.36155436903229087875
-5.85892946473236619909	91.98697293399577290529
-5.84692346173086541228	91.61527178946460026054
-5.83491745872936462547	91.25041090598949722335
-5.82291145572786383866	90.89628410771248923083
-5.81090545272636305185	90.55666101655658906111
-5.79889944972486226504	90.23513040028154819083
-5.78689344672336147823	89.93504593238540678612
-5.77488744372186069143	89.65947534652715944503
-5.76288144072035990462	89.41115392323486332771
-5.75087543771885911781	89.19244318267605819983
-5.73886943471735833100	89.00529557513176825978
-5.72686343171585754419	88.85122586185501347700
-5.71485742871435675738	88.73128976489141450656
-5.70285142571285685875	88.64607033722150220001
-5.69084542271135607194	88.59567236657383659804
-5.67883941970985528513	88.57972498003464068006
-5.66683341670835449833	88.59739246493199971155
-5.65482741370685371152	88.64739316733572138673
-5.64282141070535292471	88.72802617591990781420
-5.63081540770385213790	88.83720534894332843123
-5.61880940470235135109	88.97250009874468901216
-5.60680340170085056428	89.13118221435691168608
-5.59479739869934977747	89.31027788140070811096
-5.58279139569784899066	89.50662395188156494896
-5.57078539269634820386	89.71692742718373381194
-5.55877938969484741705	89.93782704740141298316
-5.54677338669334663024	90.16595583078100162311
-5.53476738369184584343	90.39800337967879784173
-5.52276138069034505662	90.63077676484195421835
-5.51075537768884426981	90.86125881832907680291
-5.49874937468734348300	91.08666270686400423529
-5.48674337168584269619	91.30448172127000816545
-5.47473736868434190939	91.51253330280751185910
-5.46273136568284112258	91.70899643225048691875
-5.45072536268134033577	91.89244163048238078773
-5.43871935967983954896	92.06185295799620860180
-5.42671335667833876215	92.21664155233429482905
-5.41470735367683886352	92.35665040430882299916
-5.40270135067533807671	92.48215024268421302622
-5.39069534767383728990	92.59382656959380142325
-5.37868934467233650309	92.69275806191997446604
-5.36668334167083571629	92.78038672377576290273
-5.35467733866933492948	92.85848033870782103349
-5.34267133566783414267	92.92908792402273832067
-5.33066533266633335586	92.99448903062432236766
-5.31865932966483256905	93.05713785707277452275
-5.30665332666333178224	93.11960325367466850821
-5.29464732366183099543	93.18450577906547493967
-5.28264132066033020863	93.25445303613579994817
-5.27063531765882942182	93.33197455488992488881
-5.25862931465732863501	93.41945750599356301791
-5.24662331165582784820	93.51908451992873949621
-5.23461730865432706139	93.63277485289204093988
-5.22261130565282627458	93.76213008240748081334
-5.21060530265132548777	93.90838543412391459242
-5.19859929964982470096	94.07236773794832629392
-5.18659329664832391416	94.25446088848696035711
-5.17458729364682312735	94.45457954408507816879
-5.16258129064532234054	94.67215164328945320449
-5.15057528764382155373	94.90611015032155250992
-5.13856928464232076692	95.15489426540358408602
-5.12656328164081998011	95.41646015495908272896
-5.11455727863932008148	95.68830107435867660115
-5.10255127563781929467	95.96747657558054811489
-5.09054527263631850786	96.25065031744770749356
-5.07853926963481772106	96.53413583042900825149
-5.06653326663331693425	96.81394943460938407043
-5.05452726363181614744	97.08586937136450956132
-5.04252126063031536063	97.34550008923299913022
-5.03051525762881457382	97.58834052482120569039
-5.01850925462731378701	97.80985514225272936528
-5.00650325162581300020	98.00554644119296199278
-4.99449724862431221339	98.17102761486682993564
-4.98249124562281142659	98.30209403628012410081
-4.97048524262131063978	98.39479227307671749259
-4.95847923961980985297	98.44548537863573756113
-4.94647323661830906616	98.45091327815777049182
-4.93446723361680827935	98.40824716215257694785
-4.92246123061530749254	98.31513691402633980942
-4.91045522761380670573	98.16975073106367233322
-4.89844922461230591892	97.97080624634716627952
-4.88644322161080513212	97.71759262008249891096
-4.87443721860930434531	97.40998323918638845953
-4.86243121560780355850	97.04843884045838819929
-4.85042521260630277169	96.63400105169306186781
-4.83841920960480198488	96.16827652316200669702
-4.82641320660330208625	95.65341199550098849613
-4.81440720360180129944	95.09206081578277292010
-4.80240120060030051263	94.48734156821728902287
-4.79039519759879972582	93.84278962651826816455
-4.77838919459729893902	93.16230255882517496957
-4.76638319159579815221	92.45008042084430144314
-4.75437718859429736540	91.71056205664028482261
-4.74237118559279657859	90.94835858777719295176
-4.73036518259129579178	90.16818530924537355986
-4.71835917958979500497	89.37479322427236638759
-4.70635317658829421816	88.57290143964674200561
-4.69434717358679343135	87.76713160902151855680
-4.68234117058529264455	86.96194555472065701451
-4.67033516758379185774	86.16158712022220811377
-4.65832916458229107093	85.37002920752807710869
-4.64632316158079028412	84.59092683823985225899
-4.63431715857928949731	83.82757694685976446181
-4.62231115557778871050	83.08288547243238042483
-4.61030515257628792369	82.35934216316313438710
-4.59829914957478713688	81.65900335128100095972
-4.58629314657328635008	80.98348279543434102834
-4.57428714357178556327	80.33395052862123009163
-4.56228114057028477646	79.71113949431450862448
-4.55027513756878398965	79.11535960518759225124
-4.53826913456728320284	78.54651872064171413967
-4.52626313156578330421	78.00414991390091756784
-4.51425712856428251740	77.48744428920451809972
-4.50225112556278173059	76.99528851667119511148
-4.49024512256128094378	76.52630617843153970625
-4.47823911955978015698	76.07890196590818732147
-4.46623311655827937017	75.65130773550123421956
-4.45422711355677858336	75.24162941879627908293
-4.44222111055527779655	74.84789379367316541902
-4.43021510755377700974	74.46809415382539043549
-4.41820910455227622293	74.10023396522966265820
-4.40620310155077543612	73.74236766764526862517
-4.39419709854927464932	73.39263786550498025463
-4.38219109554777386251	73.04930825347194911501
-4.37018509254627307570	72.71079173507727944070
-4.35817908954477228889	72.37567331557856675772
-4.34617308654327150208	72.04272747966902556982
-4.33416708354177071527	71.71092989797969607935
-4.32216108054026992846	71.37946344046245883419
-4.31015507753876914165	71.04771860673919547935
-4.29814907453726835485	70.71528861045003111485
-4.28614307153576756804	70.38195947376929950678
-4.27413706853426678123	70.04769559701806258545
-4.26213106553276599442	69.71262136437653111898
-4.25012506253126520761	69.37699942808305308972
-4.23811905952976530898	69.04120637853284847552
-4.22611305652826452217	68.70570655507737001244
-4.21410705352676373536	68.37102478119099657761
-4.20210105052526294855	68.03771881755848482953
-4.19009504752376216175	67.70635231751025173708
-4.17808904452226137494	67.37746904149069848700
-4.16608304152076058813	67.05156904169426468343
-4.15407703851925980132	66.72908746585352446345
-4.14207103551775901451	66.41037655197995093204
-4.13006503251625822770	66.09569129554473931876
-4.11805902951475744089	65.78517916932698028631
-4.10605302651325665408	65.47887416637149726739
-4.09404702351175586728	65.17669532079086991416
-4.08204102051025508047	64.87844974223705207805
-4.07003501750875429366	64.58384008054409264332
-4.05802901450725350685	64.29247622008585949516
-4.04602301150575272004	64.00389089152285748696
-4.03401700850425193323	63.71755878442428411290
-4.02201100550275114642	63.43291865016246333653
-4.01000500250125035961	63.14939780266555402477
-3.99799899949975001689	62.86643835698070859053
-3.98599299649824923009	62.58352449371722059368
-3.97398699349674844328	62.30021000252381924156
-3.96198099049524765647	62.01614534063865136204
-3.94997498749374686966	61.73110344366100576963
-3.93796898449224608285	61.44500354505218098211
-3.92596298149074529604	61.15793229807999153991
-3.91395697848924450923	60.87016154818592639231
-3.90195097548774372243	60.58216217389249180769
-3.88994497248624293562	60.29461349884442711300
-3.87793896948474259290	60.00840787452978020156
-3.86593296648324180609	59.72465014051091714009
-3.85392696348174101928	59.44465178423456563905
-3.84192096048024023247	59.16991974312215063492
-3.82991495747873944566	58.90213991498279710868
-3.81790895447723865885	58.64315556608702451058
-3.80590295147573787204	58.39494094673291613162
-3.79389694847423708524	58.15957053912348584390
-3.78189094547273629843	57.93918446926582532797
-3.76988494247123551162	57.73595071097998498999
-3.75787893946973472481	57.55202479377524582560
-3.74587293646823393800	57.38950779539051438860
-3.73386693346673315119	57.25040345259754559493
-3.72186093046523280847	57.13657525917139423655
-3.70985492746373202166	57.04970443686305259234
-3.69784892446223123486	56.99124966328005115201
-3.68584292146073044805	56.96240941971557703027
-3.67383691845922966124	56.96408778250145132915
-3.66183091545772887443	56.99686442412789233458
-3.64982491245622808762	57.06096951630028968339
-3.63781890945472730081	57.15626413777374636993
-3.62581290645322651400	57.28222668704021458552
-3.61380690345172572719	57.43794568584674209433
-3.60180090045022494039	57.62211923645716638021
-3.58979489744872415358	57.83306126608291464208
-3.57778889444722381086	58.06871455869778486658
-3.56578289144572302405	58.32667044029410163830
-3.55377688844422223724	58.60419485133595429716
-3.54177088544272145043	58.89826041248646504300
-3.52976488244122066362	59.20558396930244526857
-3.51775887943971987681	59.52266899102173880465
-3.50575287643821909001	59.84585210013145228913
-3.49374687343671830320	60.17135292516003630681
-3.48174087043521751639	60.49532640084517254309
-3.46973486743371672958	60.81391658892087548338
-3.45772886443221594277	61.12331106030222116487
-3.44572286143071515596	61.41979486610116367729
-3.43371685842921481324	61.69980313095523882794
-3.42171085542771402643	61.95997132746062163733
-3.40970485242621323962	62.19718233453887279438
-3.39769884942471245282	62.40860944440569113567
-3.38569284642321166601	62.59175456115866609252
-3.37368684342171087920	62.74448092721971192987
-3.36168084042021009239	62.86503982001728729756
-3.34967483741870930558	62.95209077816454623644
-3.33766883441720851877	63.00471504156106306027
-3.32566283141570773196	63.02242202072721966033
-3.31365682841420694515	63.00514874457560665633
-3.30165082541270615835	62.95325236998107243380
-3.28964482241120581563	62.86749596818589935765
-3.27763881940970502882	62.74902792958918240629
-3.26563281640820424201	62.59935544725713185699
-3.25362681340670345520	62.42031264816824887021
-3.24162081040520266839	62.21402403760899346707
-3.22961480740370188158	61.98286400436538201575
-3.21760880440220109477	61.72941320082497895783
-3.20560280140070030797	61.45641266155941906391
-3.19359679839919952116	61.16671655551245123661
-3.18159079539769873435	60.86324448006464393757
-3.16958479239619794754	60.54893419986267133481
-3.15757878939469716073	60.22669570965780394545
-3.14557278639319681801	59.89936745914594951046
-3.13356678339169603120	59.56967551995236220819
-3.12156078039019524439	59.24019640181633405973
-3.10955477738869445758	58.91332413836762782466
-3.09754877438719367078	58.59124216458726408518
-3.08554277138569288397	58.27590040027714479720
-3.07353676838419209716	57.96899783897669777843
-3.06153076538269131035	57.67197082224039661469
-3.04952476238119052354	57.38598705758767692942
-3.03751875937968973673	57.11194531733480062030
-3.02551275637818894992	56.85048063746732793788
-3.01350675337668816312	56.60197472317165789946
-3.00150075037518737631	56.36657116293831393250
-2.98949474737368703359	56.14419495841480767240
-2.97748874437218624678	55.93457579432624982019
-2.96548274137068545997	55.73727440343416361657
-2.95347673836918467316	55.55171132699890534923
-2.94147073536768388635	55.37719733255543275163
-2.92946473236618309954	55.21296472865954285680
-2.91745872936468231273	55.05819881091304068832
-2.90545272636318152593	54.91206868496449544637
-2.89344672336168073912	54.77375673988815663051
-2.88144072036017995231	54.64248608859725209186
-2.86943471735867916550	54.51754534965731124885
-2.85742871435717837869	54.39831021563462343238
-2.84542271135567803597	54.28426133528470387546
-2.83341670835417724916	54.17499812856232210834
-2.82141070535267646235	54.07024825254215727455
-2.80940470235117567555	53.96987254065638239808
-2.79739869934967488874	53.87386534487343681121
-2.78539269634817410193	53.78235031820695866145
-2.77338669334667331512	53.69557178091423566002
-2.76138069034517252831	53.61388191563526106620
-2.74937468734367174150	53.53772413236399785319
-2.73736868434217095469	53.46761303151077981965
-2.72536268134067016788	53.40411147058645724428
-2.71335667833916938108	53.34780530562456135613
-2.70135067533766903836	53.29927643103228973587
-2.68934467233616825155	53.25907478009300888289
-2.67733866933466746474	53.22768997211004915471
-2.66533266633316667793	53.20552330078648139988
-2.65332666333166589112	53.19286075180973227816
-2.64132066033016510431	53.18984771601262195873
-2.62931465732866431750	53.19646602849071825858
-2.61730865432716353070	53.21251391455042778489
-2.60530265132566274389	53.23758936150574783142
-2.59329664832416195708	53.27107736254647818441
-2.58129064532266117027	53.31214139680414376699
-2.56928464232116038346	53.35971942015965652217
-2.55727863931966004074	53.41252454622843970355
-2.54527263631815925393	53.46905049838115076000
-2.53326663331665846712	53.52758181372100665385
-2.52126063031515768031	53.58620868075782794904
-2.50925462731365689351	53.64284619617281180126
-2.49724862431215610670	53.69525773455065831286
-2.48524262131065531989	53.74108204013690226475
-2.47323661830915453308	53.77786357326624511188
-2.46123061530765374627	53.80308557760866960962
-2.44922461230615295946	53.81420527907815198887
-2.43721860930465217265	53.80869058417020056595
-2.42521260630315138584	53.78405761539884366584
-2.41320660330165104313	53.73790840486496733774
-2.40120060030015025632	53.66796806399109698305
-2.38919459729864946951	53.57212075799839112733
-2.37718859429714868270	53.44844383739238935505
-2.36518259129564789589	53.29523951490774180684
-2.35317658829414710908	53.11106352412857489753
-2.34117058529264632227	52.89475025421411658044
-2.32916458229114553546	52.64543392247922781735
-2.31715857928964474866	52.36256542150310622219
-2.30515257628814396185	52.04592455832744235522
-2.29314657328664317504	51.69562748842571409114
-2.28114057028514238823	51.31212923469082909378
-2.26913456728364160142	50.89622126989387140839
-2.25712856428214125870	50.44902422813353837228
-2.24512256128064047189	49.97197589500532188822
-2.23311655827913968508	49.46681470595159879622
-2.22111055527763889827	48.93555905601887445755
-2.20910455227613811147	48.38048279072032897830
-2.19709854927463732466	47.80408730573712716705
-2.18509254627313653785	47.20907073185791347214
-2.17308654327163575104	46.59829472014138218583
-2.16108054027013496423	45.97474937031371666762
-2.14907453726863417742	45.34151686264269187632
-2.13706853426713339061	44.70173435996133548542
-2.12506253126563260381	44.05855674237624697298
-2.11305652826413226109	43.41511972293986332261
-2.10105052526263147428	42.77450386884548549915
-2.08904452226113068747	42.13970002035805606511
-2.07703851925962990066	41.51357655971788318539
-2.06503251625812911385	40.89884893577985991442
-2.05302651325662832704	40.29805179840533213564
-2.04102051025512754023	39.71351404091010550701
-2.02901450725362675342	39.14733699052719373412
-2.01700850425212596662	38.60137592720906241084
-2.00500250125062517981	38.07722505148680625098
-1.99299649824912461504	37.58432561889157597079
-1.98099049524762382823	37.12421932028895099620
-1.96898449224612304143	36.69221794060182872954
-1.95697848924462225462	36.28833201719642431726
-1.94497248624312146781	35.91228443521674762451
-1.93296648324162090304	35.56352394294950158837
-1.92096048024012011624	35.24124123255920437714
-1.90895447723861932943	34.94438724790463624004
-1.89694847423711854262	34.67169337534235751264
-1.88494247123561775581	34.42169317462531807905
-1.87293646823411696900	34.19274531456143506603
-1.86093046523261640424	33.98305739123471624907
-1.84892446223111561743	33.79071032443623323616
-1.83691845922961483062	33.61368304956083363777
-1.82491245622811404381	33.44987724661766748113
-1.81290645322661325700	33.29714187418574766752
-1.80090045022511247019	33.15329730314964962190
-1.78889444722361190543	33.01615887195035270452
-1.77688844422211111862	32.88355971103148789325
-1.76488244122061033181	32.75337270839614944862
-1.75287643821910954500	32.62353151007360452240
-1.74087043521760875819	32.49205046831851007028
-1.72886443221610797139	32.35704346615897009087
-1.71685842921460740662	32.21674155925420990343
-1.70485242621310661981	32.06950938484806101769
-1.69284642321160583300	31.91386029299025040018
-1.68084042021010504619	31.74847015736514066475
-1.66883441720860425939	31.57218982236756943394
-1.65682841420710347258	31.38405613996803822374
-1.64482241120560290781	31.18330154497940753799
-1.63281640820410212100	30.96936211121968796078
-1.62081040520260133420	30.74188402445871304280
-1.60880440220110054739	30.50072840166838261666
-1.59679839919959976058	30.24597438070085075879
-1.58479239619809897377	29.97792040080724973450
-1.57278639319659840901	29.69708359304884481844
-1.56078039019509762220	29.40419720123846758497
-1.54877438719359683539	29.10020595909006857482
-1.53676838419209604858	28.78625935814253011813
-1.52476238119059526177	28.46370275403271321579
-1.51275637818909447496	28.13406627595248465923
-1.50075037518759368815	27.79905152562222880874
-1.48874437218609312339	27.46051607768417923694
-1.47673836918459233658	27.12045582274777544285
-1.46473236618309154977	26.78098522694652672271
-1.45272636318159076296	26.44431561719304824010
-1.44072036018008997615	26.11273163862696122806
-1.42871435717858918935	25.78856606920943406180
-1.41670835417708862458	25.47417321511434096237
-1.40470235117558783777	25.17190114852033744341
-1.39269634817408705096	24.88406308560153590292
-1.38069034517258626416	24.61290823591841103735
-1.36868434217108547735	24.36059248400914967192
-1.35667833916958469054	24.12914928880499232378
-1.34467233616808412577	23.92046120564107525297
-1.33266633316658333896	23.73623244830401191052
-1.32066033016508255216	23.57796291406819122471
-1.30865432716358176535	23.44692409248618858442
-1.29664832416208097854	23.34413726843839853586
-1.28464232116058019173	23.27035441141312688274
-1.27263631815907962697	23.22604211616726388456
-1.26063031515757884016	23.21136892499019666047
-1.24862431215607805335	23.22619631913384452560
-1.23661830915457726654	23.27007361714584732226
-1.22461230615307647973	23.34223696160080407935
-1.21260630315157569292	23.44161251398518786004
-1.20060030015007512816	23.56682391132911291720
-1.18859429714857434135	23.71620396879769288034
-1.17658829414707355454	23.88781054116936530818
-1.16458229114557276773	24.07944638433121298249
-1.15257628814407198092	24.28868278705368055626
-1.14057028514257119411	24.51288667482997496450
-1.12856428214107062935	24.74925082292196520939
-1.11655827913956984254	24.99482675634256878539
-1.10455227613806905573	25.24655986163834597846
-1.09254627313656826892	25.50132619022005187048
-1.08054027013506748212	25.75597039668554444347
-1.06853426713356669531	26.00734422898456799089
-1.05652826413206613054	26.25234497109485332089
-1.04452226113056534373	26.48795323361125753081
-1.03251625812906455693	26.71126949357017821285
-1.02051025512756377012	26.91954880198311172990
-1.00850425212606298331	27.11023310574479339152
-0.99649824912456230752	27.28098066938575527729
-0.98449224612306152071	27.42969213090117008846
-0.97248624312156073390	27.55453278373741099472
-0.96048024012006005812	27.65395074288290544473
-0.94847423711855927131	27.72669072564218950561
-0.93646823411705848450	27.77180325566924778968
-0.92446223111555780871	27.78864918067224820675
-0.91245622811405702191	27.77689947825977867524
-0.90045022511255623510	27.73653040900381228084
-0.88844422211105555931	27.66781415925066056616
-0.87643821910955477250	27.57130519683843417056
-0.86443221610805398569	27.44782263904803798482
-0.85242621310655330991	27.29842900228403834717
-0.84042021010505252310	27.12440576573024131335
-0.82841420710355173629	26.92722623528541703308
-0.81640820410205106050	26.70852623836793071632
-0.80440220110055027369	26.47007321380120004051
-0.79239619809904948688	26.21373428329480503862
-0.78039019509754881110	25.94144390159670976459
-0.76838419209604802429	25.65517168103825795811
-0.75637818909454723748	25.35689097300327432549
-0.74437218609304656169	25.04854876415539877144
-0.73236618309154577489	24.73203740962647145807
-0.72036018009004498808	24.40916867960664760062
-0.70835417708854431229	24.08165054090062895398
-0.69634817408704352548	23.75106703223165993677
-0.68434217108554273867	23.41886152275732513317
-0.67233616808404206289	23.08632356891427761525
-0.66033016508254127608	22.75457950693985509361
-0.64832416208104048927	22.42458683889853077176
-0.63631815907953981348	22.09713239047139055060
-0.62431215607803902667	21.77283414083935753069
-0.61230615307653823987	21.45214655035162110153
-0.60030015007503756408	21.13536914188456705688
-0.58829414707353677727	20.82265802831208034718
-0.57628814407203599046	20.51404002262670900336
-0.56428214107053531468	20.20942892009917457585
-0.55227613806903452787	19.90864350436827123758
-0.54027013506753374106	19.61142680222219425445
-0.52826413206603306527	19.31746609554083349281
-0.51625812906453227846	19.02641319364909833212
-0.50425212606303149165	18.73790447516972434983
-0.49224612306153076036	18.45158022510173623232
-0.48024012006003002906	18.16710281979261054630
-0.46823411705852924225	17.88417334899625998901
-0.45622811405702851095	17.60254630938927178363
-0.44422211105552777965	17.32204205663959939443
-0.43221610805402699285	17.04255676211455750035
-0.42021010505252626155	16.76406968417698095664
-0.40820410205102553025	16.48664763125128374099
-0.39619809904952474344	16.21044656288523810872
-0.38419209604802401214	15.93571034430071442500
-0.37218609304652328085	15.66276673783945483365
-0.36018009004502249404	15.39202077973535942590
-0.34817408704352176274	15.12394575132873875134
-0.33616808404202103144	14.85907200883861811747
-0.32416208104052024463	14.59797398392616329943
-0.31215607803901951334	14.34125570748280864564
-0.30015007503751878204	14.08953524051820949126
-0.28814407203601799523	13.84342841807127300058
-0.27613806903451726393	13.60353232430860970226
-0.26413206603301653264	13.37040891922408469839
-0.25212606303151574583	13.14456922965766416667
-0.24012006003001501453	12.92645849998691787164
-0.22811405702851425548	12.71644267130650618469
-0.21610805402701349642	12.51479652290423238981
-0.20410205102551276513	12.32169376726079690343
-0.19209604802401200607	12.13719934070687855865
-0.18009004502251124702	11.96126407747094155809
-0.16808404202101051572	11.79372189646284141418
-0.15607803901950975667	11.63428956916380663245
-0.14407203601800899762	11.48256907488360845093
-0.13206603301650826632	11.33805248786790542681
-0.12006003001500750726	11.20012928074118185862
-0.10805402701350674821	11.06809587195065347487
-0.09604802401200600304	10.94116719254686387330
-0.08404202101050525786	10.81849000099680857545
-0.07203601800900449881	10.69915763483417769919
-0.06003001500750375363	10.58222585570238116759
-0.04802401200600300152	10.46672942044933485306
-0.03601800900450224940	10.35169899589860342815
-0.02401200600300150076	10.23617802904887774673
-0.01200600300150075038	10.11923918782645159808
0.00000000000000000000	10.00000000000000000000
