-24.00000000000000000000	370.00000000000000000000
-24.00000000000000000000	370.00000000000000000000
-23.98302238962800103650	369.74531505005580811485
-23.98302238962800103650	369.74531476756521897187
-23.94688487934699949733	369.20306556523843255491
-23.94688487934699949733	369.20306570315494809620
-23.89999999999999857891	368.49927027709196636351
-23.89999999999999857891	368.49928120764263894671
-23.85311512065300121321	367.79521055444826060921
-23.85311512065300121321	367.79525566045077766830
-23.81697761037199967404	367.25246561779260900948
-23.81697761037199967404	367.25256557649043998026
-23.80000000000000071054	366.99811040333190703677
-23.80000000000000071054	366.99793919324082480671
-23.80000000000000071054	366.99777808871760953480
-23.80000000000000071054	366.99762907420802093839
-23.78302238962800174704	366.74332281524277732387
-23.78302238962800174704	366.74354085129760960626
-23.74688487934700020787	366.20113351528743805829
-23.74688487934700020787	366.20143967312139920978
-23.69999999999999928946	365.49785460679856896604
-23.69999999999999928946	365.49828121030373040412
-23.65311512065299837104	364.79498959789680156973
-23.65311512065299837104	364.79553678512689884883
-23.61697761037200038459	364.25385972668408385289
-23.61697761037200038459	364.25448230282404438185
-23.60000000000000142109	364.00222188048593352505
-23.60000000000000142109	364.00166229700715803119
-23.60000000000000142109	364.00045211180031401454
-23.60000000000000142109	364.00107250040343842556
-23.58302238962799890487	363.74832692220189755972
-23.58302238962799890487	363.74887411843519657850
-23.54688487934700091841	363.20806607826557410590
-23.54688487934700091841	363.20865333037306754704
-23.50000000000000000000	362.50723799769923516578
-23.50000000000000000000	362.50790219802325964338
-23.45311512065299908159	361.80695460300643162554
-23.45311512065299908159	361.80771464154173600036
-23.41697761037200109513	361.26885701142481366333
-23.41697761037200109513	361.26800645441107917577
-23.39999999999999857891	361.01866308544526873447
-23.39999999999999857891	361.01774834547762793591
-23.39999999999999857891	361.01593292606497698216
-23.39999999999999857891	361.01683810040742628189
-23.38302238962799961541	360.76603931266600966410
-23.38302238962799961541	360.76700569353380387838
-23.34688487934700162896	360.22862766938203549216
-23.34688487934700162896	360.22967821445962499638
-23.30000000000000071054	359.53150042806061037481
-23.30000000000000071054	359.53261396469264354891
-23.25311512065299979213	358.83612068667031280711
-23.25311512065299979213	358.83504079590647961595
-23.21697761037199825296	358.29988765778699644216
-23.21697761037199825296	358.29900843151852996016
-23.19999999999999928946	358.04792237387107434188
-23.19999999999999928946	358.04841138119195420586
-23.19999999999999928946	358.04864807236168644522
-23.19999999999999928946	358.04860979836212209193
-23.18302238962800032596	357.79568333494285070628
-23.18302238962800032596	357.79501124166063164012
-23.14688487934699878679	357.25633908576372732568
-23.14688487934699878679	357.25485987792762898607
-23.10000000000000142109	356.55534108834791595655
-23.10000000000000142109	356.55284577679753965640
-23.05311512065300050267	355.84833232069365749339
-23.05311512065300050267	355.85199945900694729062
-23.01697761037199896350	355.30587663537454545803
-23.01697761037199896350	355.30104624401991486593
-23.00000000000000000000	355.04260114868213804584
-23.00000000000000000000	355.03685215505089445287
-23.00000000000000000000	355.03080280054962258873
-23.00000000000000000000	355.02450961628119330271
-22.98302238962800103650	354.76398632581202718939
-22.98302238962800103650	354.75716349678447159022
-22.94688487934699949733	354.20857861903300545237
-22.94688487934699949733	354.20121219652605759620
-22.89999999999999857891	353.48980558089527903576
-22.89999999999999857891	353.48202775447032308875
-22.85311512065300121321	352.76114394679706265379
-22.85311512065300121321	352.76899772012478706529
-22.81697761037199967404	352.20888128669059824460
-22.81697761037199967404	352.20146007393964282528
-22.80000000000000071054	351.93819806008525574725
-22.80000000000000071054	351.93176523546020462163
-22.80000000000000071054	351.92600067498955240808
-22.80000000000000071054	351.92093540689302244573
-22.78302238962800174704	351.65954901822124156752
-22.78302238962800174704	351.65583072216901427964
-22.74688487934700020787	351.10522725234358176749
-22.74688487934700020787	351.10286631923435152203
-22.69999999999999928946	350.38929273447786272300
-22.69999999999999928946	350.39022096590417731932
-22.65311512065299837104	349.67769683114767076404
-22.65311512065299837104	349.67825286735433110152
-22.61697761037200038459	349.13105940898407197892
-22.61697761037200038459	349.13302592154900594323
-22.60000000000000142109	348.87796495289114773186
-22.60000000000000142109	348.88108401440115358128
-22.60000000000000142109	348.88463030809890597084
-22.60000000000000142109	348.88851911252737636460
-22.58302238962799890487	348.63538308923159547703
-22.58302238962799890487	348.63981179415975475422
-22.54688487934700091841	348.10184493896736057650
-22.54688487934700091841	348.09705985502972680479
-22.50000000000000000000	347.40187816666372100372
-22.50000000000000000000	347.39696422555050503433
-22.45311512065299908159	346.69739322887716070909
-22.45311512065299908159	346.70214161886286774461
-22.41697761037200109513	346.16024345674173900989
-22.41697761037200109513	346.16449633516185713233
-22.39999999999999857891	345.91180583553301630673
-22.39999999999999857891	345.91527212501625854202
-22.39999999999999857891	345.91827162706380249801
-22.39999999999999857891	345.92079945883745040192
-22.38302238962799961541	345.66655061006309779259
-22.38302238962799961541	345.66819340939559879189
-22.34688487934700162896	345.12390266339633626558
-22.34688487934700162896	345.12473599408468771799
-22.30000000000000071054	344.41754105399928675979
-22.30000000000000071054	344.41742013786864617941
-22.25311512065299979213	343.70947168278576100420
-22.25311512065299979213	343.70904138260732452181
-22.21697761037199825296	343.16268546201632716475
-22.21697761037199825296	343.16195805706780674882
-22.19999999999999928946	342.90476199749497254743
-22.19999999999999928946	342.90407388376195285673
-22.19999999999999928946	342.90354301636244827023
-22.19999999999999928946	342.90325614630017980744
-22.18302238962800032596	342.64680124715647480116
-22.18302238962800032596	342.64726260186535000685
-22.14688487934699878679	342.10384827956312392416
-22.14688487934699878679	342.10225735225009202622
-22.10000000000000142109	341.39784943409392781177
-22.10000000000000142109	341.40097869161428434381
-22.05311512065300050267	340.69689844985134641320
-22.05311512065300050267	340.70193791931586702049
-22.01697761037199896350	340.16251815825427229356
-22.01697761037199896350	340.16969784947832522448
-22.00000000000000000000	339.92188231053506797252
-22.00000000000000000000	339.93118737254269490222
-22.00000000000000000000	339.94146065964764602541
-22.00000000000000000000	339.95265910214573068515
-21.98302238962800103650	339.72253451796956369435
-21.98302238962800103650	339.70945828069096705804
-21.94688487934699949733	339.19393800992179421883
-21.94688487934699949733	339.20886244886457916436
-21.89999999999999857891	338.52199851428548527110
-21.89999999999999857891	338.53854909594082300828
-21.85311512065300121321	337.85457773096152322978
-21.85311512065300121321	337.87224052936358020816
-21.81697761037199967404	337.35093581964508757665
-21.81697761037199967404	337.36888640261213367921
-21.80000000000000071054	337.16744775989894833401
-21.80000000000000071054	337.13381071021183288394
-21.80000000000000071054	337.15101441706349305605
-21.80000000000000071054	337.18295059351879672249
-21.78302238962800174704	336.95918431027376982456
-21.78302238962800174704	336.94576848111216804682
-21.74688487934700020787	336.43661175369089733067
-21.74688487934700020787	336.44757499422934188260
-21.69999999999999928946	335.76435232576403677740
-21.69999999999999928946	335.77242119889274363231
-21.65311512065299837104	335.08695125365397871064
-21.65311512065299837104	335.09170451681717395331
-21.61697761037200038459	334.56182320498226090422
-21.61697761037200038459	334.56301644033788988963
-21.60000000000000142109	334.30064253765482362724
-21.60000000000000142109	334.30599836237956878904
-21.60000000000000142109	334.31217692133947139155
-21.60000000000000142109	334.30988591948505472828
-21.58302238962799890487	334.04347177516677902531
-21.58302238962799890487	334.03551159110099888494
-21.54688487934700091841	333.49294236062303298240
-21.54688487934700091841	333.48282274022005822189
-21.50000000000000000000	332.77910871472226972401
-21.50000000000000000000	332.76734552549726231518
-21.45311512065299908159	332.06161564465321589523
-21.45311512065299908159	332.04884315715679576897
-21.41697761037200109513	331.48776633899325361199
-21.41697761037200109513	331.50081613971502747518
-21.39999999999999857891	331.18691647567709424038
-21.39999999999999857891	331.19849727121862770218
-21.39999999999999857891	331.22321181685674673645
-21.39999999999999857891	331.21062035223366137870
-21.38302238962799961541	330.92357178655964844438
-21.38302238962799961541	330.91307826846599482451
-21.34688487934700162896	330.36556314829198299776
-21.34688487934700162896	330.35611113192953780526
-21.30000000000000071054	329.64916838896760964417
-21.30000000000000071054	329.64068770023646948175
-21.25311512065299979213	328.93418340591182413846
-21.25311512065299979213	328.92659322778155228661
-21.21697761037199825296	328.37392954349741103215
-21.21697761037199825296	328.38071026009652086941
-21.19999999999999928946	328.09726526073677632667
-21.19999999999999928946	328.10259330348992534709
-21.19999999999999928946	328.11429731977023038780
-21.19999999999999928946	328.10826404331248795643
-21.18302238962800032596	327.83873183184749677821
-21.18302238962800032596	327.83402813640071826740
-21.14688487934699878679	327.28981173700844919949
-21.14688487934699878679	327.28578721967335241061
-21.10000000000000142109	326.58157680461067684519
-21.10000000000000142109	326.57845680761158746463
-21.05311512065300050267	325.87516500699786092810
-21.05311512065300050267	325.87331706561383271037
-21.01697761037199896350	325.33208329774004141655
-21.01697761037199896350	325.33193895640943082981
-21.00000000000000000000	325.08821225598182991234
-21.00000000000000000000	325.08400374420688194732
-21.00000000000000000000	325.08094855543356516137
-21.00000000000000000000	325.07901651086399397172
-20.98302238962800103650	324.83997779307009068361
-20.98302238962800103650	324.84655592609152563455
-20.94688487934699949733	324.31479192931510624476
-20.94688487934699949733	324.32368535233723605415
-20.89999999999999857891	323.63424640395305686980
-20.89999999999999857891	323.64512992315462724946
-20.85311512065300121321	322.95809046580899348555
-20.85311512065300121321	322.97025842945453177890
-20.81697761037199967404	322.44474397228322004594
-20.81697761037199967404	322.45707269636409364466
-20.80000000000000071054	322.24555659121227790820
-20.80000000000000071054	322.23733667988904016966
-20.80000000000000071054	322.21649395462520715228
-20.80000000000000071054	322.22753192964586332891
-20.78302238962800174704	321.99986242368123612323
-20.78302238962800174704	322.00393716070368554938
-20.74688487934700020787	321.46923317867185687646
-20.74688487934700020787	321.46781421205207607272
-20.69999999999999928946	320.76748878750862559173
-20.69999999999999928946	320.75927955540225866571
-20.65311512065299837104	320.05125056225068647109
-20.65311512065299837104	320.03524849868426827015
-20.61697761037200038459	319.47807355182538913141
-20.61697761037200038459	319.45387693557108832465
-20.60000000000000142109	319.06711761302062768664
-20.60000000000000142109	319.10561723444351400758
-20.60000000000000142109	319.17293732161027719485
-20.60000000000000142109	319.14099087810802757303
-20.58302238962799890487	318.77144442470512331056
-20.58302238962799890487	318.72737914920872981384
-20.54688487934700091841	318.13796105557628379756
-20.54688487934700091841	318.08951376102868380258
-20.50000000000000000000	317.33238071796120038925
-20.50000000000000000000	317.28120315666922124365
-20.45311512065299908159	316.51959961558901568424
-20.45311512065299908159	316.46785882495214536902
-20.41697761037200109513	315.81774367809777004368
-20.41697761037200109513	315.86751437828087318849
-20.39999999999999857891	315.38481755741446477259
-20.39999999999999857891	315.42355951567333249841
-20.39999999999999857891	315.51096408005969351507
-20.39999999999999857891	315.46571417222230593325
-20.38302238962799961541	315.08892685097305275121
-20.38302238962799961541	315.05739663320099452903
-20.34688487934700162896	314.47342700523319081185
-20.34688487934700162896	314.44944840142227349133
-20.30000000000000071054	313.70629446116919325505
-20.30000000000000071054	313.68998301073929724225
-20.25311512065299979213	312.94449943694530702487
-20.25311512065299979213	312.95336352877762919888
-20.21697761037199825296	312.37842914469706556702
-20.21697761037199825296	312.38051241148326653274
-20.19999999999999928946	312.11679469641535433766
-20.19999999999999928946	312.12036362658034249762
-20.19999999999999928946	312.12622337285790763417
-20.19999999999999928946	312.13400936838752386393
-20.18302238962800032596	311.88103198881469779735
-20.18302238962800032596	311.89172298245830461383
-20.14688487934699878679	311.34527072334662989306
-20.14688487934699878679	311.35779363984960355083
-20.10000000000000142109	310.64708784179612166554
-20.10000000000000142109	310.66058730282901478859
-20.05311512065300050267	309.95090657986008864100
-20.05311512065300050267	309.96475267711724654873
-20.01697761037199896350	309.43516925040353271470
-20.01697761037199896350	309.42135815178068014575
-20.00000000000000000000	309.18727480548926678239
-20.00000000000000000000	309.20092596748469304657
-20.00000000000000000000	309.21452375508289378558
-20.00000000000000000000	309.22815512288525496842
-19.98302238962800103650	308.98080750989765874692
-19.98302238962800103650	308.99493269901267922251
-19.94688487934699949733	308.45404390616482714904
-19.94688487934699949733	308.46923659017102181679
-19.89999999999999857891	307.76498566179077442939
-19.89999999999999857891	307.78171469036453800072
-19.85311512065300121321	307.09823588115233405915
-19.85311512065300121321	307.07972259343733867354
-19.81697761037199967404	306.56350092074029589639
-19.81697761037199967404	306.58373927817740423052
-19.80000000000000071054	306.34465068896145112376
-19.80000000000000071054	306.36623124939285389701
-19.80000000000000071054	306.38825987481072843366
-19.80000000000000071054	306.41062509154750159723
-19.78302238962800174704	306.17395489568019684157
-19.78302238962800174704	306.19683083674277668251
-19.74688487934700020787	305.66860054063067764218
-19.74688487934700020787	305.69179149184674315620
-19.69999999999999928946	305.02412975763587610345
-19.69999999999999928946	305.00073955878661990937
-19.65311512065299837104	304.33416918592831734713
-19.65311512065299837104	304.35782452862167701824
-19.61697761037200038459	303.83251132712729258856
-19.61697761037200038459	303.85679073645809467052
-19.60000000000000142109	303.62394206353241088436
-19.60000000000000142109	303.64956800944753467775
-19.60000000000000142109	303.67625226960967665946
-19.60000000000000142109	303.70437459581245320805
-19.58302238962799890487	303.47763187019421593504
-19.58302238962799890487	303.51015001678712224020
-19.54688487934700091841	303.00008891894714224691
-19.54688487934700091841	303.03923205606679402990
-19.50000000000000000000	302.42427647967286929997
-19.50000000000000000000	302.37626416407420038013
-19.45311512065299908159	301.77314877769140366581
-19.45311512065299908159	301.83192124677748324757
-19.41697761037200109513	301.35550501129574740844
-19.41697761037200109513	301.42612375792685952547
-19.39999999999999857891	301.24950453082203694066
-19.39999999999999857891	301.33184357691567356596
-19.39999999999999857891	301.41956243702730944278
-19.39999999999999857891	301.51234485701405674263
-19.38302238962799961541	301.35958865032250741933
-19.38302238962799961541	301.46177740280489842917
-19.34688487934700162896	301.14797678886850462732
-19.34688487934700162896	301.03818510445381662066
-19.30000000000000071054	300.57752341094692383194
-19.30000000000000071054	300.69182461596443545204
-19.25311512065299979213	300.12851415096861273923
-19.25311512065299979213	300.24284246763284045301
-19.21697761037199825296	299.83593012595230220541
-19.21697761037199825296	299.94467869808113391628
-19.19999999999999928946	299.80596052569524090359
-19.19999999999999928946	299.90307100241250282124
-19.19999999999999928946	299.99221176947406775071
-19.19999999999999928946	300.07232303869153611231
-19.18302238962800032596	299.96275906734331329062
-19.18302238962800032596	299.90297973323259839162
-19.14688487934699878679	299.53990012729445879813
-19.14688487934699878679	299.50308572097128489986
-19.10000000000000142109	298.90678979276395921261
-19.10000000000000142109	298.91873395801366086744
-19.05311512065300050267	298.26111840309164335849
-19.05311512065300050267	298.24751825403131988423
-19.01697761037199896350	297.71512917096390538063
-19.01697761037199896350	297.67705639888447421981
-19.00000000000000000000	297.38953261801469807324
-19.00000000000000000000	297.33005291698367500430
-19.00000000000000000000	297.26158972463895224791
-19.00000000000000000000	297.18534448646028067742
-18.98302238962800103650	296.86222911423345749427
-18.98302238962800103650	296.77368280144179379931
-18.94688487934699949733	296.07078284332629891651
-18.94688487934699949733	296.16717029972846830788
-18.89999999999999857891	295.30279381356785961543
-18.89999999999999857891	295.20315059403304758234
-18.85311512065300121321	294.43089137914620323500
-18.85311512065300121321	294.33250979153746129668
-18.81697761037199967404	293.71530006939548229639
-18.81697761037199967404	293.62221025251426453906
-18.80000000000000071054	293.28708845069098742897
-18.80000000000000071054	293.20228668933583549006
-18.80000000000000071054	293.12228856441856805759
-18.80000000000000071054	293.04708543329462600013
-18.78302238962800174704	292.66146281243118210114
-18.78302238962800174704	292.72821746776355666952
-18.74688487934700020787	292.06831506135534937130
-18.74688487934700020787	292.00773629974082723493
-18.69999999999999928946	291.25979077534105954328
-18.69999999999999928946	291.20245815640839737171
-18.65311512065299837104	290.45424793504855642823
-18.65311512065299837104	290.39688142844067897386
-18.61697761037200038459	289.80399608946834177914
-18.61697761037200038459	289.74339069247457700840
-18.60000000000000142109	289.29193007146727723011
-18.60000000000000142109	289.21793082729232082784
-18.60000000000000142109	289.42841902390227915021
-18.60000000000000142109	289.36196603930005721850
-18.58302238962799890487	288.88596365646287722484
-18.58302238962799890487	288.80302670457365366019
-18.54688487934700091841	288.17349701501223080413
-18.54688487934700091841	288.08137010818842327353
-18.50000000000000000000	287.27880482670451556260
-18.50000000000000000000	287.17880018343390702285
-18.45311512065299908159	286.36625980198522256615
-18.45311512065299908159	286.26138942330345571463
-18.41697761037200109513	285.50086251025476258292
-18.41697761037200109513	285.60604141763053576142
-18.39999999999999857891	284.85392051608192787171
-18.39999999999999857891	284.94306879261495168976
-18.39999999999999857891	285.13811758230696113969
-18.39999999999999857891	285.03819589982737170430
-18.38302238962799961541	284.50973895416507275513
-18.38302238962799961541	284.43532548157151040868
-18.34688487934700162896	283.81011948185340543205
-18.34688487934700162896	283.75376159525347929957
-18.30000000000000071054	282.97965289213385631228
-18.30000000000000071054	282.94393182593870506025
-18.25311512065299979213	282.18995677937249411116
-18.25311512065299979213	282.17621377391236592302
-18.21697761037199825296	281.61872033162501338666
-18.21697761037199825296	281.61090582499332413136
-18.19999999999999928946	281.47559643718039978921
-18.19999999999999928946	281.43400258923918499931
-18.19999999999999928946	281.37226236599144613137
-18.19999999999999928946	281.39914565992569350783
-18.18302238962800032596	281.25923795906527402622
-18.18302238962800032596	281.31041788565977412873
-18.14688487934699878679	280.80472084906398322346
-18.14688487934699878679	280.85981399936855495980
-18.10000000000000142109	280.19015322545118351627
-18.10000000000000142109	280.24303417463778487217
-18.05311512065300050267	279.56950848836555678645
-18.05311512065300050267	279.61394475683346172445
-18.01697761037199896350	279.09566848654509385597
-18.01697761037199896350	279.12591027127314191603
-18.00000000000000000000	278.88879899285262808917
-18.00000000000000000000	278.89872603738729139877
-18.00000000000000000000	278.89772131542088118294
-18.00000000000000000000	278.88621119242031909380
-17.98302238962800103650	278.60664516751984365328
-17.98302238962800103650	278.57424109921873878193
-17.94688487934699949733	277.97413439457363892870
-17.94688487934699949733	277.91946578062714934276
-17.89999999999999857891	277.13041098391767036446
-17.89999999999999857891	277.05507182433206025962
-17.85311512065300121321	276.24427534636907921595
-17.85311512065300121321	276.15140418736700667068
-17.81697761037199967404	275.48944405377869770746
-17.81697761037199967404	275.38371685754350437492
-17.80000000000000071054	274.66881073160317328075
-17.80000000000000071054	274.78215700037316082671
-17.80000000000000071054	275.00856391429721270470
-17.80000000000000071054	274.89588446848426883662
-17.78302238962800174704	274.28919233885056883082
-17.78302238962800174704	274.18019585650330327553
-17.74688487934700020787	273.50250333825141524358
-17.74688487934700020787	273.40259125518122118592
-17.69999999999999928946	272.56284715618994596298
-17.69999999999999928946	272.47674556791326949678
-17.65311512065299837104	271.65028752768500908132
-17.65311512065299837104	271.58256873891485838612
-17.61697761037200038459	270.94656437763001122221
-17.61697761037200038459	270.90131757427946013195
-17.60000000000000142109	270.57856644515152311214
-17.60000000000000142109	270.57049006036095306627
-17.60000000000000142109	270.59599109469752420409
-17.60000000000000142109	270.57641215127296163701
-17.58302238962799890487	270.32817053321122102716
-17.58302238962799890487	270.36510613643150691132
-17.54688487934700091841	269.83695409478127658076
-17.54688487934700091841	269.90378079554318446753
-17.50000000000000000000	269.23506091037063470139
-17.50000000000000000000	269.33244306356863262408
-17.45311512065299908159	268.69678113299181632101
-17.45311512065299908159	268.82460885498164770979
-17.41697761037200109513	268.54996097329143367460
-17.41697761037200109513	268.39299429295954269037
-17.39999999999999857891	269.03656895228249368301
-17.39999999999999857891	268.83061961845783116587
-17.39999999999999857891	268.45221767080403196815
-17.39999999999999857891	268.63556176493898419722
-17.38302238962799961541	268.98884188339633283249
-17.38302238962799961541	269.21495156039520679769
-17.34688487934700162896	268.89280516098938278446
-17.34688487934700162896	269.13644327990613192014
-17.30000000000000071054	268.67101901801464691744
-17.30000000000000071054	268.92855874990084430465
-17.25311512065299979213	268.74833223929761061299
-17.25311512065299979213	268.48177827696025588011
-17.21697761037199825296	268.74538596683146352007
-17.21697761037199825296	268.47587880513873415111
-17.19999999999999928946	268.76210355280579733517
-17.19999999999999928946	269.02782715998569074145
-17.19999999999999928946	269.28915594877054218159
-17.19999999999999928946	269.54497788399191904318
-17.18302238962800032596	269.54858846820712869885
-17.18302238962800032596	269.79168867652333574370
-17.14688487934699878679	269.50875616958165892356
-17.14688487934699878679	269.73718839712523731578
-17.10000000000000142109	269.29071115764361366018
-17.10000000000000142109	269.50281522284990387561
-17.05311512065300050267	269.23977221451474406422
-17.05311512065300050267	269.04525985773670981871
-17.01697761037199896350	268.91991153670551284449
-17.01697761037199896350	269.09619259136604796367
-17.00000000000000000000	269.02768285942408965639
-17.00000000000000000000	269.18591587580920077016
-17.00000000000000000000	269.33547490773037225154
-17.00000000000000000000	269.47695668046793571193
-16.98302238962800103650	269.37871161202224357112
-16.98302238962800103650	269.50651391589360628132
-16.94688487934899967513	269.13638535972074805613
-16.94688487934899967513	269.25332432934112603107
-16.90000000000300062197	268.73044479692879349386
-16.90000000000300062197	268.83832566759826931957
-16.85311512065700156882	268.40928519503069082930
-16.85311512065700156882	268.31005519144190429870
-16.81697761037699834219	268.01909468856553075966
-16.81697761037699834219	268.10842344757691080304
-16.80000000000600124395	267.96496705552573303066
-16.80000000000600124395	268.04143955447125335922
-16.80000000000600124395	268.10990217781159117294
-16.80000000000600124395	268.16919306976296866196
-16.78302238963399872773	267.99268113147246594963
-16.78302238963399872773	268.02968722145885749342
-16.74688487935399905382	267.57436095468000303299
-16.74688487935399905382	267.58260154681664744203
-16.70000000000899831321	266.92506444472815019253
-16.70000000000899831321	266.95308788054853721405
-16.65311512066299926005	266.25523294474515978436
-16.65311512066299926005	266.18333110076702041624
-16.61697761038299958614	265.60742996347619282460
-16.61697761038299958614	265.48515695776063694211
-16.60000000001100062264	265.10977247295573988595
-16.60000000001100062264	264.93307416353917460583
-16.60000000001100062264	264.72868678735858338769
-16.60000000001100062264	264.49656093909590026669
-16.58302238963999997168	264.00641273502685635322
-16.58302238963999997168	263.71884902679738615916
-16.54688487936000029777	262.56822146153314179173
-16.54688487936000029777	262.90902347469835831362
-16.50000000001400124461	261.16361865976870149098
-16.50000000001400124461	261.55209686520936429588
-16.45311512066799863874	260.09482605625095175128
-16.45311512066799863874	259.66823180390821335095
-16.41697761038900083008	258.71106337640622996332
-16.41697761038900083008	258.25991987976067321142
-16.40000000001699831387	257.55625880783605907709
-16.40000000001699831387	257.09724530110224804957
-16.40000000001699831387	256.64103598439902498285
-16.40000000001699831387	256.19143554581148691796
-16.38302238964499935037	255.49638321936697593628
-16.38302238964499935037	255.06907642841417782620
-16.34688487936600154171	254.10666368079481003406
-16.34688487936600154171	253.71330117172615814525
-16.30000000001999893584	252.26857954814670392807
-16.30000000001999893584	252.61713140487296413994
-16.25311512067399988268	251.21361454391362144634
-16.25311512067399988268	250.91912001488975647590
-16.21697761039400020877	250.08421851254408352361
-16.21697761039400020877	249.85021309017491830673
-16.20000000002299955781	249.37782707595681586099
-16.20000000002299955781	249.20677216528255826233
-16.20000000002299955781	249.06667028924658779943
-16.20000000002299955781	248.95623596508045238807
-16.18302238965100059431	248.60113374170853717260
-16.18302238965100059431	248.54436041980108029747
-16.14688487937100092040	247.91779921473650460939
-16.14688487937100092040	247.92995977441393051777
-16.10000000002499831453	247.16951922481095493822
-16.10000000002499831453	247.19144568317642551847
-16.05311512068000112663	246.47174363565065391413
-16.05311512068000112663	246.51615770404188765497
-16.01697761040000145272	245.98643539132953605986
-16.01697761040000145272	246.04135682107519755846
-16.00000000002799893650	245.82466775268682113165
-16.00000000002799893650	245.87875039787775222067
-16.00000000002799893650	245.92867653842890263149
-16.00000000002799893650	245.97242668774850926638
-15.98302238965599997300	245.76349284898751079709
-15.98302238965599997300	245.73668952782819019376
-15.94688487937500021019	245.20219364915428172935
-15.94688487937500021019	245.20801863659957575692
-15.90000000002699920287	244.45268841378020852062
-15.90000000002699920287	244.43609928939832798278
-15.85311512068000006082	243.65799182842829395668
-15.85311512068000006082	243.62022839076365698929
-15.81697761039900029800	242.99377965517427924169
-15.81697761039900029800	242.93866691652740996687
-15.80000000002699955814	242.46846921359880866476
-15.80000000002699955814	242.60434199790876164116
-15.80000000002699955814	242.53788024173431381314
-15.80000000002699955814	242.39796099700214426775
-15.78302238965500059464	241.98686343460590819632
-15.78302238965500059464	242.05420826020483104912
-15.74688487937400083183	241.33945442947552351143
-15.74688487937400083183	241.28235946925167354493
-15.70000000002599982452	240.47332221305677535383
-15.70000000002599982452	240.43321493687784595750
-15.65311512067900068246	239.64307039038402535880
-15.65311512067900068246	239.62592466612522912328
-15.61697761039799914329	239.03518350171188444619
-15.61697761039799914329	239.04573705645677250686
-15.60000000002500009089	238.89436827594491319360
-15.60000000002500009089	238.96792101550693132594
-15.60000000002500009089	238.79566623472982200838
-15.60000000002500009089	238.83701880736663270000
-15.58302238965299935103	238.78308536902284231473
-15.58302238965299935103	238.88956722268937937770
-15.54688487937199958822	238.42939867739175952011
-15.54688487937199958822	238.56912352242446218042
-15.50000000002500044616	237.97149816679961986665
-15.50000000002500044616	238.14425258966574006081
-15.45311512067699943884	237.58278638196600240917
-15.45311512067699943884	237.78766843065648117772
-15.41697761039599967603	237.43280693959812310823
-15.41697761039599967603	237.66805845002414798728
-15.40000000002400071253	238.47492393764369467135
-15.40000000002400071253	238.18743666592351360123
-15.40000000002400071253	237.91193807138816396218
-15.40000000002400071253	237.64900780019135595467
-15.38302238965199997267	238.51031293140280808984
-15.38302238965199997267	238.82107087165456960065
-15.34688487937100020986	238.58625906768850200024
-15.34688487937100020986	238.91889260127868510608
-15.30000000002299920254	238.54626658296766095191
-15.30000000002299920254	238.89815962787420744462
-15.25311512067600006048	238.55024715235370535993
-15.25311512067600006048	238.91695031403011739712
-15.21697761039500029767	238.74902277872996592123
-15.21697761039500029767	239.12394734033006216123
-15.20000000002299955781	240.35914013500320152161
-15.20000000002299955781	239.99434850962526866169
-15.20000000002299955781	239.24905855562207079856
-15.20000000002299955781	239.62362415362156298215
-15.18302238965000050541	240.47165834454054333946
-15.18302238965000050541	240.81937648703470244982
-15.14688487936900074260	240.64044076687574147400
-15.14688487936900074260	240.96337344848009820453
-15.10000000002199982418	240.60907087364293488463
-15.10000000002199982418	240.89865370027303015377
-15.05311512067500068213	240.51279637517231435595
-15.05311512067500068213	240.76018779768949684694
-15.01697761039300083041	240.67935730405858407721
-15.01697761039300083041	240.48226672400321035639
-15.00000000002100009056	240.94766344069932983984
-15.00000000002100009056	240.86652858398687726549
-15.00000000002100009056	240.75552377960070771223
-15.00000000002100009056	240.61489494820636991790
-14.98302238964899935070	240.76701083146971882343
-14.98302238964899935070	240.78910520537829142995
-14.94688487936799958788	240.28893700329200555643
-14.94688487936799958788	240.25447380163342359083
-14.90000000002100044583	239.55253342472445865496
-14.90000000002100044583	239.46604456454608111926
-14.85311512067299943851	238.71375376821359282076
-14.85311512067299943851	238.58201360805321655789
-14.81697761039199967570	237.93408385203298394117
-14.81697761039199967570	237.76601337311353745463
-14.80000000002000071220	236.74357880303071510752
-14.80000000002000071220	236.95257739012265574274
-14.80000000002000071220	237.15525458476670905839
-14.80000000002000071220	237.34915850434430240057
-14.78302238964799997234	236.29264285403226608651
-14.78302238964799997234	236.07695478979871950287
-14.74688487936700020953	235.35155247294076730213
-14.74688487936700020953	235.13583932148802091433
-14.70000000001899920221	234.25765645970415107513
-14.70000000001899920221	234.04687832714509454490
-14.65311512067200006015	233.17138734664280264042
-14.65311512067200006015	232.96852193621791116129
-14.61697761039100029734	232.25186466992423106603
-14.61697761039100029734	232.05765654099772632435
-14.60000000001799946858	231.06677379874074063082
-14.60000000001799946858	231.25065857387198775541
-14.60000000001799946858	231.62258770834449705944
-14.60000000001799946858	231.43547711776474784529
-14.58302238964600050508	230.63445141912711733312
-14.58302238964600050508	230.44712019995236573777
-14.54688487936500074227	229.72547798815244846082
-14.54688487936500074227	229.52725613858004294343
-14.50000000001799982385	228.62974052994081830548
-14.50000000001799982385	228.41364696891571384185
-14.45311512067000059290	227.49111827260733775802
-14.45311512067000059290	227.25171023433250638845
-14.41697761038900083008	226.19435223818967983789
-14.41697761038900083008	226.45991692453515042871
-14.40000000001700009022	224.75409998687254642391
-14.40000000001700009022	225.06683456647411389895
-14.40000000001700009022	225.66048501701041573142
-14.40000000001700009022	225.36935394406577870541
-14.38302238964499935037	224.17252727297409364837
-14.38302238964499935037	223.84337330642060237551
-14.34688487936399958755	222.95105200879001472458
-14.34688487936399958755	222.61356289395300223077
-14.30000000001600035660	221.54582809806856857904
-14.30000000001600035660	221.21148078394949720860
-14.25311512066899943818	219.83060854423877117370
-14.25311512066899943818	220.14731149718869573917
-14.21697761038799967537	218.67379164155374837719
-14.21697761038799967537	218.95633035858685389030
-14.20000000001600071187	218.14385176634641538840
-14.20000000001600071187	217.91240510384704975877
-14.20000000001600071187	217.71244822765359572259
-14.20000000001600071187	217.54730665636438402544
-14.18302238964299988311	217.14598309583729474070
-14.18302238964299988311	217.05886071982340013165
-14.14688487936200012030	216.43028854056751697499
-14.14688487936200012030	216.43073520489332395300
-14.10000000001499920188	215.71963322707475185780
-14.10000000001499920188	215.81448889676846647490
-14.05311512066699997092	215.39365716693524177572
-14.05311512066699997092	215.20137112384963984368
-14.01697761038600020811	215.05369113056877949930
-14.01697761038600020811	215.34158101394530149264
-14.00000000001399946825	215.40390348658212360533
-14.00000000001399946825	215.78021321487167938358
-14.00000000001399946825	216.19645111192480158024
-14.00000000001399946825	216.64956566979435592657
-13.98302238964200050475	216.87177650141350682134
-13.98302238964200050475	217.38996881465729416050
-13.94688487936100074194	217.37903815124263928737
-13.94688487936100074194	217.94931732700192128505
-13.90000000001299973462	217.82801168712018125007
-13.90000000001299973462	218.43547763856273036254
-13.85311512066600059256	218.98220656408341255883
-13.85311512066600059256	218.35427784638164894204
-13.81697761038500082975	219.08206910628729247037
-13.81697761038500082975	219.71249317731658834418
-13.80000000001300008989	220.09156778589806435775
-13.80000000001300008989	220.70637575386473372419
-13.80000000001300008989	221.30694457069986924580
-13.80000000001300008989	221.89000594884740280577
-13.78302238963999926114	222.21604647180240021953
-13.78302238963999926114	222.75709966433424824572
-13.74688487935899949832	222.77647217302421722707
-13.74688487935899949832	223.26697135859814125070
-13.70000000001200035626	223.52465408586999728868
-13.70000000001200035626	223.09279127261811481731
-13.65311512066499943785	223.29599144856879888721
-13.65311512066499943785	223.66152062979631409689
-13.61697761038399967504	223.51218059987280639689
-13.61697761038399967504	223.80434422853508635853
-13.60000000001100062264	223.83439379044409633934
-13.60000000001100062264	224.04729514749158170162
-13.60000000001100062264	224.21883995789411869737
-13.60000000001100062264	224.34831076063042587521
-13.58302238963899988278	224.21449587087514032646
-13.58302238963899988278	224.25809199502106139335
-13.54688487935800011996	223.74366055586236257113
-13.54688487935800011996	223.78873417712665627732
-13.50000000001099920155	222.90740739021913441320
-13.50000000001099920155	223.04417683000761485346
-13.45311512066299997059	222.11288470658664095936
-13.45311512066299997059	221.88199109759520410989
-13.41697761038200020778	221.12991323042660951614
-13.41697761038200020778	220.80410202343921355350
-13.40000000000999946792	220.20690615659455602326
-13.40000000000999946792	219.78794772589401418372
-13.40000000000999946792	219.32401819296674716497
-13.40000000000999946792	218.81614521139613316336
-13.38302238963800050442	218.03423640532503213763
-13.38302238963800050442	217.44068080750363947118
-13.34688487935700074161	215.63207861790371566713
-13.34688487935700074161	216.30697028689050398498
-13.30000000000899973429	214.26034397403415709960
-13.30000000000899973429	213.51117454769089931688
-13.25311512066200059223	212.05725343916233782693
-13.25311512066200059223	211.24447685900662463609
-13.21697761038100082942	209.87705038301581339510
-13.21697761038100082942	209.01527846955767131476
-13.20000000000800000066	207.88240859791727643824
-13.20000000000800000066	206.98969510023451334746
-13.20000000000800000066	206.08897508870597903297
-13.20000000000800000066	205.18441298520122018090
-13.18302238963599926080	204.01382394873891712450
-13.18302238963599926080	203.11127539890750881568
-13.14688487935499949799	200.75111645437891638721
-13.14688487935499949799	201.63829550406180146638
-13.10000000000800035593	199.11388100013945745559
-13.10000000000800035593	198.25630721792876443033
-13.05311512065999934862	196.64127980202121648290
-13.05311512065999934862	195.82823494229978678050
-13.01697761037899958581	194.43277434563648853327
-13.01697761037899958581	193.67911016424872627795
-13.00000000000700062230	190.75166042995522275305
-13.00000000000700062230	192.66914761926440746720
-13.00000000000700062230	191.98849969192934850071
-13.00000000000700062230	191.34874013664972380866
-12.98302238963499988245	189.38953559607605825477
-12.98302238963499988245	189.89841693782778975219
-12.94688487935400011963	188.28144650104019319770
-12.94688487935400011963	187.86436573159426188795
-12.90000000000599911232	186.65079785018988900447
-12.90000000000599911232	186.32930488600678131661
-12.85311512065899997026	185.20733407880052823202
-12.85311512065899997026	184.98535215235543205381
-12.81697761037800020745	184.03750270360771423839
-12.81697761037800020745	184.15630728360304146918
-12.80000000000599946759	183.68957825618062429385
-12.80000000000599946759	183.78462532531136730540
-12.80000000000599946759	183.66134820322992027286
-12.80000000000599946759	183.64859778718175675749
-12.78302238963300041519	183.82929838777567965735
-12.78302238963300041519	183.62457978436790995147
-12.74688487935200065237	183.43307213523567611446
-12.74688487935200065237	183.75011056440405354806
-12.70000000000499973396	183.27687240999648565776
-12.70000000000499973396	183.70862866235856358799
-12.65311512065800059190	183.35723811091548896002
-12.65311512065800059190	183.90439959037627204452
-12.61697761037700082909	183.86682419984208536334
-12.61697761037700082909	184.52683435679159629217
-12.60000000000400000033	186.52360648002274956525
-12.60000000000400000033	187.38444998447130274144
-12.60000000000400000033	184.94304211912353252956
-12.60000000000400000033	185.70891818747182355764
-12.58302238963199926047	188.00175358263911107315
-12.58302238963199926047	188.94796146774694989290
-12.54688487935099949766	189.33181515936828986924
-12.54688487935099949766	190.35120332480394722552
-12.50000000000400035560	190.63793855694430590120
-12.50000000000400035560	191.71372458243283176671
-12.45311512065599934829	192.06358191246030742150
-12.45311512065599934829	193.17383254208971266053
-12.41697761037499958547	194.84804647902058150066
-12.41697761037499958547	193.72992423191948319072
-12.40000000000300062197	198.91830329084010031693
-12.40000000000300062197	197.87221467018645171265
-12.40000000000300062197	195.70141636715050026396
-12.40000000000300062197	196.79785987207776543073
-12.38302238963099988212	199.68708182093007508229
-12.38302238963099988212	200.66218136508996394696
-12.34688487935000011930	201.08678099293084073906
-12.34688487935000011930	201.97308626742398018905
-12.30000000000199911199	202.16373969449099945450
-12.30000000000199911199	202.94565982202195186801
-12.25311512065499996993	203.03791996983446210834
-12.25311512065499996993	203.70330359392562513676
-12.21697761037400020712	204.36972906218443313264
-12.21697761037400020712	203.82801010476191549969
-12.20000000000099937836	205.70098886615068067840
-12.20000000000099937836	205.40127468077241701394
-12.20000000000099937836	204.62676858509669841624
-12.20000000000099937836	205.04412649719074579480
-12.18302238962900041486	205.72929128327950820676
-12.18302238962900041486	205.92546795749242960483
-12.14688487934800065204	205.61546019650822358926
-12.14688487934800065204	205.72555983503491461306
-12.10000000000099973363	205.20405178170361182310
-12.10000000000099973363	205.24755863948158207677
-12.05311512065300050267	204.67078262206661065647
-12.05311512065300050267	204.66821640221706957163
-12.01697761037200073986	204.19221937223485952018
-12.01697761037200073986	204.16383136166729173056
-12.00000000000000000000	203.81632434472282966453
-12.00000000000000000000	203.84479881420566016459
-12.00000000000000000000	203.87851560842398157547
-12.00000000000000000000	203.91435118526163705610
-11.98302238962799926014	203.54093105227207161079
-11.98302238962799926014	203.52979774294092862874
-11.94688487934699949733	202.98737892076624689253
-11.94688487934699949733	202.99831075901738586253
-11.90000000000000035527	202.31711167574448495543
-11.90000000000000035527	202.34955402201532592699
-11.85311512065299943686	201.68773087542439270692
-11.85311512065299943686	201.73629549850625153340
-11.81697761037199967404	201.24755085809238153161
-11.81697761037199967404	201.30286625284659862700
-11.80000000000000071054	201.22508903772822463907
-11.80000000000000071054	201.19435989844788537084
-11.80000000000000071054	201.10244402978591438114
-11.80000000000000071054	201.15231141274864512525
-11.78302238962799997068	200.98636328610456303068
-11.78302238962799997068	200.98414972198338546150
-11.74688487934700020787	200.41854557796116864665
-11.74688487934700020787	200.37075291711551017215
-11.69999999999999928946	199.59282366079628445732
-11.69999999999999928946	199.48905095429273615082
-11.65311512065300014740	198.65103099622925242329
-11.65311512065300014740	198.48387366869090442378
-11.61697761037200038459	197.74124075679733891775
-11.61697761037200038459	197.50669076747161057028
-11.59999999999999964473	195.97709993280358276024
-11.59999999999999964473	196.34508408248990463107
-11.59999999999999964473	196.98335579973741005233
-11.59999999999999964473	196.68082839565354902334
-11.58302238962800068123	195.32348148864628001320
-11.58302238962800068123	194.89506955926853493111
-11.54688487934699914206	193.89683949283883634962
-11.54688487934699914206	193.41475375133552461193
-11.50000000000000000000	192.20539423793789524098
-11.50000000000000000000	191.67725326337949809385
-11.45311512065300085794	190.42570975684617451407
-11.45311512065300085794	189.85917105302647200915
-11.41697761037199931877	188.13613081121800973960
-11.41697761037199931877	188.73406050337223405222
-11.40000000000000035527	185.36788003874141850247
-11.40000000000000035527	186.01228402513194737367
-11.40000000000000035527	187.27012884623513855331
-11.40000000000000035527	186.64668958362437933829
-11.38302238962799961541	184.45962658612171480854
-11.38302238962799961541	183.79753054550948832002
-11.34688487934699985260	182.58543607905917838252
-11.34688487934699985260	181.90796445692924976356
-11.30000000000000071054	180.52023769663202301672
-11.30000000000000071054	179.82926173524393220760
-11.25311512065299979213	177.72656280773128401052
-11.25311512065299979213	178.42899259046438942278
-11.21697761037200002932	175.76633414144481548647
-11.21697761037200002932	176.47734561393122021400
-11.19999999999999928946	174.79785930901118717884
-11.19999999999999928946	174.08252226642184723460
-11.19999999999999928946	173.36716500255880646364
-11.19999999999999928946	172.65353731222361943765
-11.18302238962700023706	171.68897038506040075845
-11.18302238962700023706	170.98502655734264976672
-11.14688487934700056314	169.74743603396336766309
-11.14688487934700056314	169.06297984800488620749
-11.09999999999999964473	167.68914422363212679556
-11.09999999999999964473	167.03542426163832601560
-11.05311512065300050267	165.69830293118735653479
-11.05311512065300050267	165.08738543871976389710
-11.01697761037200073986	163.40433068522571602443
-11.01697761037200073986	163.96036932886252657227
-11.00000000000000000000	162.62535299921253795219
-11.00000000000000000000	162.13537748167854601888
-11.00000000000000000000	161.68210108343393471841
-11.00000000000000000000	161.26758280407003098844
-10.98302238962699917124	160.63887058176200639537
-10.98302238962699917124	160.30661991824626966263
-10.94688487934699949733	159.47501619541660033974
-10.94688487934699949733	159.22866060152566092256
-10.90000000000000035527	158.32224496590532680784
-10.90000000000000035527	158.16189303405789701173
-10.85311512065199934796	157.26240188874245973238
-10.85311512065199934796	157.34019327108325114750
-10.81697761037199967404	156.68149463715471370051
-10.81697761037199967404	156.67954553310312348913
-10.79999999999900062164	156.45745658119702170552
-10.79999999999900062164	156.52191451099986352347
-10.79999999999900062164	156.61539788767552749960
-10.79999999999900062164	156.73489219788240234266
-10.78302238962699988178	156.62262224484913986089
-10.78302238962699988178	156.78477015568873298434
-10.74688487934700020787	156.42148829807473475739
-10.74688487934700020787	156.61386463402101298925
-10.69999999999899920056	156.32471950400432092465
-10.69999999999899920056	156.11366375888061952537
-10.65311512065200005850	155.83800298123244942872
-10.65311512065200005850	156.05784403137147364760
-10.61697761037200038459	155.73698437823006202052
-10.61697761037200038459	155.95794091700088301877
-10.59999999999899955583	155.92270393422435859065
-10.59999999999899955583	156.13964747947866840150
-10.59999999999899955583	156.35347685861867716994
-10.59999999999899955583	156.56387282401021820988
-10.58302238962700059233	156.51614406646118027311
-10.58302238962700059233	156.71985880664530554895
-10.54688487934600082951	156.37876742238577776334
-10.54688487934600082951	156.57767634009925927785
-10.49999999999899991110	156.26956315242750861216
-10.49999999999899991110	156.07209911543768043884
-10.45311512065200076904	155.76459832430677465709
-10.45311512065200076904	155.96488758473341817989
-10.41697761037099922987	155.62625967562061646277
-10.41697761037099922987	155.83400378937753316677
-10.39999999999900026637	155.79253199518177552818
-10.39999999999900026637	156.01226721848715328633
-10.39999999999900026637	156.23958185577859580917
-10.39999999999900026637	156.47544625717625876860
-10.38302238962699952651	156.46609790084929159093
-10.38302238962699952651	156.72170086827759405423
-10.34688487934599976370	156.72477012725042300190
-10.34688487934599976370	156.44630600406131293312
-10.29999999999900062164	156.31245811451910299184
-10.29999999999900062164	156.61660402942945324867
-10.25311512065199970323	156.23135519407901483646
-10.25311512065199970323	156.56397691445269515498
-10.21697761037099994041	156.36989565965663473435
-10.21697761037099994041	156.73405839740712508501
-10.19999999999899920056	156.86063196519461371281
-10.19999999999899920056	157.25991862856670877591
-10.19999999999899920056	157.67831162101407471710
-10.19999999999899920056	158.11694900720050327436
-10.18302238962700023706	158.80518695954248187263
-10.18302238962700023706	158.32237623286175676185
-10.14688487934600047424	159.30210269077497287071
-10.14688487934600047424	158.76995301161076667995
-10.09999999999899955583	159.15757258640465465760
-10.09999999999899955583	159.74411074482478056780
-10.05311512065200041377	159.65625711212305759545
-10.05311512065200041377	160.30148124645225493623
-10.01697761037100065096	160.43515757879725924795
-10.01697761037100065096	161.14185851808153415732
-9.99999999999909938708	161.62499190412603411460
-9.99999999999909938708	162.39366152838962875649
-9.99999999999909938708	163.19257694433184724403
-9.99999999999909938708	164.02067311304278973694
-9.98302238962699917124	164.62175215170253750330
-9.98302238962699917124	165.50311831959541564174
-9.94688487934620013675	166.79004583899879321507
-9.94688487934620013675	165.86551818061047924857
-9.89999999999909974235	167.02783851729100206285
-9.89999999999909974235	167.98143996321272197747
-9.85311512065199934796	168.23985670676862014261
-9.85311512065199934796	169.20478576863592934387
-9.81697761037120031347	169.62569223361910530912
-9.81697761037120031347	170.58121469545542936430
-9.79999999999910009763	171.26892242184499082214
-9.79999999999910009763	172.19230001107712269004
-9.79999999999900062164	173.09078260067272481137
-9.79999999999900062164	173.95849888782373682261
-9.78302238962690040580	175.32415848129156188406
-9.78302238962690040580	174.53503091197444518912
-9.74688487934609959495	175.52389708767998399708
-9.74688487934609959495	176.21348636278077037787
-9.69999999999899920056	176.14315183428672639820
-9.69999999999899920056	176.71551537069390747092
-9.65311512065190058252	176.52067771274965934936
-9.65311512065190058252	176.96245059751061035058
-9.61697761037109977167	176.79341635840501112398
-9.61697761037109977167	177.09629306341889787291
-9.59999999999899955583	177.32547820421797268864
-9.59999999999899955583	177.34718128147213178636
-9.59999999999899955583	177.07362968704455852276
-9.59999999999899955583	177.23470831301628436449
-9.58302238962679986400	177.04698069060111720319
-9.58302238962679986400	176.93656344381966505352
-9.54688487934600082951	176.22202937712069115150
-9.54688487934600082951	175.99072707463579945397
-9.49999999999890043512	175.00086322227093660331
-9.49999999999890043512	174.66276448600137882750
-9.45311512065180004072	173.57381892415699553567
-9.45311512065180004072	173.14457785665121036800
-9.41697761037099922987	171.62921312574781040894
-9.41697761037099922987	172.13369920511453869949
-9.39999999999890079039	169.07107538535103685717
-9.39999999999890079039	169.68332631245951347410
-9.39999999999890079039	170.83813674539879912118
-9.39999999999890079039	170.27331680650172529567
-9.38302238962669932221	168.18444808531731382573
-9.38302238962669932221	167.53493564903365609098
-9.34688487934590028772	166.32757727993200091987
-9.34688487934590028772	165.64786748615074429836
-9.29999999999879989332	164.25145427685879440105
-9.29999999999879989332	163.54550472690658580177
-9.25311512065169949892	162.12376197445536263331
-9.25311512065169949892	161.39277135458306133842
-9.21697761037090046443	159.35000018730571014203
-9.21697761037090046443	160.10695327855688674390
-9.19999999999880024859	155.92354796998395727314
-9.19999999999880024859	156.73934975130441671354
-9.19999999999880024859	158.32462090418940192649
-9.19999999999880024859	157.53950781086251708984
-9.18302238962660055677	154.83694428454978719856
-9.18302238962660055677	153.98852982382095433422
-9.14688487934579974592	152.58144381204894557413
-9.14688487934579974592	151.69992025716399552948
-9.09999999999869935152	150.09900625221774816964
-9.09999999999869935152	149.18592834319233020324
-9.05311512065170020946	147.55513150789570886445
-9.05311512065170020946	146.61446944283622428884
-9.01697761037089939862	145.12022523816580132916
-9.01697761037089939862	144.15844166559051586773
-8.99999999999869970679	140.00803405530342615748
-8.99999999999869970679	140.98397079886703409102
-8.99999999999869970679	141.96043200594402833303
-8.99999999999869970679	142.93458666487401842460
-8.98302238962650001497	138.78091844383678221675
-8.98302238962650001497	137.81499647056190838157
-8.94688487934569920412	136.31662134192254143272
-8.94688487934569920412	135.37298694085822603483
-8.89999999999870006206	133.74176892534882199470
-8.89999999999870006206	132.83242536738521266670
-8.85311512065159966767	131.24118305636238801526
-8.85311512065159966767	130.37718931907355113253
-8.81697761037080063318	128.99750914261611001166
-8.81697761037080063318	128.18844707086967105170
-8.79999999999859916500	125.01828977537192599812
-8.79999999999859916500	125.69613807826398499401
-8.79999999999859916500	127.15521924788157548392
-8.79999999999859916500	126.40885293093559482713
-8.78302238962650072551	124.12163188150823600608
-8.78302238962650072551	123.51627110540906073766
-8.74688487934569991467	122.40607155029458397166
-8.74688487934569991467	121.87558781860691681231
-8.69999999999859952027	120.67978029528242700508
-8.69999999999859952027	120.22538866142930658043
-8.65311512065149912587	119.10598749230138082567
-8.65311512065149912587	118.72820168552408404139
-8.61697761037070009138	117.84675962506938162733
-8.61697761037070009138	117.54586195006397986162
-8.59999999999850039956	116.47540900384018414115
-8.59999999999850039956	116.62074008430398919245
-8.59999999999850039956	117.02889002374666915784
-8.59999999999850039956	116.80533050468916655973
-8.58302238962640018372	116.11503397020310046628
-8.58302238962640018372	116.04937029268248238623
-8.54688487934559937287	115.48217424404764130941
-8.54688487934559937287	115.49809501555699853270
-8.49999999999850075483	114.85234143527848971189
-8.49999999999850075483	114.95200127208151741343
-8.45311512065140036043	114.39103891195580331441
-8.45311512065140036043	114.57645118591082677995
-8.41697761037059954958	114.53583095272810510323
-8.41697761037059954958	114.26326132484223307983
-8.39999999999839985776	115.80718477352831996541
-8.39999999999839985776	115.36094826564456639062
-8.39999999999839985776	114.59751616561989351339
-8.39999999999839985776	114.95754590156786889565
-8.38302238962629964192	116.04080419442783522754
-8.38302238962629964192	116.57008655822016862658
-8.34688487934550060743	116.59698873438823341075
-8.34688487934550060743	117.20405100805150766519
-8.29999999999840021303	117.14408953053313666715
-8.29999999999840021303	117.82155183807499554405
-8.25311512065129981863	118.56612190728350242352
-8.25311512065129981863	117.82756028045062635101
-8.21697761037050078414	119.57800862500907612684
-8.21697761037050078414	118.78918330704235017947
-8.19999999999840056830	120.13290496760791370434
-8.19999999999840056830	120.96017145659533298385
-8.19999999999840056830	121.80209560976959437539
-8.19999999999840056830	122.65565503443156103458
-8.18302238962620087648	123.26323420270219344275
-8.18302238962620087648	124.13132507995292996839
-8.14688487934540006563	124.46052138692530775188
-8.14688487934540006563	125.33246450372581648480
-8.09999999999829967123	125.49956472263802709222
-8.09999999999829967123	126.36637414905217724481
-8.05311512065119927684	127.37948503177975112521
-8.05311512065119927684	126.52463549563472611226
-8.01697761037040024235	127.68448821304218654404
-8.01697761037040024235	128.52298655825501327854
-7.99999999999830002650	129.09778062287139732689
-7.99999999999830002650	129.91802625340784516084
-7.99999999999830002650	130.72916897488713061648
-7.99999999999830002650	131.53157589430887242088
-7.98302238962610033468	132.07117647039544294785
-7.98302238962610033468	132.85808264537641321112
-7.94688487934530041201	133.09649994370695935686
-7.94688487934530041201	133.87158942512760972932
-7.89999999999820001761	133.93910608807954076838
-7.89999999999820001761	134.70669187765432184278
-7.85311512065109962322	135.53307572249110535267
-7.85311512065109962322	134.76884932193712529624
-7.81697761037029970055	135.75483793737313931160
-7.81697761037029970055	136.51886765767360998325
-7.79999999999820037289	137.02880315375082886931
-7.79999999999820037289	137.79405557824424022328
-7.79999999999820037289	138.55972534047972999360
-7.79999999999820037289	139.32522835017363149746
-7.78302238962599979288	139.83494364499344442265
-7.78302238962599979288	140.59685281410222046361
-7.74688487934519987022	140.81248249859555699004
-7.74688487934519987022	141.56380930400391093826
-7.69999999999810036400	142.33352789925092451995
-7.69999999999810036400	141.60295195643220722559
-7.65311512065099996960	142.34569922619613180359
-7.65311512065099996960	143.04238660202747723815
-7.61697761037020004693	143.17432981351575449480
-7.61697761037020004693	143.82147336151498961954
-7.59999999999809983109	144.18270151213056351480
-7.59999999999809983109	144.76279929448244843115
-7.59999999999809983109	145.30246334455117107609
-7.59999999999809983109	145.79702078728496417170
-7.58302238962590013927	145.98716609891255302500
-7.58302238962590013927	146.37768484440633187660
-7.54688487934510021660	146.43651776060201541441
-7.54688487934510021660	146.16747413003531619324
-7.49999999999799982220	146.06791193041246401663
-7.49999999999799982220	145.93563970030692189539
-7.45311512065099979196	145.42374063906302694704
-7.45311512065099979196	145.40710858993224974256
-7.41697761037019986929	144.77065167531989686722
-7.41697761037019986929	144.59704760428243730530
-7.39999999999800017747	144.08874086890349985879
-7.39999999999800017747	143.75488039305787424382
-7.39999999999800017747	143.34129387662511589951
-7.39999999999800017747	142.84915734047993396416
-7.38302238962589996163	142.02567032789528411740
-7.38302238962589996163	141.38270637032405829814
-7.34688487934510003896	140.12674946609760695537
-7.34688487934510003896	139.34577565927440900850
-7.29999999999799964456	136.89769858874717556319
-7.29999999999799964456	137.79890459495931054335
-7.25311512065090013834	135.24113474140870039264
-7.25311512065090013834	134.24172967325375793735
-7.21697761037010021568	132.66049672079367383049
-7.21697761037010021568	131.58821546649951983454
-7.19999999999789963567	130.23503971876127138785
-7.19999999999789963567	129.11732234202028735126
-7.19999999999789963567	127.98748293244948115444
-7.19999999999789963567	126.85257877696126627143
-7.18302238962580030801	125.46489139553393954429
-7.18302238962580030801	124.34049999235067218706
-7.14688487934500038534	121.60110596921434478190
-7.14688487934500038534	122.68915411651536828685
-7.09999999999789999094	119.83672834557202691030
-7.09999999999789999094	118.80779659114155322186
-7.05311512065079959655	117.11246064905863306649
-7.05311512065079959655	116.16138699726523952904
-7.01697761036999967388	114.71275020697072477560
-7.01697761036999967388	113.85355353566890812544
-6.99999999999779998205	112.78930386625931703293
-6.99999999999779998205	112.03091824461019143655
-6.99999999999779998205	111.32468653557853599523
-6.99999999999779998205	110.67094885498650569389
-6.98302238962569976621	109.26477607862933894012
-6.98302238962569976621	109.81479802344580321005
-6.94688487934489984355	108.22287466936933242323
-6.94688487934489984355	107.77149715529438367412
-6.89999999999780033733	106.66320570935504008503
-6.89999999999780033733	106.30212909657126374441
-6.85311512065069994293	105.27905454726656842013
-6.85311512065069994293	104.99768098071709232499
-6.81697761036990002026	104.20971094579518023693
-6.81697761036990002026	103.99625856821303671040
-6.79999999999770032844	103.26634885933015084447
-6.79999999999770032844	103.55759699065643530957
-6.79999999999770032844	103.40012108278558855545
-6.79999999999770032844	103.15361960999860002630
-6.78302238962560011259	102.72695893712528913966
-6.78302238962560011259	102.80479878525922288190
-6.74688487934480018993	102.12134726542547014105
-6.74688487934480018993	102.07029877252473681892
-6.69999999999769979553	101.32691993018343623589
-6.69999999999769979553	101.29642052791810158396
-6.65311512065060028931	100.57111945782483530820
-6.65311512065060028931	100.55660430955320805424
-6.61697761036980036664	100.00672497204362798584
-6.61697761036980036664	100.00490149766955028099
-6.59999999999770015080	99.77450358177661371428
-6.59999999999770015080	99.79043829193768999630
-6.59999999999770015080	99.75377273534033406577
-6.59999999999770015080	99.76206449893113870075
-6.58302238962549957080	99.55447794128858163276
-6.58302238962549957080	99.57512262029655403239
-6.54688487934469964813	99.05469542000052740605
-6.54688487934469964813	99.07623723891114764228
-6.49999999999760014191	98.39318969497169575789
-6.49999999999760014191	98.41074388247437809696
-6.45311512065049974751	97.72088024115313942275
-6.45311512065049974751	97.72857836896035621521
-6.41697761036969982484	97.18687539874981951016
-6.41697761036969982484	97.17825112035544066202
-6.39999999999759960900	96.76860136374321541552
-6.39999999999759960900	96.82815043015924061365
-6.39999999999759960900	96.87301280697417382726
-6.39999999999759960900	96.90436383469746317587
-6.38302238962539991718	96.43879755908824336075
-6.38302238962539991718	96.34749697373395349587
-6.34688487934459999451	95.69779470560922618461
-6.34688487934459999451	95.57408345985351161289
-6.29999999999749960011	94.73178595203621910059
-6.29999999999749960011	94.57873447658774068714
-6.25311512065040009389	93.71022088894285673177
-6.25311512065040009389	93.53519438133764651866
-6.21697761036960017123	92.81128484809329393102
-6.21697761036960017123	92.62612986780665380593
-6.19999999999749995538	91.68494524167331860554
-6.19999999999749995538	91.83870275483248235560
-6.19999999999749995538	92.18702982994071248868
-6.19999999999749995538	92.00780831358797229313
-6.18302238962530026356	91.29734551530549424569
-6.18302238962530026356	91.19084766692911614427
-6.14688487934450034089	90.57437337641613339656
-6.14688487934450034089	90.53761304397711739966
-6.09999999999739994649	89.84059206273897757455
-6.09999999999739994649	89.89489218469441311754
-6.05311512065039991626	89.29855590018568989308
-6.05311512065039991626	89.46215569733126926621
-6.01697761036959999359	89.42992871234299911976
-6.01697761036959999359	89.14371016742640563280
-5.99999999999740030177	90.96652068596308993165
-5.99999999999740030177	90.42212439226499043343
-5.99999999999740030177	89.94149165731893447173
-5.99999999999740030177	89.52581255286487760259
-5.98302238962519972176	91.31780087534664858140
-5.98302238962519972176	91.98206093469158872722
-5.94688487934439979909	92.15835525923922944003
-5.94688487934439979909	92.92565582507940291634
-5.89999999999739976886	93.03261163607685091392
-5.89999999999739976886	93.87898433853318636011
-5.85311512065030026264	94.05078321157689913434
-5.85311512065030026264	94.94657616049438786376
-5.81697761036950033997	95.31265304270745275517
-5.81697761036950033997	96.22451719180988050084
-5.79999999999729975997	99.48216813688760851164
-5.79999999999729975997	98.64112488549605473054
-5.79999999999729975997	97.76996016028967062539
-5.79999999999729975997	96.87672684570485159838
-5.78302238962520043231	100.03089359005109315603
-5.78302238962520043231	100.78975260103807443102
-5.74688487934439962146	100.95591699842171351520
-5.74688487934439962146	101.60828980700146928484
-5.69999999999730011524	101.49727619612907858482
-5.69999999999730011524	102.02618991118293934051
-5.65311512065019972084	101.78631879554393435683
-5.65311512065019972084	102.18312744979252215671
-5.61697761036939979817	101.97127576839123719310
-5.61697761036939979817	102.23593256500424786282
-5.59999999999720010635	102.43840911189980147356
-5.59999999999720010635	102.40682676063543965483
-5.59999999999720010635	102.18241019177344242053
-5.59999999999720010635	102.32299878165433426602
-5.58302238962509989051	102.16819708969681812505
-5.58302238962509989051	102.11110241183303060097
-5.54688487934429996784	101.47631018572047878479
-5.54688487934429996784	101.35404314958262261825
-5.49999999999719957344	100.50510548861811344068
-5.49999999999719957344	100.34208693903158859939
-5.45311512065010006722	99.46425558512730447092
-5.45311512065010006722	99.28362141102468285681
-5.41697761036930014455	98.38152506629225513279
-5.41697761036930014455	98.55985247380240821258
-5.39999999999709956455	97.51332344856918155074
-5.39999999999709956455	97.64691733904660964072
-5.39999999999709956455	97.95573490766962265752
-5.39999999999709956455	97.79494807270194201010
-5.38302238962500023689	97.14045203403877337678
-5.38302238962500023689	97.03787541786296344526
-5.34688487934420031422	96.40844894798172504125
-5.34688487934420031422	96.33527922410928567842
-5.29999999999709991982	95.57148675318320840688
-5.29999999999709991982	95.52163769247863456258
-5.25311512065000041360	94.74116789428516938187
-5.25311512065000041360	94.77686686511584923664
-5.21697761036919960276	94.13437110877552527199
-5.21697761036919960276	94.16652628317689277537
-5.19999999999710027510	93.84536716125357713736
-5.19999999999710027510	93.80642166620557986789
-5.19999999999710027510	93.76072744887315479900
-5.19999999999710027510	93.70649906801349970920
-5.18302238962489969509	93.38771062849637871750
-5.18302238962489969509	93.31280341044450210575
-5.14688487934409977242	92.68467290429140348351
-5.14688487934409977242	92.58759351388647473868
-5.09999999999700026621	91.77690532378501586663
-5.09999999999700026621	91.66034033209591314062
-5.05311512064989987181	90.70356131772193464258
-5.05311512064989987181	90.83301387476211630201
-5.01697761036909994914	90.02910063515146532609
-5.01697761036909994914	89.89650175155085776169
-4.99999999999699973330	89.51198995410761938274
-4.99999999999699973330	89.38796309297509878888
-4.99999999999699973330	89.27284995386854404842
-4.99999999999699973330	89.16967164309716054049
-4.98302238962480004147	88.82661964390615594311
-4.98302238962480004147	88.75562313119012003426
-4.94688487934400011881	88.16221896071898811442
-4.94688487934400011881	88.13238569669152866481
-4.89999999999689972441	87.42216836991046591265
-4.89999999999689972441	87.43897280242806857586
-4.85311512064980021819	86.84119070329442990896
-4.85311512064980021819	86.77655576690219163538
-4.81697761036900029552	86.38668838327946275513
-4.81697761036900029552	86.49575134576959101196
-4.79999999999690007968	86.36968660027216060371
-4.79999999999690007968	86.51535284315457374760
-4.79999999999690007968	86.67516554671043138569
-4.79999999999690007968	86.84581731051643771480
-4.78302238962470038786	86.76902239406307160152
-4.78302238962470038786	86.95025313227985463982
-4.74688487934389957701	86.58877676532070211124
-4.74688487934389957701	86.76464930664208452527
-4.69999999999680007079	86.38290195083936851006
-4.69999999999680007079	86.22848868503059804880
-4.65311512064969967639	85.81758929406196045875
-4.65311512064969967639	85.93560169792894498642
-4.61697761036889975372	85.48842941783343007955
-4.61697761036889975372	85.55739866147028749310
-4.59999999999680042606	85.34340030362032791800
-4.59999999999680042606	85.35382700864019511755
-4.59999999999680042606	85.33254302275130953603
-4.59999999999680042606	85.27854566166560346119
-4.58302238962459984606	84.93662972024652901837
-4.58302238962459984606	84.81602540335467210753
-4.54688487934379992339	83.93433557637139585950
-4.54688487934379992339	84.12032169778629508983
-4.49999999999670041717	82.76642270717444205275
-4.49999999999670041717	83.01375329277783521320
-4.45311512064970038693	81.78732353625998996449
-4.45311512064970038693	81.48469636408532323912
-4.41697761036889957609	80.61501135991738919984
-4.41697761036889957609	80.26425746555345597244
-4.39999999999669988426	79.63757880180419590488
-4.39999999999669988426	79.24613702887900501537
-4.39999999999669988426	78.83702566411704992788
-4.39999999999669988426	78.41189645846850453381
-4.38302238962459966842	77.71760944517583880042
-4.38302238962459966842	77.26487695622678586460
-4.34688487934379974575	76.25821255337503146166
-4.34688487934379974575	75.78284366410318284579
-4.29999999999670023954	74.10033814736377166810
-4.29999999999670023954	74.59441201465074300359
-4.25311512064959984514	72.89487387082249369996
-4.25311512064959984514	72.38532014807071846008
-4.21697761036879992247	71.32708786644811027600
-4.21697761036879992247	70.80507869621553140860
-4.19999999999660023065	70.02340929978275596568
-4.19999999999660023065	69.49235432259149547463
-4.19999999999660023065	68.95833115965838544525
-4.19999999999660023065	68.42258398377050809813
-4.18302238962450001480	67.63187651372889774848
-4.18302238962450001480	67.09716223368320697773
-4.14688487934370009214	65.49716767509622172838
-4.14688487934370009214	66.02354202815610051402
-4.09999999999659969774	64.27491558609240485112
-4.09999999999659969774	63.76570801269336641326
-4.05311512064950019152	62.56550710240203727608
-4.05311512064950019152	62.08346139710231170739
-4.01697761036870026885	61.07688478787460439889
-4.01697761036870026885	60.63254810160578500700
-3.99999999999660005301	59.95630984869155355454
-3.99999999999660005301	59.55996502107301893147
-3.99999999999660005301	59.19113846837666415013
-3.99999999999660005301	58.85188382931364969863
-3.98302238962449983717	58.01414270624799485176
-3.98302238962449983717	58.28930082815374191796
-3.94688487934390019873	57.23072643521958724477
-3.94688487934390019873	57.02380636630533672360
-3.89999999999700008857	56.14823736893591643593
-3.89999999999700008857	56.01030573173297000267
-3.85311512065000005833	55.20275361203044894864
-3.85311512065000005833	55.13097635537765484059
-3.81697761036939997581	54.54807175363786342359
-3.81697761036939997581	54.53621981822190889488
-3.79999999999730020406	54.39588019756251213721
-3.79999999999730020406	54.29641738726930810799
-3.79999999999730020406	54.33544369486953939941
-3.79999999999730020406	54.47484202563221344917
-3.78302238962519998822	54.42197087692544954507
-3.78302238962519998822	54.31472998936460783170
-3.74688487934459990569	53.99705462562570801310
-3.74688487934459990569	54.12152504887441040182
-3.69999999999769979553	53.54774641485543185127
-3.69999999999769979553	53.68032072516184172173
-3.65311512065080012945	53.11117849454974759738
-3.65311512065080012945	53.24581990379560636484
-3.61697761037020004693	52.83838356043688833097
-3.61697761037020004693	52.97302028793390604733
-3.59999999999809983109	53.27727238924887842586
-3.59999999999809983109	53.13107884858189322586
-3.59999999999809983109	52.85359582647021170487
-3.59999999999809983109	52.99059887952277847489
-3.58302238962600005934	53.17723015931198915496
-3.58302238962600005934	53.34341454663474735298
-3.54688487934539997681	52.98258053833043845771
-3.54688487934539997681	53.18260042366383544277
-3.49999999999849986665	52.70205895620317448902
-3.49999999999849986665	52.95149835144962935374
-3.45311512065160020057	52.52834052056481795034
-3.45311512065160020057	52.84296795358457643488
-3.41697761037100011805	53.04775990731963730695
-3.41697761037100011805	52.65364484204603456874
-3.39999999999889990221	54.83174253362269467971
-3.39999999999889990221	54.24935015478379085607
-3.39999999999889990221	53.23141843975352571761
-3.39999999999889990221	53.71626307831161284412
-3.38302238962680013046	55.20913138142113751883
-3.38302238962680013046	55.89045795323408327704
-3.34688487934610012786	56.07784708460933842389
-3.34688487934610012786	56.85351185111959182450
-3.29999999999920001770	56.96945406749105700328
-3.29999999999920001770	57.82883738199860346185
-3.25311512065219998746	58.02105715308761091364
-3.25311512065219998746	58.94798480540928409255
-3.21697761037149998486	60.33273666969857629283
-3.21697761037149998486	59.35906414046971235621
-3.19999999999940021311	64.05340364453188328753
-3.19999999999940021311	63.06042810046159985404
-3.19999999999940021311	61.06621891449689343290
-3.19999999999940021311	62.06250660598193746864
-3.18302238962729999727	64.78021895229262838711
-3.18302238962729999727	65.74378064050901571136
-3.14688487934650007460	66.14116219062810841933
-3.14688487934650007460	67.05059747650521728701
-3.09999999999940012430	67.22124476185055641508
-3.09999999999940012430	68.05459684865894587347
-3.05311512065230017399	68.13956120132087335151
-3.05311512065230017399	68.87868809206250375610
-3.01697761037149980723	69.02322528007633195557
-3.01697761037149980723	69.65447797741350655087
-2.99999999999940003548	71.33569467410491427017
-2.99999999999940003548	70.48798907149958381524
-2.99999999999940003548	69.97349932075644574070
-2.99999999999940003548	70.94222607716791628718
-2.98302238962719989956	71.41371726300091893336
-2.98302238962719989956	71.68606448486234228312
-2.94688487934639997690	71.35685554926810425513
-2.94688487934639997690	71.51140952861152300102
-2.89999999999939994666	70.90587408495073873382
-2.89999999999939994666	70.94851056541011757872
-2.85311512065229999635	70.23466215272772217304
-2.85311512065229999635	70.17288551400766039023
-2.81697761037150007368	69.51992633652338327011
-2.81697761037150007368	69.36201881904530353040
-2.79999999999929993777	68.04686599133231084124
-2.79999999999929993777	68.37233273670977951042
-2.79999999999929993777	68.90453506944601258510
-2.79999999999929993777	68.65886227383857942641
-2.78302238962720016602	67.42963372899983198749
-2.78302238962720016602	67.03171704808050890279
-2.74688487934639979926	66.05806627516582807402
-2.74688487934639979926	65.59442157954487129246
-2.69999999999929984895	64.39701804942470175774
-2.69999999999929984895	63.87395125304845322489
-2.65311512065219989864	62.62022703646568544400
-2.65311512065219989864	62.04397313523033119509
-2.61697761037139997597	60.90149027884694277191
-2.61697761037139997597	60.27862038228382601801
-2.59999999999919984006	57.34625608789338002680
-2.59999999999919984006	58.03945794303259475555
-2.59999999999919984006	59.38045560794522970127
-2.59999999999919984006	58.71826436272927196569
-2.58302238962710006831	56.38636171616884240620
-2.58302238962710006831	55.67161434664589592103
-2.54688487934640006571	54.40793291127899777848
-2.54688487934640006571	53.68220707614784714679
-2.49999999999940003548	52.25196202986661830892
-2.49999999999940003548	51.52667440265950915546
-2.45311512065240000524	50.10276499790055027006
-2.45311512065240000524	49.38974806650099935723
-2.41697761037170000264	47.45614716471726524105
-2.41697761037170000264	48.14521710698750212032
-2.39999999999959978680	44.63108036685972734858
-2.39999999999959978680	45.24109430285342625666
-2.39999999999959978680	46.52853979153837826743
-2.39999999999959978680	45.87428903199483443132
-2.38302238962750001505	43.79143634653695471570
-2.38302238962750001505	43.23304462752714982798
-2.34688487934680001246	42.16041135517876625727
-2.34688487934680001246	41.65855824909531435196
-2.29999999999979998222	40.48270090792248510070
-2.29999999999979998222	40.03959108063187244397
-2.25311512065279995198	38.53765763307924174796
-2.25311512065279995198	38.92254800977978845822
-2.21697761037200002932	37.30911172956771792997
-2.21697761037200002932	37.63881834658863567711
-2.19999999999989981347	36.75052257457615922931
-2.19999999999989981347	36.47088458276279254733
-2.19999999999989981347	36.21387545674551944330
-2.19999999999989981347	35.97771939233486904186
-2.18302238962780004172	35.50590671345113946700
-2.18302238962780004172	35.30589935873656770582
-2.14688487934700011905	34.57913190225096400354
-2.14688487934700011905	34.40796598586835131073
-2.10000000000000008882	33.54542171109222437053
-2.10000000000000008882	33.39656210557857463073
-2.05311512065290013851	32.42188829119055526462
-2.05311512065290013851	32.55355470496426306681
-2.01697761037210021584	31.75542307922551543697
-2.01697761037210021584	31.63775267923271883319
-2.00000000000000000000	31.27190243824171389520
-2.00000000000000000000	31.16724110161589322843
-2.00000000000000000000	31.06943040500283359506
-2.00000000000000000000	30.97907174510822869706
-1.98302238962780008613	30.71963443383357628136
-1.98302238962780008613	30.64761215790858983610
-1.94688487934690002135	30.21105665171771903488
-1.94688487934690002135	30.16263142457778911876
-1.89999999999969992892	29.64291620530227433505
-1.89999999999969992892	29.62347013849984733724
-1.85311512065250005854	29.15081013994338476891
-1.85311512065250005854	29.13623451980612344414
-1.81697761037169991383	28.81041431534612584642
-1.81697761037169991383	28.86369859132980053573
-1.79999999999949999996	28.76156402710996573546
-1.79999999999949999996	28.85816697476642644915
-1.79999999999949999996	28.97818013519618673968
-1.79999999999949999996	29.12229680997957359523
-1.78302238962730008609	29.10898892981001040425
-1.78302238962730008609	29.30046788357128662028
-1.74688487934640002130	29.12064437874854050392
-1.74688487934640002130	29.35524890800434505422
-1.69999999999919992888	29.35675175113119905745
-1.69999999999919992888	29.08590763315165261815
-1.65311512065200005850	29.10501760141729477027
-1.65311512065200005850	29.40417143746601169596
-1.61697761037109999371	29.28733864706558875923
-1.61697761037109999371	29.60722643156845634849
-1.59999999999890007985	29.72789844319699170683
-1.59999999999890007985	30.06185275060790829116
-1.59999999999890007985	30.40046090304247172753
-1.59999999999890007985	30.74083686899451350882
-1.58302238962680008605	30.85633089280068119820
-1.58302238962680008605	31.18774050095322181164
-1.54688487934590002126	31.32799182569462459469
-1.54688487934590002126	31.02093603937226617973
-1.49999999999869992884	31.23799880405153928109
-1.49999999999869992884	30.96712583513061645135
-1.45311512065150005846	30.82008848508632681273
-1.45311512065150005846	31.04748953022213342479
-1.41697761037059999367	30.72603302195265229102
-1.41697761037059999367	30.90681183211280469436
-1.39999999999840007980	30.81290523178857654329
-1.39999999999840007980	30.94673897119167094161
-1.39999999999840007980	31.05745498979878860268
-1.39999999999840007980	31.14507877975783856073
-1.38302238962619994389	30.95282158547152562278
-1.38302238962619994389	30.99540547862399009205
-1.34688487934540002122	30.47175468320273239442
-1.34688487934540002122	30.46843359797116335130
-1.29999999999819992880	29.74650327646850556107
-1.29999999999819992880	29.72017786435798925027
-1.25311512065100005842	28.97273148818017673989
-1.25311512065100005842	28.92822502453815758372
-1.21697761037009999363	28.33381242175402192629
-1.21697761037009999363	28.28276831722696726956
-1.19999999999790007976	27.97783452371855972274
-1.19999999999790007976	27.93136295622802123262
-1.19999999999790007976	27.89124009097820788838
-1.19999999999790007976	27.86034391373850738205
-1.18302238962569994385	27.58472352840600194668
-1.18302238962569994385	27.58901064978806161321
-1.14688487934480010111	27.05957585235577766980
-1.14688487934480010111	27.08972631012126797145
-1.09999999999760000868	26.43900789979396037666
-1.09999999999760000868	26.50717195928687175410
-1.05311512065050005837	25.88908669601780587755
-1.05311512065050005837	25.99528184489468074503
-1.01697761036959999359	25.56901430063683733351
-1.01697761036959999359	25.71135229207617811653
-0.99999999999738997669	25.97632310047327663938
-0.99999999999738997669	26.18300152773624134284
-0.99999999999738997669	25.78395559973142425747
-0.99999999999738997669	25.60771386634578306030
-0.98302238962528998290	26.12339216035350020206
-0.98302238962528998290	26.34812457538338392737
-0.94688487934460996431	25.97033479921713094996
-0.94688487934460996431	26.19755239624285181321
-0.89999999999766999714	25.61263261881892105976
-0.89999999999766999714	25.82809938181069142615
-0.85311512065073002997	25.20359718204242938100
-0.85311512065073002997	25.39684685370066219434
-0.81697761037005001139	25.08566569130287149392
-0.81697761037005001139	24.92077167197999187920
-0.79999999999795001759	25.17083785967109221815
-0.79999999999795001759	25.26975154434938630743
-0.79999999999795001759	24.92055670448891646629
-0.79999999999795001759	25.05398864794700841685
-0.78302238962586001580	25.02392644021616874284
-0.78302238962586001580	25.08285352321731309644
-0.74688487934517999722	24.42417871100328596867
-0.74688487934517999722	24.44274231282297904500
-0.69999999999824003005	23.53606724466398958384
-0.69999999999824003005	23.51907570902110933275
-0.65311512065131005489	22.58263828461922884117
-0.65311512065131005489	22.53752073716849935181
-0.61697761037063003631	21.72282472215253079639
-0.61697761037063003631	21.78886706764444269879
-0.59999999999853004251	21.32652179610903786511
-0.59999999999853004251	21.24468615272444793618
-0.59999999999853004251	21.15616370073663077278
-0.59999999999853004251	21.06238939490716788328
-0.58302238962644004072	20.65450901978794462366
-0.58302238962644004072	20.55721320197445223243
-0.54688487934576002214	19.81042250389009140576
-0.54688487934576002214	19.71785164056646522113
-0.49999999999881999946	18.80075165106947565619
-0.49999999999881999946	18.71806304437564705268
-0.45311512065189002429	17.82723645805657497476
-0.45311512065189002429	17.75576834235550904850
-0.41697761037121000571	17.01107730511963112008
-0.41697761037121000571	17.07326640328779276956
-0.39999999999912000392	16.66746036846804202014
-0.39999999999912000392	16.61048891239444103007
-0.39999999999912000392	16.55426502770691854494
-0.39999999999912000392	16.49825283466237380026
-0.38302238962702001013	16.16841867147427436180
-0.38302238962702001013	16.11336379907433880021
-0.34688487934632000753	15.48516928691866212375
-0.34688487934632000753	15.43159241593239983104
-0.29999999999936999284	14.64872866059111267134
-0.29999999999936999284	14.59711639777725267209
-0.25311512065241997815	13.78288718859152695018
-0.25311512065241997815	13.83232473334533452203
-0.21697761037172999532	13.14937864656167043620
-0.21697761037172999532	13.19757275035900789817
-0.19999999999963000152	12.85576438991877523677
-0.19999999999963000152	12.80586427504804092337
-0.19999999999963000152	12.75339374454098440026
-0.19999999999963000152	12.69858408286205531113
-0.18302238962751998796	12.41750223745701475764
-0.18302238962751998796	12.36402261445013905927
-0.14688487934680000135	11.85350328462353886039
-0.14688487934680000135	11.80934182527755815784
-0.09999999999981500076	11.20177304423264530442
-0.09999999999981500076	11.17210275901087079831
-0.05311512065283000017	10.60718804929286562810
-0.05311512065283000017	10.59239140499083653424
-0.01697761037211200155	10.18486948296045646600
-0.01697761037211200155	10.18069890168906788119
0.00000000000000003891	10.00000000000000000000
0.00000000000000003891	10.00000000000000000000
