-24.00000000000000000000	50.00000000000000000000
-23.98799399699850098955	49.99999732721386180856
-23.97598799399699842638	49.99998952286460962569
-23.96398199099549941593	49.99997696766010335523
-23.95197598799399685277	49.99996011966864273290
-23.93996998499249784231	49.99993951125639313204
-23.92796398199099527915	49.99991574567737018242
-23.91595797898949626870	49.99988949329090104357
-23.90395197598799370553	49.99986148738143754144
-23.89194597298649469508	49.99983251955595875415
-23.87993996998499213191	49.99980343469640331477
-23.86793396698349312146	49.99977512544732860533
-23.85592796398199055830	49.99974852622349885678
-23.84392196098049154784	49.99972460672732665898
-23.83191595797898898468	49.99970436497243042595
-23.81990995497748997423	49.99968881981696000594
-23.80790395197598741106	49.99967900301842149702
-23.79589794897448840061	49.99967595083067806172
-23.78389194597298583744	49.99968069517296243021
-23.77188594297148682699	49.99969425441074832861
-23.75987993996998426383	49.99971762379811934807
-23.74787393696848525337	49.99975176564137768764
-23.73586793396698269021	49.99979759925335542903
-23.72386193096548367976	49.99985599077761122544
-23.71185592796398111659	49.99992774297020758922
-23.69984992496248210614	50.00001358503555337620
-23.68784392196097954297	50.00011416261945385031
-23.67583791895948053252	50.00023002806929639519
-23.66383191595797796936	50.00036163107579056941
-23.65182591295647895890	50.00050930981452523838
-23.63981990995497639574	50.00067328270753819197
-23.62781390695347738529	50.00085364092551287740
-23.61580790395197482212	50.00105034174982421291
-23.60380190095047581167	50.00126320291074222268
-23.59179589794897324850	50.00149189801294369317
-23.57978989494747423805	50.00173595315292374153
-23.56778389194597167489	50.00199474482423056543
-23.55577788894447266443	50.00226749919610114148
-23.54377188594297010127	50.00255329283913141580
-23.53176588294147109082	50.00285105495780868523
-23.51975987993996852765	50.00315957117476983740
-23.50775387693846951720	50.00347748889511478865
-23.49574787393696695403	50.00380332426148299874
-23.48374187093546794358	50.00413547069214104113
-23.47173586793396538042	50.00447220897492428549
-23.45972986493246636996	50.00481171887015818811
-23.44772386193096380680	50.00515209215564027545
-23.43571785892946479635	50.00549134702653475415
-23.42371185592796223318	50.00582744374359833728
-23.41170585292646322273	50.00615830140357331857
-23.39969984992496421228	50.00648181568733718905
-23.38769384692346164911	50.00679587742413900742
-23.37568784392196263866	50.00709839179410209908
-23.36368184092046007549	50.00738729797695469870
-23.35167583791896106504	50.00766058904236643912
-23.33966983491745850188	50.00791633186690887669
-23.32766383191595949143	50.00815268685433068185
-23.31565782891445692826	50.00836792723031720698
-23.30365182591295791781	50.00856045767969959570
-23.29164582291145535464	50.00872883209363095602
-23.27963981990995634419	50.00887177019684770585
-23.26763381690845378102	50.00898817283037089965
-23.25562781390695477057	50.00907713567303858326
-23.24362181090545220741	50.00913796119677101615
-23.23161580790395319696	50.00917016866387854179
-23.21960980490245063379	50.00917350199183175619
-23.20760380190095162334	50.00914793532982827173
-23.19559779889944906017	50.00909367621355983147
-23.18359179589795004972	50.00901116618821617976
-23.17158579289644748656	50.00890107881610902041
-23.15957978989494847610	50.00876431501276186964
-23.14757378689344591294	50.00860199568489150579
-23.13556778389194690249	50.00841545167372004244
-23.12356178089044433932	50.00820621103877527958
-23.11155577788894532887	50.00797598374850139180
-23.09954977488744276570	50.00772664387628907434
-23.08754377188594375525	50.00746020943170577766
-23.07553776888444119209	50.00717881998775737884
-23.06353176588294218163	50.00688471229464937551
-23.05152576288143961847	50.00658019409905818975
-23.03951975987994060802	50.00626761641434825378
-23.02751375687843804485	50.00594934451153505961
-23.01550775387693903440	50.00562772792277854705
-23.00350175087543647123	50.00530506976816269571
-22.99149574787393746078	50.00498359573244044896
-22.97948974487243489762	50.00466542303098549382
-22.96748374187093588716	50.00435252971308131009
-22.95547773886943332400	50.00404672465588618024
-22.94347173586793431355	50.00374961860357814203
-22.93146573286643175038	50.00346259660324221841
-22.91945972986493273993	50.00318679218231920913
-22.90745372686343017676	50.00292306360110927699
-22.89544772386193116631	50.00267197249903716738
-22.88344172086042860315	50.00243376523393834532
-22.87143571785892959269	50.00220835719095191507
-22.85942971485742702953	50.00199532031092530815
-22.84742371185592801908	50.00179387405824371626
-22.83541770885442545591	50.00160288001487174370
-22.82341170585292644546	50.00142084025144839643
-22.81140570285142743501	50.00124589958790011224
-22.79939969984992487184	50.00107585181557112719
-22.78739369684842586139	50.00090814991079923857
-22.77538769384692329822	50.00073992022662139334
-22.76338169084542428777	50.00056798060536067396
-22.75137568784392172461	50.00038886231078549827
-22.73936968484242271415	50.00019883563459899278
-22.72736368184092015099	49.99999393898916366652
-22.71535767883942114054	49.99977001125664344272
-22.70335167583791857737	49.99952272712504708352
-22.69134567283641956692	49.99924763510406222622
-22.67933966983491700375	49.99894019787910792729
-22.66733366683341799330	49.99859583463049972352
-22.65532766383191543014	49.99820996491713032128
-22.64332166083041641969	49.99777805370022321085
-22.63131565782891385652	49.99729565706381606560
-22.61930965482741484607	49.99675846817382307563
-22.60730365182591228290	49.99616236300830252048
-22.59529764882441327245	49.99550344538698709584
-22.58329164582291070928	49.99477809082913637440
-22.57128564282141169883	49.99398298877505197879
-22.55927963981990913567	49.99311518271826315640
-22.54727363681841012522	49.99217210781233688976
-22.53526763381690756205	49.99115162553859903483
-22.52326163081540855160	49.99005205504819571161
-22.51125562781390598843	49.98887220082406201982
-22.49924962481240697798	49.98761137634503626259
-22.48724362181090441482	49.98626942347484458651
-22.47523761880940540436	49.98484672734355171997
-22.46323161580790284120	49.98334422653653064117
-22.45122561280640383075	49.98176341845665149322
-22.43921960980490126758	49.98010635977831839227
-22.42721360680340225713	49.97837566196624692338
-22.41520760380189969396	49.97657448188729745198
-22.40320160080040068351	49.97470650759979804434
-22.39119559779889812035	49.97277593946008522607
-22.37918959479739910989	49.97078746674079496870
-22.36718359179589654673	49.96874624000862752382
-22.35517758879439753628	49.96665783955997852672
-22.34317158579289497311	49.96452824026100358878
-22.33116558279139596266	49.96236377318303567563
-22.31915957978989339949	49.96017108446486787443
-22.30715357678839438904	49.95795709186905497745
-22.29514757378689182588	49.95572893953023196900
-22.28314157078539281542	49.95349395141838755308
-22.27113556778389025226	49.95125958405937893758
-22.25912956478239124181	49.94903337906756490838
-22.24712356178088867864	49.94682291605194279782
-22.23511755877938966819	49.94463576645647151508
-22.22311155577789065774	49.94247944888810764041
-22.21110555277638809457	49.94036138647160072424
-22.19909954977488908412	49.93828886674923239752
-22.18709354677338652095	49.93626900461553219657
-22.17508754377188751050	49.93430870874289695394
-22.16308154077038494734	49.93241465191321992734
-22.15107553776888593688	49.93059324562421608107
-22.13906953476738337372	49.92885061928728163139
-22.12706353176588436327	49.92719260427675465053
-22.11505752876438180010	49.92562472302937237600
-22.10305152576288278965	49.92415218332802595569
-22.09104552276138022648	49.92277987783572257285
-22.07903951975988121603	49.92151238887613118322
-22.06703351675837865287	49.92035399838512432780
-22.05502751375687964241	49.91930870288606314489
-22.04302151075537707925	49.91838023326943840630
-22.03101550775387806880	49.91757207908685245457
-22.01900950475237550563	49.91688751700062454120
-22.00700350175087649518	49.91632964296424290751
-21.99499749874937393201	49.91590140764672156592
-21.98299149574787492156	49.91560565455623077469
-21.97098549274637235840	49.91544516026578293122
-21.95897948974487334795	49.91542267609763428027
-21.94697348674337078478	49.91554097058314454216
-21.93496748374187177433	49.91580287198286214334
-21.92296148074036921116	49.91621131012703926899
-21.91095547773887020071	49.91676935682104954140
-21.89894947473736763754	49.91748026405300464603
-21.88694347173586862709	49.91834749924291969592
-21.87493746873436606393	49.91937477678414580851
-21.86293146573286705348	49.92056608514848647928
-21.85092546273136449031	49.92192570885682556536
-21.83891945972986547986	49.92345824465637349476
-21.82691345672836291669	49.92516861129459471158
-21.81490745372686390624	49.92706205233707805746
-21.80290145072536134307	49.92914413154260699912
-21.79089544772386233262	49.93142072038239120957
-21.77888944472235976946	49.93389797737118129817
-21.76688344172086075901	49.93658231896544208439
-21.75487743871935819584	49.93948038187695459555
-21.74287143571785918539	49.94259897674784554056
-21.73086543271635662222	49.94594503323495615632
-21.71885942971485761177	49.94952553665577710262
-21.70685342671335504861	49.95334745645445195805
-21.69484742371185603815	49.95741766685317486463
-21.68284142071035347499	49.96174286016031373947
-21.67083541770885446454	49.96632945331127473310
-21.65882941470735545408	49.97118348831943279720
-21.64682341170585289092	49.97631052741188995014
-21.63481740870435388047	49.98171554371697311581
-21.62281140570285131730	49.98740280845587591330
-21.61080540270135230685	49.99337577566920032268
-21.59879939969984974368	49.99963696557857417702
-21.58679339669835073323	50.00618784774373892787
-21.57478739369684817007	50.01302872522511222542
-21.56278139069534915961	50.02015862100042653537
-21.55077538769384659645	50.02757516791058378658
-21.53876938469234758600	50.03527450342411242445
-21.52676338169084502283	50.04325117051073590346
-21.51475737868934601238	50.05149802590270979863
-21.50275137568784344921	50.06000615699687017468
-21.49074537268634443876	50.06876480861154732338
-21.47873936968484187560	50.07776132075967723267
-21.46673336668334286514	50.08698107853405900869
-21.45472736368184030198	50.09640747512167990863
-21.44272136068034129153	50.10602188887320806998
-21.43071535767883872836	50.11580367525073853585
-21.41870935467733971791	50.12573017436319844364
-21.40670335167583715474	50.13577673467461437440
-21.39469734867433814429	50.14591675333761600086
-21.38269134567283558113	50.15612173346330138202
-21.37068534267133657067	50.16636135849105926354
-21.35867933966983400751	50.17660358366852335621
-21.34667333666833499706	50.18681474449493862267
-21.33466733366683243389	50.19695968182122669532
-21.32266133066533342344	50.20700188313965384168
-21.31065532766383086027	50.21690363943564960891
-21.29864932466233184982	50.22662621681644168348
-21.28664332166082928666	50.23613004197700604436
-21.27463731865933027620	50.24537490041485199299
-21.26263131565782771304	50.25432014616319520428
-21.25062531265632870259	50.26292492167861070129
-21.23861930965482613942	50.27114838639541716248
-21.22661330665332712897	50.27894995234668584771
-21.21460730365182456580	50.28628952515199301843
-21.20260130065032555535	50.29312774858577483883
-21.19059529764882299219	50.29942625086905394483
-21.17858929464732398174	50.30514789077174953036
-21.16658329164582141857	50.31025700157398716783
-21.15457728864432240812	50.31471963091316723649
-21.14257128564281984495	50.31850377453982758880
-21.13056528264132083450	50.32157960201939772560
-21.11855927963981827133	50.32391967244973329798
-21.10655327663831926088	50.32549913831466881220
-21.09454727363681669772	50.32629593566299064378
-21.08254127063531768727	50.32629095888831471939
-21.07053526763381867681	50.32546821848902851571
-21.05852926463231611365	50.32381498030731137305
-21.04652326163081710320	50.32132188488151314232
-21.03451725862931454003	50.31798304569601043568
-21.02251125562781552958	50.31379612527545219791
-21.01050525262631296641	50.30876238824520640947
-20.99849924962481395596	50.30288673066466742512
-20.98649324662331139280	50.29617768513402609187
-20.97448724362181238234	50.28864740137576916368
-20.96248124062030981918	50.28031160219813955337
-20.95047523761881080873	50.27118951495693011111
-20.93846923461730824556	50.26130377884268085609
-20.92646323161580923511	50.25068032853025812301
-20.91445722861430667194	50.23934825493515887729
-20.90245122561280766149	50.22733964402367945468
-20.89044522261130509833	50.21468939482041093925
-20.87843921960980608787	50.20143501794417772999
-20.86643321660830352471	50.18761641618107205431
-20.85442721360680451426	50.17327564876860179766
-20.84242121060530195109	50.15845668121652778382
-20.83041520760380294064	50.14320512262612794530
-20.81840920460230037747	50.12756795258931674653
-20.80640320160080136702	50.11159323985013713809
-20.79439719859929880386	50.09532985499372870208
-20.78239119559779979340	50.07882717948975681566
-20.77038519259629723024	50.06213481345871940675
-20.75837918959479821979	50.04530228454929385862
-20.74637318659329565662	50.02837876031301078683
-20.73436718359179664617	50.01141276643864586049
-20.72236118059029408300	49.99445191316290504346
-20.71035517758879507255	49.97754263210669023465
-20.69834917458729250939	49.96072992569771997751
-20.68634317158579349893	49.94405713123125423181
-20.67433716858429093577	49.92756570149242634216
-20.66233116558279192532	49.91129500371648930468
-20.65032516258128936215	49.89528213849951754355
-20.63831915957979035170	49.87956178009192598211
-20.62631315657828778853	49.86416603931369451175
-20.61430715357678877808	49.84912435012353171260
-20.60230115057528621492	49.83446338065775904624
-20.59029514757378720446	49.82020696932947600999
-20.57828914457228464130	49.80637608634710034039
-20.56628314157078563085	49.79298882077573296101
-20.55427713856928306768	49.78006039302717056216
-20.54227113556778405723	49.76760319242733743295
-20.53026513256628149406	49.75562683927500984282
-20.51825912956478248361	49.74413827057614412297
-20.50625312656327992045	49.73314184841547103133
-20.49424712356178090999	49.72263948971335878468
-20.48224112056028189954	49.71263081591432353434
-20.47023511755877933638	49.70311332096442669126
-20.45822911455728032593	49.69408255576168187417
-20.44622311155577776276	49.68553232710687694862
-20.43421710855427875231	49.67745490904437133395
-20.42221110555277618914	49.66984126436424418216
-20.41020510255127717869	49.66268127394052811496
-20.39819909954977461553	49.65596397150530805220
-20.38619309654827560507	49.64967778140700715994
-20.37418709354677304191	49.64381075687283839670
-20.36218109054527403146	49.63835081629142109705
-20.35017508754377146829	49.63328597505120143296
-20.33816908454227245784	49.62860457051428397790
-20.32616308154076989467	49.62429547777274052578
-20.31415707853927088422	49.62034831392474387712
-20.30215107553776832106	49.61675362872091454847
-20.29014507253626931060	49.61350307956485750083
-20.27813906953476674744	49.61058958900628113042
-20.26613306653326773699	49.60800748303711316112
-20.25412706353176517382	49.60575260869106983819
-20.24212106053026616337	49.60382242965141585955
-20.23011505752876360020	49.60221609878984594388
-20.21810905452726458975	49.60093450678839133161
-20.20610305152576202659	49.59998030623450659959
-20.19409704852426301613	49.59935791082420308840
-20.18209104552276045297	49.59907346955733942195
-20.17008504252126144252	49.59913481606028540227
-20.15807903951975887935	49.59955139342196162033
-20.14607303651825986890	49.60033415517688126783
-20.13406703351675730573	49.60149544331153492749
-20.12206103051525829528	49.60304884440515849064
-20.11005502751375573212	49.60500902524083244316
-20.09804902451225672166	49.60739154943581041834
-20.08604302151075415850	49.61021267683842239649
-20.07403701850925514805	49.61348914762123030187
-20.06203101550775258488	49.61723795316478913264
-20.05002501250625357443	49.62147609597111141966
-20.03801900950475101126	49.62622034096972356565
-20.02601300650325200081	49.63148696068115128810
-20.01400700350174943765	49.63729147678056818904
-20.00200100050025042719	49.64364840065918116352
-19.98999499749874786403	49.65057097561029308963
-19.97798899449724885358	49.65807092327177940660
-19.96598299149574629041	49.66615819693677025271
-19.95397698849424727996	49.67484074429884799429
-19.94197098549274471679	49.68412428212873521716
-19.92996498249124570634	49.69401208528613267390
-19.91795897948974314318	49.70450479235373819620
-19.90595297648824413272	49.71560023004266071212
-19.89394697348674512227	49.72729325835927483013
-19.88194097048524255911	49.73957563834598261110
-19.86993496748374354866	49.75243592401283621030
-19.85792896448224098549	49.76585937986631336116
-19.84592296148074197504	49.77982792521686405962
-19.83391695847923941187	49.79432010621116688753
-19.82191095547774040142	49.80931109628956932056
-19.80990495247623783825	49.82477272551728475491
-19.79789894947473882780	49.84067353898100094511
-19.78589294647323626464	49.85697888418373935338
-19.77388694347173725419	49.87365102711185471662
-19.76188094047023469102	49.89064929639232559566
-19.74987493746873568057	49.90793025470692612089
-19.73786893446723311740	49.92544789638633773166
-19.72586293146573410695	49.94315386987286586873
-19.71385692846423154378	49.96099772351774959134
-19.70185092546273253333	49.97892717297005304999
-19.68984492246122997017	49.99688838822086722757
-19.67783891945973095972	50.01482629818998759674
-19.66583291645822839655	50.03268491058533129490
-19.65382691345672938610	50.05040764462750502162
-19.64182091045522682293	50.06793767411641482568
-19.62981490745372781248	50.08521827822268335240
-19.61780890445222524932	50.10219319731591269829
-19.60580290145072623886	50.11880699109433123795
-19.59379689844922367570	50.13500539625671592603
-19.58179089544772466525	50.15073568095719735993
-19.56978489244622210208	50.16594699330741491394
-19.55777888944472309163	50.18059070123685927456
-19.54577288644322052846	50.19462072109163841560
-19.53376688344172151801	50.20799383244250435610
-19.52176088044021895485	50.22066997668482457584
-19.50975487743871994439	50.23261253714381524560
-19.49774887443721738123	50.24378859854761714132
-19.48574287143571837078	50.25416918389618814444
-19.47373686843421580761	50.26372946693454224487
-19.46173086543271679716	50.27244895863211127107
-19.44972486243121423399	50.28031166627489767507
-19.43771885942971522354	50.28730622399066163553
-19.42571285642821266038	50.29342599374864164474
-19.41370685342671364992	50.29866913610118217548
-19.40170085042521108676	50.30303865016399811338
-19.38969484742371207631	50.30654238256179411337
-19.37768884442220951314	50.30919300529517812492
-19.36568284142071050269	50.31100796271051933672
-19.35367683841920793952	50.31200938797583432915
-19.34167083541770892907	50.31222398967958753246
-19.32966483241620636591	50.31168290937520737316
-19.31765882941470735545	50.31042155108967506294
-19.30565282641320834500	50.30847938399830354683
-19.29364682341170578184	50.30589971963894413420
-19.28164082041020677138	50.30272946519583854297
-19.26963481740870420822	50.29901885452501630880
-19.25762881440720519777	50.29482115871923753048
-19.24562281140570263460	50.29019237812002529608
-19.23361680840420362415	50.28519091777652505471
-19.22161080540270106098	50.27987724842665073766
-19.20960480240120205053	50.27431355513352428943
-19.19759879939969948737	50.26856337575146937979
-19.18559279639820047692	50.26269123141931771670
-19.17358679339669791375	50.25676225128642471418
-19.16158079039519890330	50.25084179366826475643
-19.14957478739369634013	50.24499506580487917518
-19.13756878439219732968	50.23928674435756391858
-19.12556278139069476651	50.23378059872810297293
-19.11355677838919575606	50.22853911922143055335
-19.10155077538769319290	50.22362315199855942183
-19.08954477238619418245	50.21909154268215758066
-19.07753876938469161928	50.21500079038509056772
-19.06553276638319260883	50.21140471383233716551
-19.05352676338169004566	50.20835413114135548085
-19.04152076038019103521	50.20589655471626855388
-19.02951475737868847204	50.20407590259807761868
-19.01750875437718946159	50.20293222749854322728
-19.00550275137568689843	50.20250146462979046191
-18.99349674837418788798	50.20281519932682812168
-18.98149074537268532481	50.20390045534698231222
-18.96948474237118631436	50.20577950461932914550
-18.95747873936968375119	50.20846969910994772590
-18.94547273636818474074	50.21198332536556563355
-18.93346673336668217758	50.21632748219965236558
-18.92146073036518316712	50.22150398189178588382
-18.90945472736368060396	50.22750927518332275667
-18.89744872436218159351	50.23433440027034180275
-18.88544272136067903034	50.24196495591881017617
-18.87343671835918001989	50.25038109875607972299
-18.86143071535767745672	50.25955756472802704593
-18.84942471235617844627	50.26946371465122354039
-18.83741870935467588311	50.28006360373427696686
-18.82541270635317687265	50.29131607489142652412
-18.81340670335167430949	50.30317487562403044876
-18.80140070035017529904	50.31558879820060070642
-18.78939469734867273587	50.32850184282327887786
-18.77738869434717372542	50.34185340342672532188
-18.76538269134567116225	50.35557847571401168807
-18.75337668834417215180	50.36960788699156665871
-18.74137068534266958864	50.38386854732159747527
-18.72936468234117057818	50.39828372146402557519
-18.71735867933967156773	50.41277332103030062171
-18.70535267633816900457	50.42725421621798176375
-18.69334667333666999411	50.44164056643646887323
-18.68134067033516743095	50.45584416907064451152
-18.66933466733366842050	50.46977482555956129318
-18.65732866433216585733	50.48334072389170046335
-18.64532266133066684688	50.49644883653610349938
-18.63331665832916428371	50.50900533274016623864
-18.62131065532766527326	50.52091600402984283846
-18.60930465232616271010	50.53208670164691085347
-18.59729864932466369964	50.54242378455106177171
-18.58529264632316113648	50.55183457650277745188
-18.57328664332166212603	50.56022783062644521124
-18.56128064032015956286	50.56751419973375050176
-18.54927463731866055241	50.57360671056524381584
-18.53726863431715798924	50.57842123998512562366
-18.52526263131565897879	50.58187699104183820964
-18.51325662831415641563	50.58389696668634627486
-18.50125062531265740517	50.58440843882331705572
-18.48924462231115484201	50.58334341025885549925
-18.47723861930965583156	50.58063906700455447663
-18.46523261630815326839	50.57623821830255650411
-18.45322661330665425794	50.57008972165297677748
-18.44122061030515169477	50.56214889005462254090
-18.42921460730365268432	50.55237787861477727347
-18.41720860430215012116	50.54074604764588229955
-18.40520260130065111071	50.52723029934802667640
-18.39319659829914854754	50.51181538517800362342
-18.38119059529764953709	50.49449418103009890046
-18.36918459229614697392	50.47526792740200818344
-18.35717858929464796347	50.45414643179314850840
-18.34517258629314540030	50.43114823068265906159
-18.33316658329164638985	50.40630070856182953776
-18.32116058029014382669	50.37964017165153052247
-18.30915457728864481624	50.35121187411892407226
-18.29714857428714225307	50.32106999482043363514
-18.28514257128564324262	50.28927756283878380827
-18.27313656828414067945	50.25590633035049137334
-18.26113056528264166900	50.22103659165599509606
-18.24912456228113910583	50.18475694752589078007
-18.23711855927964009538	50.14716401436255210911
-18.22511255627813753222	50.10836207804455000314
-18.21310655327663852177	50.06846269270966587328
-18.20110055027513595860	50.02758422513852565316
-18.18909454727363694815	49.98585134582207700760
-18.17708854427213438498	49.94339446822902317535
-18.16508254127063537453	49.90034913823111395459
-18.15307653826913281137	49.85685537609042938811
-18.14107053526763380091	49.81305697386048336739
-18.12906453226613479046	49.76910075149748990953
-18.11705852926463222730	49.72513577541576523799
-18.10505252626313321684	49.68131254364718785155
-18.09304652326163065368	49.63778214217516193685
-18.08104052026013164323	49.59469537740370981282
-18.06903451725862908006	49.55220189008808517883
-18.05702851425713006961	49.51044925638996119233
-18.04502251125562750644	49.46958208202443074697
-18.03301650825412849599	49.42974109573209062773
-18.02101050525262593283	49.39106224853563276156
-18.00900450225112692237	49.35367582542064468498
-17.99699849924962435921	49.31770557621344153176
-17.98499249624812534876	49.28326787251019425184
-17.97298649324662278559	49.25047089753948625912
-17.96098049024512377514	49.21941387581220084257
-17.94897448724362121197	49.19018634932648836866
-17.93696848424212220152	49.16286750695040552728
-17.92496248124061963836	49.13752557339913806800
-17.91295647823912062790	49.11421726395838049939
-17.90095047523761806474	49.09298731077922894883
-17.88894447223611905429	49.07386806618522712142
-17.87693846923461649112	49.05687918798872715342
-17.86493246623311748067	49.04202741131525300489
-17.85292646323161491750	49.02930641088181573650
-17.84092046023011590705	49.01869675707288109834
-17.82891445722861334389	49.01016596850827511389
-17.81690845422711433343	49.00366866310604763157
-17.80490245122561177027	48.99914680891403406804
-17.79289644822411275982	48.99653007522256586981
-17.78089044522261019665	48.99573628368247568687
-17.76888444222111118620	48.99667195834399535670
-17.75687843921960862303	48.99923297270900235389
-17.74487243621810961258	49.00330529105909960208
-17.73286643321660704942	49.00876580049123276694
-17.72086043021510803896	49.01548322926885248307
-17.70885442721360547580	49.02331914628728526395
-17.69684842421210646535	49.03212903566402047772
-17.68484242121060390218	49.04176343970601692490
-17.67283641820910489173	49.05206916278396533926
-17.66083041520760232856	49.06289052796495298026
-17.64882441220610331811	49.07407067762711250225
-17.63681840920460075495	49.08545290870979727060
-17.62481240620310174450	49.09688203274637885443
-17.61280640320159918133	49.10820575039020496888
-17.60080040020010017088	49.11927602978329332473
-17.58879439719859760771	49.12995047783661561880
-17.57678839419709859726	49.14009369329469478771
-17.56478239119559603409	49.14957859034970510947
-17.55277638819409702364	49.15828768155416383934
-17.54077038519259801319	49.16611430885868827545
-17.52876438219109545003	49.17296381177413167052
-17.51675837918959643957	49.17875462192571944797
-17.50475237618809387641	49.18341927363110954730
-17.49274637318659486596	49.18690532059298448075
-17.48074037018509230279	49.18917614934811410876
-17.46873436718359329234	49.19021168075631322836
-17.45672836418209072917	49.19000895154036356871
-17.44472236118059171872	49.18858256869740586126
-17.43271635817908915556	49.18596503048854629014
-17.42071035517759014510	49.18220690866988320522
-17.40870435217608758194	49.17737688764846382128
-17.39669834917458857149	49.17156165732323103157
-17.38469234617308600832	49.16486565749540460502
-17.37268634317158699787	49.15741067289650345629
-17.36068034017008443470	49.14933527907615484764
-17.34867433716858542425	49.14079414060590522695
-17.33666833416708286109	49.13195716427971859730
-17.32466233116558385063	49.12300851121641898089
-17.31265632816408128747	49.11414547298324606572
-17.30065032516258227702	49.10557721805251674141
-17.28864432216107971385	49.09752341606468917234
-17.27663831915958070340	49.09021274848985427752
-17.26463231615807814023	49.08388131534642440101
-17.25262631315657912978	49.07877094863948741477
-17.24062031015507656662	49.07512744411317129334
-17.22861430715357755616	49.07319872376193359287
-17.21660830415207499300	49.07323294230614152411
-17.20460230115057598255	49.07547655150025889270
-17.19259629814907341938	49.08017233669964696219
-17.18059029514757440893	49.08755744055854108865
-17.16858429214607184576	49.09786138906115837699
-17.15657828914457283531	49.11130413529626537184
-17.14457228614307027215	49.12809413646854039825
-17.13256628314157126169	49.14842647959591204199
-17.12056028014006869853	49.17248107116893152124
-17.10855427713856968808	49.20042090574594340069
-17.09654827413706712491	49.23239042802713072433
-17.08454227113556811446	49.26851400239367961831
-17.07253626813406555129	49.30889450321793532339
-17.06053026513256654084	49.35361203845133104551
-17.04852426213106397768	49.40272281808383070256
-17.03651825912956496722	49.45625817804852886184
-17.02451225612806240406	49.51422376902507238583
-17.01250625312656339361	49.57659891838410004539
-17.00050025012506083044	49.64333617222123251622
-16.98849424712356181999	49.71436102306382309735
-16.97648824412206280954	49.78957182740682441136
-16.96448224112056024637	49.86883991575814434327
-16.95247623811906123592	49.95200989636017396833
-16.94047023511755867275	50.03890015221593046135
-16.92846423211605966230	50.12930352949801715567
-16.91645822911455709914	50.22298821386971923175
-16.90445222611305808869	50.31969878971339227292
-16.89244622311155552552	50.41915747575514927803
-16.88044022011005651507	50.52106552910987602445
-16.86843421710855395190	50.62510480835977944025
-16.85642821410705494145	50.73093948493596627713
-16.84442221110555237829	50.83821789080766251345
-16.83241620810405336783	50.94657448930927046149
-16.82041020510255080467	51.05563195486318051053
-16.80840420210105179422	51.16500334639475511267
-16.79639819909954923105	51.27429435839606242098
-16.78439219609805022060	51.38310563288341370480
-16.77238619309654765743	51.49103511491906459696
-16.76038019009504864698	51.59768043393428627041
-16.74837418709354608382	51.70264129280543130562
-16.73636818409204707336	51.80552184649903324498
-16.72436218109054451020	51.90593305211929475718
-16.71235617808904549975	52.00349497236211959716
-16.70035017508754293658	52.09783901470382261323
-16.68834417208604392613	52.18861008912750776290
-16.67633816908454136296	52.27546866781329271134
-16.66433216608304235251	52.35809273098499261323
-16.65232616308153978935	52.43617958400973577682
-16.64032016008004077889	52.50944753188145597278
-16.62831415707853821573	52.57763739837553629286
-16.61630815407703920528	52.64051387843081641904
-16.60430215107553664211	52.69786671368615316169
-16.59229614807403763166	52.74951168255975630927
-16.58029014507253506849	52.79529139779916135922
-16.56828414207103605804	52.83507590603331749435
-16.55627813906953349488	52.86876308551352110499
-16.54427213606803448442	52.89627883992118029255
-16.53226613306653192126	52.91757708783338642888
-16.52026013006503291081	52.93263954915720859162
-16.50825412706353034764	52.94147533155440754626
-16.49624812406203133719	52.94412032156542124994
-16.48424212106052877402	52.94063638678986905006
-16.47223611805902976357	52.93111039707487464057
-16.46023011505752720041	52.91565307418893837621
-16.44822411205602818995	52.89439768090312554705
-16.43621810905452562679	52.86749856175025286120
-16.42421210605302661634	52.83512954897411617594
-16.41220610305152405317	52.79748224830308345190
-16.40020010005002504272	52.75476422017528932429
-16.38819409704852603227	52.70719707289686084550
-16.37618809404702346910	52.65501448492188529826
-16.36418209104552445865	52.59846017399698325789
-16.35217608804402189548	52.53778583130826973502
-16.34017008504252288503	52.47324903900095449671
-16.32816408204102032187	52.40511118950881552792
-16.31615807903952131142	52.33363542503196441658
-16.30415207603801874825	52.25908461523656711734
-16.29214607303651973780	52.18171939082216681527
-16.28014007003501717463	52.10179625001470071766
-16.26813406703351816418	52.01956575430021700868
-16.25612806403201560101	51.93527082882426526567
-16.24412206103051659056	51.84914518185036058640
-16.23211605802901402740	51.76141185650971010546
-16.22011005502751501695	51.67228192679169751500
-16.20810405202601245378	51.58195334833385459206
-16.19609804902451344333	51.49060997308302489728
-16.18409204602301088016	51.39842073532989985551
-16.17208604302151186971	51.30553901498186064600
-16.16008004002000930655	51.21210218224875632131
-16.14807403701851029609	51.11823132618897602697
-16.13606803401700773293	51.02403116781454173179
-16.12406203101550872248	50.92959015670084710337
-16.11205602801400615931	50.83498074830473711927
-16.10005002501250714886	50.74025985748060207925
-16.08804402201100458569	50.64546948201459031225
-16.07603801900950557524	50.55063748838630033333
-16.06403201600800301208	50.45577855043219983600
-16.05202601300650400162	50.36089523013897917281
-16.04002001000500143846	50.26597918845211410144
-16.02801400700350242801	50.17101251275801132579
-16.01600800400199986484	50.07596914659893627686
-16.00400200100050085439	49.98081640621866483798
-15.99199599799900006758	49.88551656772327191902
-15.97998999499749928077	49.79002850798318036141
-15.96798399199599849396	49.69430938190596691584
-15.95597798899449770715	49.59831631837959520226
-15.94397198599299692034	49.50200811702594450026
-15.93196598299149613354	49.40534692791611348639
-15.91995997998999534673	49.30829989658304413069
-15.90795397698849455992	49.21084075702038518330
-15.89594797398699377311	49.11295135587796778509
-15.88394197098549298630	49.01462309174732467909
-15.87193596798399219949	48.91585825426979994290
-15.85992996498249141268	48.81667124878735819493
-15.84792396198099062588	48.71708969338195771570
-15.83591795897948983907	48.61715537640379380946
-15.82391195597798905226	48.51692506395897197535
-15.81190595297648826545	48.41647114830086451320
-15.79989994997498747864	48.31588212963190187565
-15.78789394697348669183	48.21526292545965475256
-15.77588794397198590502	48.11473500334576414161
-15.76388194097048511821	48.01443633462410076618
-15.75187593796898433141	47.91452116842659592066
-15.73986993496748354460	47.81515962712641965027
-15.72786393196598275779	47.71653712606976682764
-15.71585792896448197098	47.61885362220360207175
-15.70385192596298118417	47.52232269789949725691
-15.69184592296148039736	47.42717048790706968475
-15.67983991995997961055	47.33363445892837262363
-15.66783391695847882374	47.24196205277160487412
-15.65582791395697803694	47.15240920540412616901
-15.64382191095547725013	47.06523875546763235889
-15.63181590795397646332	46.98071875693011634212
-15.61980990495247567651	46.89912071151845651684
-15.60780390195097488970	46.82071773739291131733
-15.59579789894947410289	46.74578269118183015962
-15.58379189594797331608	46.67458626098449769870
-15.57178589294647252927	46.60739504826797485748
-15.55977988994497174247	46.54446965672524072488
-15.54777388694347095566	46.48606280612654018114
-15.53576788394197016885	46.43241748898263665524
-15.52376188094046938204	46.38376518744947674122
-15.51175587793897037159	46.34032416734256543123
-15.49974987493746958478	46.30229786540061098776
-15.48774387193596879797	46.26987338504898161773
-15.47573786893446801116	46.24322011487242178873
-15.46373186593296722435	46.22248848282318789416
-15.45172586293146643754	46.20780885787700498213
-15.43971985992996565074	46.19929060941702658738
-15.42771385692846486393	46.19702133308980052107
-15.41570785392696407712	46.20106625025197644163
-15.40370185092546329031	46.21146778642743413457
-15.39169584792396250350	46.22824533243927191961
-15.37968984492246171669	46.25139519008612865036
-15.36768384192096092988	46.28089070241590974319
-15.35567783891946014307	46.31668256682972639737
-15.34367183591795935627	46.35869932744343913100
-15.33166583291645856946	46.40684804136074603775
-15.31965982991495778265	46.46101511178934373447
-15.30765382691345699584	46.52106727927618123886
-15.29564782391195620903	46.58685276076733572381
-15.28364182091045542222	46.65820252472764195772
-15.27163581790895463541	46.73493168920033724589
-15.25962981490745384860	46.81684102846152484290
-15.24762381190595306180	46.90371857284102929952
-15.23561780890445227499	46.99534128535140808935
-15.22361180590295148818	47.09147679800047114895
-15.21160580290145070137	47.19188519006839754866
-15.19959979989994991456	47.29632079021397572660
-15.18759379689844912775	47.40453398404198281924
-15.17558779389694834094	47.51627300871705017471
-15.16358179089544755413	47.63128571635077435076
-15.15157578789394676733	47.74932128821681232012
-15.13956978489244598052	47.87013188236200988968
-15.12756378189094519371	47.99347419787426360926
-15.11555777888944440690	48.11911093993528254487
-15.10355177588794362009	48.24681217082003570340
-15.09154577288644283328	48.37635653319417627927
-15.07953976988494204647	48.50753233339680292602
-15.06753376688344125967	48.64013847386330269273
-15.05552776388194047286	48.77398522543010273012
-15.04352176088043968605	48.90889483195239506585
-15.03151575787893889924	49.04470194144244032941
-15.01950975487743811243	49.18125385978128605302
-15.00750375187593732562	49.31841062495312399960
-14.99549774887443653881	49.45604490167976763360
-14.98349174587293575200	49.59404169827373465296
-14.97148574287143496520	49.73229790946253814354
-14.95947973986993417839	49.87072169084458295174
-14.94747373686843339158	50.00923167249865741724
-14.93546773386693260477	50.14775602106573160199
-14.92346173086543359432	50.28623136133490589827
-14.91145572786393280751	50.42460156997645981392
-14.89944972486243202070	50.56281645555802128911
-14.88744372186093123389	50.70083034033777380500
-14.87543771885943044708	50.83860056053780596130
-14.86343171585792966027	50.97608590284672658299
-14.85142571285642887347	51.11324499577264646177
-14.83941970985492808666	51.25003467515450950032
-14.82741370685342729985	51.38640834363413034680
-14.81540770385192651304	51.52231434418531819119
-14.80340170085042572623	51.65769436788686874706
-14.79139569784892493942	51.79248191600922268663
-14.77938969484742415261	51.92660083615999866424
-14.76738369184592336580	52.05996395170334523073
-14.75537768884442257900	52.19247180293429266840
-14.74337168584292179219	52.32401151755903612184
-14.73136568284142100538	52.45445582691158392663
-14.71935967983992021857	52.58366224303660629857
-14.70735367683841943176	52.71147241029847663185
-14.69534767383691864495	52.83771164355056981776
-14.68334167083541785814	52.96218866313159168158
-14.67133566783391707133	53.08469553506292015754
-14.65932966483241628453	53.20500782282041285498
-14.64732366183091549772	53.32288495496449343136
-14.63531765882941471091	53.43807081075326692599
-14.62331165582791392410	53.55029452365545949988
-14.61130565282641313729	53.65927150044456794831
-14.59929964982491235048	53.76470465131406228920
-14.58729364682341156367	53.86628582422788014128
-14.57528764382191077686	53.96369743453315948045
-14.56328164082040999006	54.05661427873361191132
-14.55127563781890920325	54.14470551927551156268
-14.53926963481740841644	54.22763682525244632870
-14.52726363181590762963	54.30507265211176815001
-14.51525762881440684282	54.37667864176253829100
-14.50325162581290605601	54.44212412296007386203
-14.49124562281140526920	54.50108469049245485394
-14.47923961980990448239	54.55324484053394940020
-14.46723361680840369559	54.59830063857268811489
-14.45522761380690290878	54.63596239557629985484
-14.44322161080540212197	54.66595732753883396526
-14.43121560780390133516	54.68803217326281895794
-14.41920960480240054835	54.70195574517619974131
-14.40720360180089976154	54.70752138816877163663
-14.39519759879939897473	54.70454932185710106296
-14.38319159579789818793	54.69288884234872227808
-14.37118559279639740112	54.67242036047257869313
-14.35917958979489661431	54.64305725456651430250
-14.34717358679339582750	54.60474751725597997165
-14.33516758379189681705	54.55747517721073336361
-14.32316158079039603024	54.50126147861520564675
-14.31115557778889524343	54.43616580301950591547
-14.29914957478739445662	54.36228632033483165742
-14.28714357178589366981	54.27976035798177179004
-14.27513756878439288300	54.18876447957285336088
-14.26313156578289209619	54.08951426699102427165
-14.25112556278139130939	53.98226380229110787923
-14.23911955977989052258	53.86730484847925026770
-14.22711355677838973577	53.74496573089147943847
-14.21510755377688894896	53.61560992357293287114
-14.20310155077538816215	53.47963434772923108085
-14.19109554777388737534	53.33746739195609620765
-14.17908954477238658853	53.18956666652812970142
-14.16708354177088580172	53.03641650651876204847
-14.15507753876938501492	52.87852524090632755360
-14.14307153576788422811	52.71642224707450452570
-14.13106553276638344130	52.55065481221591028316
-14.11905952976488265449	52.38178482507626654296
-14.10705352676338186768	52.21038532321319536322
-14.09504752376188108087	52.03703692247187007069
-14.08304152076038029406	51.86232415668300177458
-14.07103551775887950726	51.68683175665465512338
-14.05902951475737872045	51.51114089834500475718
-14.04702351175587793364	51.33582545066094837694
-14.03501750875437714683	51.16144825361895698279
-14.02301150575287636002	50.98855745762620728101
-14.01100550275137557321	50.81768295438935467701
-13.99899949974987478640	50.64933292943564424604
-13.98699349674837399959	50.48399056543950536025
-13.97498749374687321279	50.32211092449259837167
-13.96298149074537242598	50.16411803614423092768
-13.95097548774387163917	50.01040221648237604768
-13.93896948474237085236	49.86131764173562430642
-13.92696348174087006555	49.71718019786813869132
-13.91495747873936927874	49.57826562542937409717
-13.90295147573786849193	49.44480797652715153845
-13.89094547273636770512	49.31699839823641440262
-13.87893946973486691832	49.19498425405939201482
-13.86693346673336613151	49.07886859223840758659
-13.85492746373186534470	48.96870996681558096952
-13.84292146073036455789	48.86452261435889710128
-13.83091545772886377108	48.76627698625855344972
-13.81890945472736298427	48.67390063346668682698
-13.80690345172586219746	48.58727943753608258248
-13.79489744872436141065	48.50625917883400717301
-13.78289144572286062385	48.43064742989506044069
-13.77088544272135983704	48.36021575905554215069
-13.75887943971985905023	48.29470222680867408371
-13.74687343671836003978	48.23381415475857636466
-13.73486743371685925297	48.17723114465424316677
-13.72286143071535846616	48.12460832277558608894
-13.71085542771385767935	48.07557978294126854735
-13.69884942471235689254	48.02976219963125714685
-13.68684342171085610573	47.98675858118236448036
-13.67483741870935531892	47.94616213173662089275
-13.66283141570785453212	47.90756018961187123750
-13.65082541270635374531	47.87053820903200573866
-13.63881940970485295850	47.83468375170669872887
-13.62681340670335217169	47.79959045459315092330
-13.61480740370185138488	47.76486194030641030395
-13.60280140070035059807	47.73011563707004967227
-13.59079539769884981126	47.69498647581224304304
-13.57878939469734902445	47.65913043300741946950
-13.56678339169584823765	47.62222788913292959023
-13.55477738869434745084	47.58398677414196242808
-13.54277138569284666403	47.54414547313619721081
-13.53076538269134587722	47.50247546743770499234
-13.51875937968984509041	47.45878368849302120225
-13.50675337668834430360	47.41291456447296326360
-13.49474737368684351679	47.36475174203852844812
-13.48274137068534272998	47.31421946850340276569
-13.47073536768384194318	47.26128362251282766238
-13.45872936468234115637	47.20595238435138440991
-13.44672336168084036956	47.14827654006270307718
-13.43471735867933958275	47.08834941668454376895
-13.42271135567783879594	47.02630644904640178083
-13.41070535267633800913	46.96232438171541900829
-13.39869934967483722232	46.89662011278281994464
-13.38669334667333643552	46.82944918922986232701
-13.37468734367183564871	46.76110396657249168584
-13.36268134067033486190	46.69191144833187934182
-13.35067533766883407509	46.62223082358865156039
-13.33866933466733328828	46.55245072342815149113
-13.32666333166583250147	46.48298621945059494465
-13.31465732866433171466	46.41427558968263156203
-13.30265132566283092785	46.34677687916707355953
-13.29064532266133014105	46.28096428420875696474
-13.27863931965982935424	46.21732439070189712993
-13.26663331665832856743	46.15635229814605366983
-13.25462731365682778062	46.09854766186390406801
-13.24262131065532699381	46.04441068655674484944
-13.23061530765382620700	45.99443810466920723456
-13.21860930465232542019	45.94911917307943838296
-13.20660330165082463338	45.90893172138697764240
-13.19459729864932384658	45.87433828453903572608
-13.18259129564782305977	45.84578235172401150521
-13.17058529264632404931	45.82368476237536469853
-13.15857928964482326251	45.80844027878134738785
-13.14657328664332247570	45.80041436319774561525
-13.13456728364182168889	45.79994018552800127964
-13.12256128064032090208	45.80731588558425926294
-13.11055527763882011527	45.82280211169261008308
-13.09854927463731932846	45.84661985497717751059
-13.08654327163581854165	45.87894859607289532732
-13.07453726863431775485	45.91992477829838747994
-13.06253126563281696804	45.96964061849397609194
-13.05052526263131618123	46.02814326381995613247
-13.03851925962981539442	46.09543429984319828918
-13.02651325662831460761	46.17146961224253942646
-13.01450725362681382080	46.25615960146122773722
-13.00250125062531303399	46.34936974665487241509
-12.99049524762381224718	46.45092151235164124046
-12.97848924462231146038	46.56059358838398054559
-12.96648324162081067357	46.67812345089133430065
-12.95447723861930988676	46.80320922955704077140
-12.94247123561780909995	46.93551186374983785754
-12.93046523261630831314	47.07465752791419788537
-12.91845922961480752633	47.22024030441264130786
-12.90645322661330673952	47.37182508008474002281
-12.89444722361180595271	47.52895064106794364989
-12.88244122061030516591	47.69113293893815352931
-12.87043521760880437910	47.85786849998424941077
-12.85842921460730359229	48.02863794844022748975
-12.84642321160580280548	48.20290961376812077788
-12.83441720860430201867	48.38014319161828069582
-12.82241120560280123186	48.55979342789397179558
-12.81040520260130044505	48.74131379541331199334
-12.79839919959979965824	48.92416013299151700267
-12.78639319659829887144	49.10779421735405492200
-12.77438719359679808463	49.29168723913073790754
-12.76238119059529729782	49.47532315526081703183
-12.75037518759379651101	49.65820189144952934157
-12.73836918459229572420	49.83984236984288429539
-12.72636318159079493739	50.01978533881430877273
-12.71435717858929415058	50.19759598366749031584
-12.70235117558779336377	50.37286629913511859513
-12.69034517258629257697	50.54521720677371376951
-12.67833916958479179016	50.71430040269891748039
-12.66633316658329100335	50.87979992355188585407
-12.65432716358179021654	51.04143342111282777296
-12.64232116058028942973	51.19895313855899132705
-12.63031515757878864292	51.35214658397836728909
-12.61830915457728785611	51.50083689937331143938
-12.60630315157578706931	51.64488292599695284935
-12.59429714857428628250	51.78417896943638965013
-12.58229114557278727204	51.91865427036870528354
-12.57028514257128648524	52.04827218934605070899
-12.55827913956978569843	52.17302911629483475053
-12.54627313656828491162	52.29295311762156472923
-12.53426713356678412481	52.40810233588600652865
-12.52226113056528333800	52.51856315891477322566
-12.51025512756378255119	52.62444817696968613063
-12.49824912456228176438	52.72589394814291097191
-12.48624312156078097757	52.82305859351281185354
-12.47423711855928019077	52.91611924475157735515
-12.46223111555777940396	53.00526936782087972233
-12.45022511255627861715	53.09071598711896200484
-12.43821910955477783034	53.17267683494936392208
-12.42621310655327704353	53.25137745146568590826
-12.41420710355177625672	53.32704826031027067756
-12.40220110055027546991	53.39992164500939253458
-12.39019509754877468310	53.47022905081897192758
-12.37818909454727389630	53.53819813613975497901
-12.36618309154577310949	53.60404999684705273921
-12.35417708854427232268	53.66799648591914007056
-12.34217108554277153587	53.73023764961081383262
-12.33016508254127074906	53.79095930011857262798
-12.31815907953976996225	53.85033074323570190245
-12.30615307653826917544	53.90850267791450534105
-12.29414707353676838864	53.96560528295705694291
-12.28214107053526760183	54.02174650426052693319
-12.27013506753376681502	54.07701055416870872250
-12.25812906453226602821	54.13145663254452699675
-12.24612306153076524140	54.18511787719906891425
-12.23411705852926445459	54.23800054930871539227
-12.22211105552776366778	54.29008345744306041070
-12.21010505252626288097	54.34131762182981617570
-12.19809904952476209417	54.39162617851722814066
-12.18609304652326130736	54.44090452117671219412
-12.17408704352176052055	54.48902067643458480006
-12.16208104052025973374	54.53581590684765245669
-12.15007503751875894693	54.58110553395697195356
-12.13806903451725816012	54.62467997228065286208
-12.12606303151575737331	54.66630596365131111725
-12.11405702851425658650	54.70572799997778190573
-12.10205102551275579970	54.74266992132182707564
-12.09004502251125501289	54.77683667513672105542
-12.07803901950975422608	54.80791622162075782398
-12.06603301650825343927	54.83558156939956518272
-12.05402701350675265246	54.85949292516786357510
-12.04202101050525186565	54.87929994049574133896
-12.03001500750375107884	54.89464403873499520614
-12.01800900450225029203	54.90516080484496796998
-12.00600300150074950523	54.91048242099137866035
-11.99399699849925049477	54.90533111837826396595
-11.98199099549774970797	54.88938022612360612129
-11.96998499249624892116	54.86722024477641923568
-11.95797898949474813435	54.83853413549946509420
-11.94597298649324734754	54.80301626045199014925
-11.93396698349174656073	54.76037461907019121554
-11.92196098049024577392	54.71033299594337506733
-11.90995497748874498711	54.65263300920462796739
-11.89794897448724420030	54.58703604951535481860
-11.88594297148574341350	54.51332510091214800241
-11.87393696848424262669	54.43130643598734508259
-11.86193096548274183988	54.34081117907896896213
-11.84992496248124105307	54.24169673233814847890
-11.83791895947974026626	54.13384806071082522294
-11.82591295647823947945	54.01717883300363354238
-11.81390695347673869264	53.89163241729113451584
-11.80190095047523790583	53.75718272995299429340
-11.78989494747373711903	53.61383493859676008242
-11.77788894447223633222	53.46162602001719221789
-11.76588294147073554541	53.30062517515973752324
-11.75387693846923475860	53.13093410378946401806
-11.74187093546773397179	52.95268714221234773731
-11.72986493246623318498	52.76605126795228528636
-11.71785892946473239817	52.57122597575158806649
-11.70585292646323161136	52.36844302963599062650
-11.69384692346173082456	52.15796609606814371318
-11.68184092046023003775	51.94009026340854262571
-11.66983491745872925094	51.71514145301318876591
-11.65782891445722846413	51.48347572732793508976
-11.64582291145572767732	51.24547850029549067585
-11.63381690845422689051	51.00156365527942625704
-11.62181090545272610370	50.75217257553678251725
-11.60980490245122531690	50.49777309204596775771
-11.59779889944972453009	50.23885835322693793614
-11.58579289644822374328	49.97594562078600688437
-11.57378689344672295647	49.70957499558711134569
-11.56178089044522216966	49.44030807710397112942
-11.54977488744372138285	49.16872655965374150355
-11.53776888444222059604	48.89543076826130629797
-11.52576288144071980923	48.62103813666352181144
-11.51375687843921902243	48.34618162964441978602
-11.50175087543771823562	48.07150811160256864696
-11.48974487243621744881	47.79767666300006112579
-11.47773886943471666200	47.52535684613506816731
-11.46573286643321587519	47.25522692152373593899
-11.45372686343171508838	46.98797201607766993448
-11.44172086043021430157	46.72428224422547771155
-11.42971485742871351476	46.46485078315422612150
-11.41770885442721272796	46.21037190344188871904
-11.40570285142571371750	45.96153895651680443279
-11.39369684842421293069	45.71904232061461925696
-11.38169084542271214389	45.48356730720730212170
-11.36968484242121135708	45.25579203024968677482
-11.35767883941971057027	45.03638524102455420461
-11.34567283641820978346	44.82600413186263210719
-11.33366683341670899665	44.62529211256455852208
-11.32166083041520820984	44.43487656395097928907
-11.30965482741370742303	44.25536657360766668035
-11.29764882441220663623	44.08735065956731347114
-11.28564282141070584942	43.93139448836853233615
-11.27363681840920506261	43.78803859464746039976
-11.26163081540770427580	43.65779611013709171630
-11.24962481240620348899	43.54115051066432329208
-11.23761880940470270218	43.43855339043356167394
-11.22561280640320191537	43.35042227355736343952
-11.21360680340170112856	43.27713847342880626456
-11.20160080040020034176	43.21904501111485075171
-11.18959479739869955495	43.17644460447530008196
-11.17758879439719876814	43.14959774016675453367
-11.16558279139569798133	43.13872084106593973729
-11.15357678839419719452	43.14398454193185017402
-11.14157078539269640771	43.16551208631365454949
-11.12956478239119562090	43.20337785779229733407
-11.11755877938969483409	43.25760605861249530335
-11.10555277638819404729	43.32816954861199576499
-11.09354677338669326048	43.41498885708170973885
-11.08154077038519247367	43.51793137979109360458
-11.06953476738369168686	43.63681077288474341458
-11.05752876438219090005	43.77138655469885719640
-11.04552276138069011324	43.92136392575955028406
-11.03351675837918932643	44.08639381631206788370
-11.02151075537768853962	44.26607316969312222454
-11.00950475237618775282	44.45994546870335994981
-10.99749874937468696601	44.66750151086946374335
-10.98549274637318617920	44.88818043711255967310
-10.97348674337168539239	45.12137101687114437709
-10.96148074037018460558	45.36641319117205028988
-10.94947473736868381877	45.62259987351345102979
-10.93746873436718303196	45.88917900673178706938
-10.92546273136568224515	46.16535587228317893960
-10.91345672836418145835	46.45029564659293441764
-10.90145072536268067154	46.74312619732953066887
-10.88944472236117988473	47.04294111065661354587
-10.87743871935967909792	47.34880293872435430558
-10.86543271635817831111	47.65974665489568451449
-10.85342671335667752430	47.97478330247970745859
-10.84142071035517673749	48.29290382108001011829
-10.82941470735367772704	48.61308303307570355400
-10.81740870435217694023	48.93428377125305672735
-10.80540270135067615342	49.25546112721122682387
-10.79339669834917536662	49.57556679889025730290
-10.78139069534767457981	49.89355351442775798887
-10.76938469234617379300	50.20837950855446507603
-10.75737868934467300619	50.51901302689984873950
-10.74537268634317221938	50.82443683290764369076
-10.73336668334167143257	51.12365269156618552415
-10.72136068034017064576	51.41568580384757325419
-10.70935467733866985895	51.69958916562872985878
-10.69734867433716907215	51.97444782494095250058
-10.68534267133566828534	52.23938301166505482342
-10.67333666833416749853	52.49355611425794876368
-10.66133066533266671172	52.73617247876228475434
-10.64932466233116592491	52.96648500621181909764
-10.63731865932966513810	53.18379752559634709996
-10.62531265632816435129	53.38746792078596570263
-10.61330665332666356448	53.57691099122727962367
-10.60130065032516277768	53.75160102780432680447
-10.58929464732366199087	53.91107408699380698636
-10.57728864432216120406	54.05492994832524544790
-10.56528264132066041725	54.18283374216807146695
-10.55327663831915963044	54.29451723699398968392
-10.54127063531765884363	54.38977977748891134979
-10.52926463231615805682	54.46848886719580917770
-10.51725862931465727002	54.53058039174113957870
-10.50525262631315648321	54.57605848111319346572
-10.49324662331165569640	54.60499501190218296642
-10.48124062031015490959	54.61752875285905162173
-10.46923461730865412278	54.61386415956292239571
-10.45722861430715333597	54.59426982638616721033
-10.44522261130565254916	54.55907660629116406881
-10.43321660830415176235	54.50867541126485349423
-10.42121060530265097555	54.44351470837705875283
-10.40920460230115018874	54.36409772851833110963
-10.39719859929964940193	54.27097940681517229677
-10.38519259629814861512	54.16476307551904056936
-10.37318659329664782831	54.04609693180504592647
-10.36118059029514704150	53.91567030438324792385
-10.34917458729364625469	53.77420974410775045271
-10.33716858429214546788	53.62247496485494480112
-10.32516258129064468108	53.46125466182448349173
-10.31315657828914389427	53.29136223508608338761
-10.30115057528764310746	53.11363144664800728378
-10.28914457228614232065	52.92891203955414169968
-10.27713856928464153384	52.73806534752571906211
-10.26513256628314074703	52.54195992344989463163
-10.25312656328163996022	52.34146721458364481805
-10.24112056028014094977	52.13745731169166930385
-10.22911455727864016296	51.93079479847731505515
-10.21710855427713937615	51.72233472660350628303
-10.20510255127563858935	51.51291874034651385728
-10.19309654827413780254	51.30337137348982423646
-10.18109054527263701573	51.09449653946174407793
-10.16908454227113622892	50.88707423396283502370
-10.15707853926963544211	50.68185746743343855769
-10.14507253626813465530	50.47956944269466816877
-10.13306653326663386849	50.28090099097568810294
-10.12106053026513308168	50.08650827733525545682
-10.10905452726363229488	49.89701078421526148077
-10.09704852426213150807	49.71298957954888209088
-10.08504252126063072126	49.53498587350608062252
-10.07303651825912993445	49.36349986561486247183
-10.06103051525762914764	49.19898988166872300098
-10.04902451225612836083	49.04187179753925818204
-10.03701850925462757402	48.89251874477738368796
-10.02501250625312678721	48.75126109072692059954
-10.01300650325162600041	48.61838668380828210047
-10.00100050025012521360	48.49414135267554115671
-9.98899449724862442679	48.37872964612355275449
-9.97698849424712363998	48.27231579893840063278
-9.96498249124562285317	48.17502490735748921225
-9.95297648824412206636	48.08694429644848611360
-9.94097048524262127955	48.00812506053827632968
-9.92896448224112049274	47.93858375683446126914
-9.91695847923961970594	47.87830423158892756419
-9.90495247623811891913	47.82723955756146239082
-9.89294647323661813232	47.78531406115447310867
-9.88094047023511734551	47.75242541740926327520
-9.86893446723361655870	47.72844679107957688302
-9.85692846423211577189	47.71322900222665452930
-9.84492246123061498508	47.70660269520814722455
-9.83291645822911419828	47.70838049055419816113
-9.82091045522761341147	47.71835910003053982109
-9.80890445222611262466	47.73632138617065834296
-9.79689844922461183785	47.76203834870582909389
-9.78489244622311105104	47.79527102162083451731
-9.77288644322161026423	47.83577226599962983755
-9.76088044022010947742	47.88328844538496298355
-9.74887443721860869061	47.93756097204158095337
-9.73686843421710790381	47.99832771426765276601
-9.72486243121560711700	48.06532425672504160730
-9.71285642821410633019	48.13828500763758455605
-9.70085042521260554338	48.21694414861872246547
-9.68884442221110475657	48.30103642481584813595
-9.67683841920960396976	48.39029777498070927777
-9.66483241620810318295	48.48446580297194685727
-9.65282641320660417250	48.58328009405101965967
-9.64082041020510338569	48.68648238112601234207
-9.62881440720360259888	48.79381656781271203727
-9.61680840420210181207	48.90502861680220547669
-9.60480240120060102527	49.01986631353249634913
-9.59279639819910023846	49.13807891654494852673
-9.58079039519759945165	49.25941670715020848093
-9.56878439219609866484	49.38363045212196311695
-9.55677838919459787803	49.51047079406922080125
-9.54477238619309709122	49.63968758490092625379
-9.53276638319159630441	49.77102917838252693628
-9.52076038019009551761	49.90424169818887634165
-9.50875437718859473080	50.03906829807683465106
-9.49674837418709394399	50.17524843083327112936
-9.48474237118559315718	50.31251714250002748940
-9.47273636818409237037	50.45060440803904810991
-9.46073036518259158356	50.58923452408181731244
-9.44872436218109079675	50.72812557371393893391
-9.43671835917959000994	50.86698897738470037666
-9.42471235617808922314	51.00552914301317031232
-9.41270635317658843633	51.14344322719561830581
-9.40070035017508764952	51.28042101811809772016
-9.38869434717358686271	51.41614494935438273160
-9.37668834417208607590	51.55029025219887017784
-9.36468234117058528909	51.68252525256205842652
-9.35267633816908450228	51.81251181675899886159
-9.34067033516758371547	51.93990594876631661236
-9.32866433216608292867	52.06435853972894278741
-9.31665832916458214186	52.18551626868156034789
-9.30465232616308135505	52.30302265163086872235
-9.29264632316158056824	52.41651923434122295475
-9.28064032016007978143	52.52564692239673860286
-9.26863431715857899462	52.63004744039546523027
-9.25662831415707820781	52.72936491048337614984
-9.24462231115557742100	52.82324753887458257395
-9.23261630815407663420	52.91134939754562083181
-9.22061030515257584739	52.99333228695061848157
-9.20860430215107506058	53.06886766439507852056
-9.19659829914957427377	53.13763862164135787225
-9.18459229614807348696	53.19934189441008953736
-9.17258629314657270015	53.25368988569873351935
-9.16058029014507191334	53.30041268426914768952
-9.14857428714357112653	53.33926005926768709742
-9.13656828414207033973	53.37000341173811079898
-9.12456228114056955292	53.39243766377292388370
-9.11255627813906876611	53.40638306622422248893
-9.10055027513756797930	53.41168690625945458805
-9.08854427213606719249	53.40822509659908234880
-9.07653826913456640568	53.39590362900747066988
-9.06453226613306739523	53.37465987551939861078
-9.05252626313156660842	53.34446372196518382225
-9.04052026013006582161	53.30531851959771927341
-9.02851425712856503480	53.25726184201475632563
-9.01650825412706424800	53.20036603609622716249
-9.00450225112556346119	53.13473855732696904397
-8.99249624812406267438	53.06052208163384165118
-8.98049024512256188757	52.97789438771808789852
-8.96848424212106110076	52.88706800579178235466
-8.95647823911956031395	52.78828963061331336348
-8.94447223611805952714	52.68183929874398785387
-8.93246623311655874033	52.56802933199639227269
-8.92046023011505795353	52.44720305109710523084
-8.90845422711355716672	52.31973326562212633917
-8.89644822411205637991	52.18602054826500591389
-8.88444222111055559310	52.04649130344575524987
-8.87243621810905480629	51.90159564214540210969
-8.86043021510755401948	51.75180507663942108820
-8.84842421210605323267	51.59761005048591187006
-8.83641820910455244587	51.43951732068556026434
-8.82441220610305165906	51.27804721035603563450
-8.81240620310155087225	51.11373075153898071221
-8.80040020010005008544	50.94710673887190210962
-8.78839419709854929863	50.77871871579846896338
-8.77638819409704851182	50.60911191575063128312
-8.76438219109554772501	50.43883018130599538154
-8.75237618809404693820	50.26841288469895374647
-8.74037018509254615140	50.09839187323966314125
-8.72836418209104536459	49.92928846316836200003
-8.71635817908954457778	49.76161050524429896313
-8.70435217608804379097	49.59584954493807629206
-8.69234617308654300416	49.43247809946876003551
-8.68034017008504221735	49.27194707310544430356
-8.66833416708354143054	49.11468333114520135041
-8.65632816408204064373	48.96108745179246568568
-8.64432216108053985693	48.81153167380983859402
-8.63231615807903907012	48.66635805629735500588
-8.62031015507753828331	48.52587686529978583394
-8.60830415207603749650	48.39036520015340414602
-8.59629814907453670969	48.26006587057965901977
-8.58429214607303592288	48.13518653353023779573
-8.57228614307153513607	48.01589909670230582606
-8.56028014007003434926	47.90233939349269576269
-8.54827413706853356246	47.79460713196362320332
-8.53626813406703277565	47.69276611816873412408
-8.52426213106553198884	47.59684475195627584299
-8.51225612806403120203	47.50683679114454349701
-8.50025012506253041522	47.42270237777309205285
-8.48824412206103140477	47.34436931798920511483
-8.47623811905953061796	47.27173460505249380503
-8.46423211605802983115	47.20466617294719924303
-8.45222611305652904434	47.14300486620037133889
-8.44022011005502825753	47.08656660972926033537
-8.42821410705352747073	47.03514476089927143221
-8.41620810405202668392	46.98851262447700349867
-8.40420210105052589711	46.94642610982559460808
-8.39219609804902511030	46.90862650852139381641
-8.38019009504752432349	46.87484336958250707994
-8.36818409204602353668	46.84479744869918249606
-8.35617808904452274987	46.81820370724906865689
-8.34417208604302196306	46.79477433647320339105
-8.33216608304152117626	46.77422178198288804651
-8.32016008004002038945	46.75626174376630217466
-8.30815407703851960264	46.74061612706518786808
-8.29614807403701881583	46.72701591989486757939
-8.28414207103551802902	46.71520397358183629422
-8.27213606803401724221	46.70493766348553776879
-8.26013006503251645540	46.69599140804933767868
-8.24812406203101566859	46.68815902548035268183
-8.23611805902951488179	46.68125590867914098681
-8.22411205602801409498	46.67512100051736467776
-8.21210605302651330817	46.66961855318090357514
-8.20010005002501252136	46.66463965704456740013
-8.18809404702351173455	46.66010352640753211517
-8.17608804402201094774	46.65595853137983084480
-8.16408204102051016093	46.65218296725404201197
-8.15207603801900937412	46.64878555480489552565
-8.14007003501750858732	46.64580566711602216401
-8.12806403201600780051	46.64331328071941840108
-8.11605802901450701370	46.64140865103140498604
-8.10405202601300622689	46.64022171426130825012
-8.09204602301150544008	46.63991122013761980725
-8.08004002001000465327	46.64066360192394711248
-8.06803401700850386646	46.64269159226603278512
-8.05602801400700307966	46.64623259540596222905
-8.04402201100550229285	46.65154682820353571060
-8.03201600800400150604	46.65891524420411684559
-8.02001000500250071923	46.66863725667163009803
-8.00800400200099993242	46.68102827805380172776
-7.99599799899950003379	46.69641709475072843816
-7.98399199599799924698	46.71514309730844871638
-7.97198599299649846017	46.73755338724662067307
-7.95997998999499767336	46.76399978264637269376
-7.94797398699349688656	46.79483574536433110325
-7.93596798399199609975	46.83041325329786985776
-7.92396198099049531294	46.87107964150048644569
-7.91195597798899452613	46.91717443613423910165
-7.89994997498749373932	46.96902620524797100643
-7.88794397198599295251	47.02694945018664895997
-7.87593796898449216570	47.09124156107204584032
-7.86393196598299137889	47.16217985925224809307
-7.85192596298149059209	47.24001874890280561203
-7.83991995997998980528	47.32498699908295236582
-7.82791395697848901847	47.41728517651442587066
-7.81590795397698823166	47.51708324816798523216
-7.80390195097548744485	47.62451837142316435347
-7.79189594797398665804	47.73969288812376277065
-7.77988994497248587123	47.86267253729486981229
-7.76788394197098508442	47.99348489963279007497
-7.75587793896948518579	48.13211808513869272019
-7.74387193596798439899	48.27851967345579708990
-7.73186593296648361218	48.43259591460327584400
-7.71985992996498282537	48.59421119589146798035
-7.70785392696348203856	48.76318777886976363334
-7.69584792396198125175	48.93930580821378129031
-7.68384192096048046494	49.12230359251853428759
-7.67183591795897967813	49.31187815504382143672
-7.65982991495747889132	49.50768605057096038990
-7.64782391195597810452	49.70934444269100538349
-7.63581790895447731771	49.91643243406684149477
-7.62381190595297653090	50.12849264050738185006
-7.61180590295147574409	50.34503299807442289193
-7.59979989994997495728	50.56552879092168950592
-7.58779389694847417047	50.78942488615199124524
-7.57578789394697338366	51.01613816068129381165
-7.56378189094547259685	51.24506010392558863487
-7.55177588794397181005	51.47555957908556223401
-7.53976988494247102324	51.70698572489983035894
-7.52776388194097023643	51.93867097897599194312
-7.51575787893946944962	52.16993420319204943780
-7.50375187593796866281	52.40008389119208231932
-7.49174587293646787600	52.62842143768007474591
-7.47973986993496708919	52.85424444904423779690
-7.46773386693346630238	53.07685007482007932822
-7.45572786393196640375	53.29553833962093278842
-7.44372186093046561695	53.50961545542666186748
-7.43171585792896483014	53.71839709451976574428
-7.41970985492746404333	53.92121160388769141036
-7.40770385192596325652	54.11740314256453387998
-7.39569784892446246971	54.30633472415676266110
-7.38369184592296168290	54.48739114767848690235
-7.37168584292146089609	54.65998180080276824810
-7.35967983991996010928	54.82354332070759994622
-7.34767383691845932248	54.97754209884855214341
-7.33566783391695853567	55.12147661721392921663
-7.32366183091545774886	55.25487960490237071554
-7.31165582791395696205	55.37732000519648778436
-7.29964982491245617524	55.48840474467735361941
-7.28764382191095538843	55.58778029732403069829
-7.27563781890945460162	55.67513403795697257692
-7.26363181590795381481	55.75019538080491798837
-7.25162581290645302801	55.81273670039000478482
-7.23961980990495224120	55.86257403332558624243
-7.22761380690345145439	55.89956756099529400217
-7.21560780390195066758	55.92362187442142840155
-7.20360180090044988077	55.93468602392587030181
-7.19159579789894909396	55.93275335743025067359
-7.17958979489744830715	55.91786115242503996114
-7.16758379189594840852	55.89009004775389399811
-7.15557778889444762171	55.84956328240257761308
-7.14357178589294683491	55.79644574944639856540
-7.13156578289144604810	55.73094287419078796120
-7.11955977988994526129	55.65329932633367349126
-7.10755377688844447448	55.56379757668120333847
-7.09554777388694368767	55.46275630955867796956
-7.08354177088544290086	55.35052870257504764595
-7.07153576788394211405	55.22750058582022347764
-7.05952976488244132725	55.09408849290120713249
-7.04752376188094054044	54.95073761645542731458
-7.03551775887943975363	54.79791968092021647863
-7.02351175587793896682	54.63613074538751845921
-7.01150575287643818001	54.46588894933644553475
-6.99949974987493739320	54.28773221391612935349
-6.98749374687343660639	54.10221591125206686002
-6.97548774387193581958	53.90991051397518418753
-6.96348174087043503278	53.71139923682923011938
-6.95147573786893424597	53.50727568180453630475
-6.93946973486743345916	53.29814149778051302064
-6.92746373186593267235	53.08460406514077334350
-6.91545772886443188554	52.86727421526125425544
-6.90345172586293109873	52.64676399416804741804
-6.89144572286143031192	52.42368447902524053461
-6.87943971985992952511	52.19864365545024753601
-6.86743371685842962648	51.97224436297136662688
-6.85542771385692883968	51.74508231524579571214
-6.84342171085542805287	51.51774420095264162001
-6.83141570785392726606	51.29080587057059403833
-6.81940970485242647925	51.06483061354921915154
-6.80740370185092569244	50.84036752969247174860
-6.79539769884942490563	50.61794999789755422626
-6.78339169584792411882	50.39809424473689603019
-6.77138569284642333201	50.18129801473976669968
-6.75937968984492254521	49.96803934362731780539
-6.74737368684342175840	49.75877543518367929209
-6.73536768384192097159	49.55394164190946071358
-6.72336168084042018478	49.35395054910510026502
-6.71135567783891939797	49.15919116157199653117
-6.69934967483741861116	48.97002819170080556432
-6.68734367183591782435	48.78680144733998957918
-6.67533766883441703754	48.60982531750381951952
-6.66333166583291625074	48.43938835368825124306
-6.65132566283141546393	48.27575294431463248657
-6.63931965982991467712	48.11915507961455773511
-6.62731365682841389031	47.96980420410321244162
-6.61530765382691310350	47.82788315366133957696
-6.60330165082541231669	47.69354817415630520827
-6.59129564782391152988	47.56692901847741694610
-6.57928964482241163125	47.44812911883828832060
-6.56728364182091084444	47.33722583120577809268
-6.55527763881941005764	47.23427074874853559550
-6.54327163581790927083	47.13929008125522557293
-6.53126563281640848402	47.05228509754939381082
-6.51925962981490769721	46.97323262802163412744
-6.50725362681340691040	46.90208562450672502564
-6.49524762381190612359	46.83877377484991910706
-6.48324162081040533678	46.78320416962939276573
-6.47123561780890454997	46.73526201862792817110
-6.45922961480740376317	46.69481141477164953812
-6.44722361180590297636	46.66169614337559323758
-6.43521760880440218955	46.63574053465077895453
-6.42321160580290140274	46.61675035753255258442
-6.41120560280140061593	46.60451375298361398336
-6.39919959979989982912	46.59880220500363634528
-6.38719359679839904231	46.59937154763966304927
-6.37518759379689825550	46.60596300633521593682
-6.36318159079539746870	46.61830427198010795564
-6.35117558779389668189	46.63611060602535474118
-6.33916958479239589508	46.65908597500908427946
-6.32716358179089510827	46.68692421279708781867
-6.31515757878939432146	46.71931020877813978132
-6.30315157578789353465	46.75592112016708057354
-6.29114557278639363602	46.79642760646040500205
-6.27913956978489284921	46.84049508395916205927
-6.26713356678339206240	46.88778499812464417573
-6.25512756378189127560	46.93795611136373935324
-6.24312156078039048879	46.99066580365642664674
-6.23111555777888970198	47.04557138323797715884
-6.21910955477738891517	47.10233140433653176160
-6.20710355177588812836	47.16060698874508716472
-6.19509754877438734155	47.22006314777762980839
-6.18309154577288655474	47.28037010092623404489
-6.17108554277138576794	47.34120458730168223838
-6.15907953976988498113	47.40225116570776719982
-6.14707353676838419432	47.46320349897286661189
-6.13506753376688340751	47.52376561794428511121
-6.12306153076538262070	47.58365316034493730513
-6.11105552776388183389	47.64259457950177534258
-6.09904952476238104708	47.70033231778383253641
-6.08704352176088026027	47.75662393943883188285
-6.07503751875937947347	47.81124321739337545978
-6.06303151575787868666	47.86398116848663164546
-6.05102551275637789985	47.91464703154360194048
-6.03901950975487711304	47.96306918266427032904
-6.02701350675337632623	48.00909598211189432959
-6.01500750375187553942	48.05259654722931372817
-6.00300150075037475261	48.09346144589878235820
-5.99099549774887485398	48.13160330518969942659
-5.97898949474737406717	48.16695733001156298769
-5.96698349174587328037	48.19948172680689424396
-5.95497748874437249356	48.22915802758213743573
-5.94297148574287170675	48.25599130988335616621
-5.93096548274137091994	48.28001030867789467038
-5.91895947973987013313	48.30126741650293098473
-5.90695347673836934632	48.31983856868555449182
-5.89494747373686855951	48.33582301092596367198
-5.88294147073536777270	48.34934294706306445732
-5.87093546773386698590	48.36054306540926717162
-5.85892946473236619909	48.36958994264463029822
-5.84692346173086541228	48.37667132489817589658
-5.83491745872936462547	48.38199528631218271357
-5.82291145572786383866	48.38578926607979013852
-5.81090545272636305185	48.38829898566423537432
-5.79889944972486226504	48.38978724864409031170
-5.78689344672336147823	48.39053262637940377999
-5.77488744372186069143	48.39082803345304739651
-5.76288144072035990462	48.39097919760534693978
-5.75087543771885911781	48.39130302964255747611
-5.73886943471735833100	48.39212589955570109623
-5.72686343171585754419	48.39378182582984777582
-5.71485742871435675738	48.39661058564998086240
-5.70285142571285685875	48.40095575441143438411
-5.69084542271135607194	48.40716268361592256042
-5.67883941970985528513	48.41557642687165241568
-5.66683341670835449833	48.42653962431270997513
-5.65482741370685371152	48.44039035630358824847
-5.64282141070535292471	48.45745997779309988118
-5.63081540770385213790	48.47807094512385361895
-5.61880940470235135109	48.50253464748312381971
-5.60680340170085056428	48.53114925549444080843
-5.59479739869934977747	48.56419759969144678280
-5.58279139569784899066	48.60194509178338506672
-5.57078539269634820386	48.64463770171104783913
-5.55877938969484741705	48.69250000349979501379
-5.54677338669334663024	48.74573330284079020203
-5.53476738369184584343	48.80451385916939699428
-5.52276138069034505662	48.86899121476086804705
-5.51075537768884426981	48.93928664302567455024
-5.49874937468734348300	49.01549172776080354197
-5.48674337168584269619	49.09766708459915207641
-5.47473736868434190939	49.18584123529724649870
-5.46273136568284112258	49.28000964481462631284
-5.45072536268134033577	49.38013393036747800124
-5.43871935967983954896	49.48614125078840686456
-5.42671335667833876215	49.59792388359667114628
-5.41470735367683886352	49.71533899618320617719
-5.40270135067533807671	49.83820861644758082321
-5.39069534767383728990	49.96631980709459242007
-5.37868934467233650309	50.09942504661327689064
-5.36668334167083571629	50.23724281872710406560
-5.35467733866933492948	50.37945841082850506609
-5.34267133566783414267	50.52572492060103570566
-5.33066533266633335586	50.67566446869726348723
-5.31865932966483256905	50.82886961398797609490
-5.30665332666333178224	50.98490496653769810109
-5.29464732366183099543	51.14330899210226988316
-5.28264132066033020863	51.30359600059551183904
-5.27063531765882942182	51.46525830964399261802
-5.25862931465732863501	51.62776857305077271576
-5.24662331165582784820	51.79058226273126308570
-5.23461730865432706139	51.95314029147620971116
-5.22261130565282627458	52.11487176274835775303
-5.21060530265132548777	52.27519683263978578225
-5.19859929964982470096	52.43352966811572457573
-5.18659329664832391416	52.58928148475638408854
-5.17458729364682312735	52.74186364638973856245
-5.16258129064532234054	52.89069080829311531033
-5.15057528764382155373	53.03518408503707348700
-5.13856928464232076692	53.17477422355845106949
-5.12656328164081998011	53.30890476168656988420
-5.11455727863932008148	53.43703515211224441828
-5.10255127563781929467	53.55864383168885467512
-5.09054527263631850786	53.67323121599039126295
-5.07853926963481772106	53.78032259922752444936
-5.06653326663331693425	53.87947093993903280307
-5.05452726363181614744	53.97025951333451843084
-5.04252126063031536063	54.05230441176421862792
-5.03051525762881457382	54.12525687553086584103
-5.01850925462731378701	54.18880543713566311226
-5.00650325162581300020	54.24267786306040761701
-4.99449724862431221339	54.28664287832697254998
-4.98249124562281142659	54.32051166033734546090
-4.97048524262131063978	54.34413908987556851571
-4.95847923961980985297	54.35742474863915418837
-4.94647323661830906616	54.36031365425334627162
-4.93446723361680827935	54.35279672539670769993
-4.92246123061530749254	54.33491097142044878865
-4.91045522761380670573	54.30673940266534316379
-4.89844922461230591892	54.26841065955645149188
-4.88644322161080513212	54.22009836047426034611
-4.87443721860930434531	54.16202017034834170772
-4.86243121560780355850	54.09443659388107761288
-4.85042521260630277169	54.01764949927159165100
-4.83841920960480198488	53.93200038025756981597
-4.82641320660330208625	53.83786836621159466176
-4.81440720360180129944	53.73566799190317766488
-4.80240120060030051263	53.62584674035372955814
-4.79039519759879972582	53.50888237395425051091
-4.77838919459729893902	53.38528007067015579423
-4.76638319159579815221	53.25556938371109794161
-4.75437718859429736540	53.12030104448158596142
-4.74237118559279657859	52.98004362993889770905
-4.73036518259129579178	52.83538011665559253061
-4.71835917958979500497	52.68690434490417828783
-4.70635317658829421816	52.53521741694117963561
-4.69434717358679343135	52.38092405435735088304
-4.68234117058529264455	52.22462893987352572367
-4.67033516758379185774	52.06693306928968212333
-4.65832916458229107093	51.90843013943397465937
-4.64632316158079028412	51.74970299790472694212
-4.63431715857928949731	51.59132018014901888137
-4.62231115557778871050	51.43383255897644090737
-4.61030515257628792369	51.27777013096555691618
-4.59829914957478713688	51.12363896338712976330
-4.58629314657328635008	50.97191832424469737362
-4.57428714357178556327	50.82305801682653623175
-4.56228114057028477646	50.67747593877882650304
-4.55027513756878398965	50.53555588415798638380
-4.53826913456728320284	50.39764560520939795651
-4.52626313156578330421	50.26405514876213942443
-4.51425712856428251740	50.13505548013745993785
-4.50225112556278173059	50.01087740535658809904
-4.49024512256128094378	49.89171080021611714983
-4.47823911955978015698	49.77770415249314339690
-4.46623311655827937017	49.66896442116438237235
-4.45422711355677858336	49.56555721409225157004
-4.44222111055527779655	49.46750728316418843633
-4.43021510755377700974	49.37479933338969573242
-4.41820910455227622293	49.28737913998121911163
-4.40620310155077543612	49.20515496499090346560
-4.39419709854927464932	49.12799926266458783175
-4.38219109554777386251	49.05575066032782416414
-4.37018509254627307570	48.98821619935530691237
-4.35817908954477228889	48.92517381861393488407
-4.34617308654327150208	48.86637506073050474242
-4.33416708354177071527	48.81154797963387892423
-4.32216108054026992846	48.76040022607727308923
-4.31015507753876914165	48.71262228627332291353
-4.29814907453726835485	48.66789084738881854264
-4.28614307153576756804	48.62587226245965155158
-4.27413706853426678123	48.58622608631267070223
-4.26213106553276599442	48.54860865332879171774
-4.25012506253126520761	48.51267666736073636002
-4.23811905952976530898	48.47809077383450215848
-4.22611305652826452217	48.44451908402259476816
-4.21410705352676373536	48.41164062168052595325
-4.20210105052526294855	48.37914866268823033124
-4.19009504752376216175	48.34675393903312112798
-4.17808904452226137494	48.31418767940847658338
-4.16608304152076058813	48.28120445987482867167
-4.15407703851925980132	48.24758483943499953739
-4.14207103551775901451	48.21313775699717751877
-4.13006503251625822770	48.17770266803289302970
-4.11805902951475744089	48.14115140126519776231
-4.10605302651325665408	48.10338971793212436978
-4.09404702351175586728	48.06435855854451943969
-4.08204102051025508047	48.02403496457812082099
-4.07003501750875429366	47.98243266518716865221
-4.05802901450725350685	47.93960232178037017547
-4.04602301150575272004	47.89563142613778268242
-4.03401700850425193323	47.85064385064595171571
-4.02201100550275114642	47.80479905216490976727
-4.01000500250125035961	47.75829093399036651135
-3.99799899949975001689	47.71134637331243766312
-3.98599299649824923009	47.66422342447447846325
-3.97398699349674844328	47.61720921117649396592
-3.96198099049524765647	47.57061752352339567551
-3.94997498749374686966	47.52478613846453470160
-3.93796898449224608285	47.48007388468418810135
-3.92596298149074529604	47.43685747536089536425
-3.91395697848924450923	47.39552813439456002698
-3.90195097548774372243	47.35648804368495490280
-3.88994497248624293562	47.32014664081403054752
-3.87793896948474259290	47.28691679802085445772
-3.86593296648324180609	47.25721091464672696247
-3.85392696348174101928	47.23143695625574878250
-3.84192096048024023247	47.20999447439147189698
-3.82991495747873944566	47.19327064140482264065
-3.81790895447723865885	47.18163633497505315972
-3.80590295147573787204	47.17544230683987649400
-3.79389694847423708524	47.17501546985193527917
-3.78189094547273629843	47.18065533678588963085
-3.76988494247123551162	47.19263064333809865047
-3.75787893946973472481	47.21117618649394387376
-3.74587293646823393800	47.23648990789472179586
-3.73386693346673315119	47.26873025002760897451
-3.72186093046523280847	47.30801381100079794351
-3.70985492746373202166	47.35441332136768011196
-3.69784892446223123486	47.40795596394547573027
-3.68584292146073044805	47.46862205485491870149
-3.67383691845922966124	47.53634410110996100229
-3.66183091545772887443	47.61100624703270511873
-3.64982491245622808762	47.69244411858372956203
-3.63781890945472730081	47.78044507140799623812
-3.62581290645322651400	47.87474884502769612027
-3.61380690345172572719	47.97504862219537358214
-3.60180090045022494039	48.08099248898037103572
-3.58979489744872415358	48.19218528772971410490
-3.57778889444722381086	48.30819085164934989507
-3.56578289144572302405	48.42853460642309215700
-3.55377688844422223724	48.55270652105315321023
-3.54177088544272145043	48.68016438699639536480
-3.52976488244122066362	48.81033740171207568892
-3.51775887943971987681	48.94263002995606370860
-3.50575287643821909001	49.07642611357876205602
-3.49374687343671830320	49.21109319823244021563
-3.48174087043521751639	49.34598704329116714007
-3.46973486743371672958	49.48045627945163005279
-3.45772886443221594277	49.61384717693506729574
-3.44572286143071515596	49.74550848596332741636
-3.43371685842921481324	49.87479631025016857393
-3.42171085542771402643	50.00107897364127751416
-3.40970485242621323962	50.12374183976177732802
-3.39769884942471245282	50.24219204459286203246
-3.38569284642321166601	50.35586310230095108409
-3.37368684342171087920	50.46421934538384590496
-3.36168084042021009239	50.56676016127316586335
-3.34967483741870930558	50.66302398893603253782
-3.33766883441720851877	50.75259204074024665942
-3.32566283141570773196	50.83509171687454397670
-3.31365682841420694515	50.91019968193389644284
-3.30165082541270615835	50.97764457587055630938
-3.28964482241120581563	51.03720933435552353785
-3.27763881940970502882	51.08873309666878270718
-3.26563281640820424201	51.13211268251618690783
-3.25362681340670345520	51.16730362262882181312
-3.24162081040520266839	51.19432073160925256161
-3.22961480740370188158	51.21323821521838937088
-3.21760880440220109477	51.22418930811526394109
-3.20560280140070030797	51.22736544193836039085
-3.19359679839919952116	51.22301494751810224670
-3.18159079539769873435	51.21144129890279828032
-3.16958479239619794754	51.19300091073119318708
-3.15757878939469716073	51.16810050426101952326
-3.14557278639319681801	51.13719406103172815392
-3.13356678339169603120	51.10077938666849917126
-3.12156078039019524439	51.05939431069396050589
-3.10955477738869445758	51.01361255137272365801
-3.09754877438719367078	50.96403927754468554667
-3.08554277138569288397	50.91130640207976654210
-3.07353676838419209716	50.85606764398465884369
-3.06153076538269131035	50.79899339828973126032
-3.04952476238119052354	50.74076545462204279602
-3.03751875937968973673	50.68207160681113521150
-3.02551275637818894992	50.62360019696503599107
-3.01350675337668816312	50.56603463818212418346
-3.00150075037518737631	50.51004796042414568547
-2.98949474737368703359	50.45629742405995443733
-2.97748874437218624678	50.40541924519906302748
-2.96548274137068545997	50.35802347616833429811
-2.95347673836918467316	50.31468908335099143869
-2.94147073536768388635	50.27595926311148133436
-2.92946473236618309954	50.24233703468452461038
-2.91745872936468231273	50.21428114672599463120
-2.90545272636318152593	50.19220233172489997742
-2.89344672336168073912	50.17645993967944662018
-2.88144072036017995231	50.16735897936895582916
-2.86943471735867916550	50.16514759223308317360
-2.85742871435717837869	50.17001498032706763297
-2.84542271135567803597	50.18208980608712721505
-2.83341670835417724916	50.20143907774473035488
-2.82141070535267646235	50.22806753020498149453
-2.80940470235117567555	50.26191750708737515652
-2.79739869934967488874	50.30286934545172528033
-2.78539269634817410193	50.35074226053346535537
-2.77338669334667331512	50.40529572362753896186
-2.76138069034517252831	50.46623132212410212105
-2.74937468734367174150	50.53319508664859682767
-2.73736868434217095469	50.60578026632801851292
-2.72536268134067016788	50.68353052942900660582
-2.71335667833916938108	50.76594356302443600271
-2.70135067533766903836	50.85247504197494095024
-2.68934467233616825155	50.94254293438984859677
-2.67733866933466746474	51.03553210788589211688
-2.66533266633316667793	51.13079919841679554793
-2.65332666333166589112	51.22767770122536035160
-2.64132066033016510431	51.32548324159127872690
-2.62931465732866431750	51.42351898153010836268
-2.61730865432716353070	51.52108111745487661892
-2.60530265132566274389	51.61746442305258142369
-2.59329664832416195708	51.71196779126019293926
-2.58129064532266117027	51.80389972925304675755
-2.56928464232116038346	51.89258376078214496374
-2.55727863931966004074	51.97736369101383502311
-2.54527263631815925393	52.05760869022790160443
-2.53326663331665846712	52.13271815430919531309
-2.52126063031515768031	52.20212630190945191089
-2.50925462731365689351	52.26530647044434374493
-2.49724862431215610670	52.32177507570517605018
-2.48524262131065531989	52.37109520278392693626
-2.47323661830915453308	52.41287979920809902978
-2.46123061530765374627	52.44679444463129414089
-2.44922461230615295946	52.47255967509592977649
-2.43721860930465217265	52.48995284374476000266
-2.42521260630315138584	52.49880950387363753862
-2.41320660330165104313	52.49902430435449218749
-2.40120060030015025632	52.49055139167880668083
-2.38919459729864946951	52.47340431714037123356
-2.37718859429714868270	52.44765545195518541277
-2.36518259129564789589	52.41343491736774495848
-2.35317658829414710908	52.37092904097987400291
-2.34117058529264632227	52.32037835462345043425
-2.32916458229114553546	52.26207515304627548858
-2.31715857928964474866	52.19636063645584300730
-2.30515257628814396185	52.12362166353606340863
-2.29314657328664317504	52.04428714488502549784
-2.28114057028514238823	51.95882410988895827586
-2.26913456728364160142	51.86773348282087425787
-2.25712856428214125870	51.77154560640839520147
-2.24512256128064047189	51.67081555323119346212
-2.23311655827913968508	51.56611826706687651267
-2.22111055527763889827	51.45804357768858494637
-2.20910455227613811147	51.34719113361629183601
-2.19709854927463732466	51.23416529792829265944
-2.18509254627313653785	51.11957005244357077345
-2.17308654327163575104	51.00400395538916598071
-2.16108054027013496423	50.88805519707004521024
-2.14907453726863417742	50.77229679706831433350
-2.13706853426713339061	50.65728198512329782943
-2.12506253126563260381	50.54353980609501917343
-2.11305652826413226109	50.43157098730859644320
-2.10105052526263147428	50.32184410413299957554
-2.08904452226113068747	50.21479207688776114082
-2.07703851925962990066	50.11080902911997725369
-2.06503251625812911385	50.01024753397778255248
-2.05302651325662832704	49.91341627185676799172
-2.04102051025512754023	49.82057811874248898221
-2.02901450725362675342	49.73194868075039209998
-2.01700850425212596662	49.64769528630809247716
-2.00500250125062517981	49.56793644327125747395
-1.99299649824912461504	49.35444802100377614806
-1.98099049524762382823	49.04743475138108266265
-1.96898449224612304143	48.74575725447711960214
-1.95697848924462225462	48.44926211413025640695
-1.94497248624312146781	48.15775429040690625015
-1.93296648324162090304	47.87100055008250620858
-1.92096048024012011624	47.58873320269837847718
-1.90895447723861932943	47.31065410157565054305
-1.89694847423711854262	47.03643886717097188921
-1.88494247123561775581	46.76574128858741374870
-1.87293646823411696900	46.49819785791720505586
-1.86093046523261640424	46.23343239139821037043
-1.84892446223111561743	45.97106069111388393367
-1.83691845922961483062	45.71069520115627682344
-1.82491245622811404381	45.45194961279548806488
-1.81290645322661325700	45.19444337424769742029
-1.80090045022511247019	44.93780606209201522461
-1.78889444722361190543	44.68168157323681555226
-1.77688844422211111862	44.42573209855611082730
-1.76488244122061033181	44.16964184188213948801
-1.75287643821910954500	43.91312045092243465660
-1.74087043521760875819	43.65590612983830709481
-1.72886443221610797139	43.39776840664336532427
-1.71685842921460740662	43.13851053221996778575
-1.70485242621310661981	42.87797149157169229738
-1.69284642321160583300	42.61602761189256227681
-1.68084042021010504619	42.35259375609909682225
-1.66883441720860425939	42.08762409460030085029
-1.65682841420710347258	41.82111245223230611145
-1.64482241120560290781	41.55309223141943419932
-1.63281640820410212100	41.28363591670215271279
-1.62081040520260133420	41.01285416975651543225
-1.60880440220110054739	40.74089452788251008997
-1.59679839919959976058	40.46793972262386063221
-1.58479239619809897377	40.19420563866724194213
-1.57278639319659840901	39.91993893642217017259
-1.56078039019509762220	39.64541436467598600757
-1.54877438719359683539	39.37093179242602758450
-1.53676838419209604858	39.09681299138928523007
-1.52476238119059526177	38.82339820276066433280
-1.51275637818909447496	38.55104252351686966449
-1.50075037518759368815	38.28011214893235347745
-1.48874437218609312339	38.01098050897665103776
-1.47673836918459233658	37.74402433689446922926
-1.46473236618309154977	37.47961970852848168079
-1.45272636318159076296	37.21813809083165836000
-1.44072036018008997615	36.95994243753796837382
-1.42871435717858918935	36.70538336912389354438
-1.41670835417708862458	36.45479547301357570177
-1.40470235117558783777	36.20849375846977125093
-1.39269634817408705096	35.96677029879322162742
-1.38069034517258626416	35.72989109134181262561
-1.36868434217108547735	35.49809316350556542830
-1.35667833916958469054	35.27158195015723407550
-1.34467233616808412577	35.05052896527102745949
-1.33266633316658333896	34.83506978739237069931
-1.32066033016508255216	34.62530237548192957320
-1.30865432716358176535	34.42128572837827249487
-1.29664832416208097854	34.22303889776024732328
-1.28464232116058019173	34.03054036107396740363
-1.27263631815907962697	33.84372775745562478278
-1.26063031515757884016	33.66249798626164846382
-1.24862431215607805335	33.48670766444653423832
-1.23661830915457726654	33.31617393573548469021
-1.22461230615307647973	33.15067562135757839314
-1.21260630315157569292	32.98995469906063249255
-1.20060030015007512816	32.83371809425301535157
-1.18859429714857434135	32.68163976443159413066
-1.17658829414707355454	32.53336305558561747375
-1.16458229114557276773	32.38850330703098734375
-1.15257628814407198092	32.24665067914943961114
-1.14057028514257119411	32.10737317679507896173
-1.12856428214107062935	31.97021983970131131514
-1.11655827913956984254	31.83472407008265392392
-1.10455227613806905573	31.70040706678532771434
-1.09254627313656826892	31.56678133480170700409
-1.08054027013506748212	31.43335423872628808795
-1.06853426713356669531	31.29963156879379937436
-1.05652826413206613054	31.16512108849643425401
-1.04452226113056534373	31.02933603342011537052
-1.03251625812906455693	30.89179853185764912382
-1.02051025512756377012	30.75204291893610886177
-1.00850425212606298331	30.60961891742146079309
-0.99649824912456230752	30.46409466001687604830
-0.98449224612306152071	30.31505952983260598899
-0.97248624312156073390	30.16212679775293992179
-0.96048024012006005812	30.00493603763667138651
-0.94847423711855927131	29.84315530263658544641
-0.93646823411705848450	29.67648304838652251192
-0.92446223111555780871	29.50464979135373155827
-0.91245622811405702191	29.32741949326505448425
-0.90045022511255623510	29.14459066515934537733
-0.88844422211105555931	28.95599718727028459853
-0.87643821910955477250	28.76150884357658554791
-0.86443221610805398569	28.56103157244510981627
-0.85242621310655330991	28.35450743731223610666
-0.84042021010505252310	28.14191432377636914453
-0.82841420710355173629	27.92326537178762890790
-0.81640820410205106050	27.69860815379930940594
-0.80440220110055027369	27.46802361177054763175
-0.79239619809904948688	27.23162476776445117821
-0.78039019509754881110	26.98955522455538513782
-0.76838419209604802429	26.74198747413131371786
-0.75637818909454723748	26.48912103324139621918
-0.74437218609304656169	26.23118042618718703807
-0.73236618309154577489	25.96841303588337979136
-0.72036018009004498808	25.70108684481633432029
-0.70835417708854431229	25.42948808790645642830
-0.69634817408704352548	25.15391883943419060188
-0.68434217108554273867	24.87469455612384905407
-0.67233616808404206289	24.59214159820006884161
-0.66033016508254127608	24.30659474974703826433
-0.64832416208104048927	24.01839475902116660677
-0.63631815907953981348	23.72788591850465778066
-0.62431215607803902667	23.43541370345571195344
-0.61230615307653823987	23.14132248652460432936
-0.60030015007503756408	22.84595334468101768266
-0.58829414707353677727	22.54964197325422503582
-0.57628814407203599046	22.25271672034226355663
-0.56428214107053531468	21.95549675321852234333
-0.55227613806903452787	21.65829036667379980940
-0.54027013506753374106	21.36139344149840724185
-0.52826413206603306527	21.06508805955263596843
-0.51625812906453227846	20.76964128011384502770
-0.50425212606303149165	20.47530408044448435589
-0.49224612306153076036	20.18231046181515253579
-0.48024012006003002906	19.89087672055908129209
-0.46823411705852924225	19.60120088214482336753
-0.45622811405702851095	19.31346229474888431810
-0.44422211105552777965	19.02782137740289769567
-0.43221610805402699285	18.74441951649405524449
-0.42021010505252626155	18.46337910322360542636
-0.40820410205102553025	18.18480370358573594558
-0.39619809904952474344	17.90877835152599573121
-0.38419209604802401214	17.63536995518021299745
-0.37218609304652328085	17.36462780548546191994
-0.36018009004502249404	17.09658417599696988987
-0.34817408704352176274	16.83125500243783534415
-0.33616808404202103144	16.56864063035225598242
-0.32416208104052024463	16.30872661922271049662
-0.31215607803901951334	16.05148459154376183733
-0.30015007503751878204	15.79687311561159290818
-0.28814407203601799523	15.54483861118317911121
-0.27613806903451726393	15.29531626767010621393
-0.26413206603301653264	15.04823096515164237985
-0.25212606303151574583	14.80349818920508297992
-0.24012006003001501453	14.56102493134911846084
-0.22811405702851425548	14.32071056776131534605
-0.21610805402701349642	14.08244770985315774681
-0.20410205102551276513	13.84612302124797267311
-0.19209604802401200607	13.61161799669653760247
-0.18009004502251124702	13.37880969946594156283
-0.16808404202101051572	13.14757145473565103089
-0.15607803901950975667	12.91777349751689563107
-0.14407203601800899762	12.68928357456296929229
-0.13206603301650826632	12.46196750064723346441
-0.12006003001500750726	12.23568967043932786964
-0.10805402701350674821	12.01031352799800622222
-0.09604802401200600304	11.78570199661088047094
-0.08404202101050525786	11.56171787233839509668
-0.07203601800900449881	11.33822418515437568942
-0.06003001500750375363	11.11508453201209434269
-0.04802401200600300152	10.89216338649873883071
-0.03601800900450224940	10.66932638996918392138
-0.02401200600300150076	10.44644062917046944960
-0.01200600300150075038	10.22337490538157211972
0.00000000000000000000	10.00000000000000000000
