0.00000000000000003891	10.00000000000000000000
0.00000000000000003891	10.00000000000000000000
-0.01697761037211200155	10.31590104242508054710
-0.01697761037211200155	10.31723462949030256652
-0.05311512065283000017	10.99696402613201229315
-0.05311512065283000017	11.00169540820224156619
-0.09999999999981500076	11.89515142114197843171
-0.09999999999981500076	11.90463880575780386550
-0.14688487934680000135	12.81173390497812825117
-0.14688487934680000135	12.82585499437379006338
-0.18302238962751998796	13.53851889147252052226
-0.18302238962751998796	13.55561956134418011288
-0.19999999999963000152	13.90361910193949057657
-0.19999999999963000152	13.92114506561406983565
-0.19999999999963000152	13.93792306758458998672
-0.19999999999963000152	13.95387915221990304815
-0.21697761037172999532	14.30588606263602180491
-0.21697761037172999532	14.32129663235325445214
-0.25311512065241997815	15.05787704914540015011
-0.25311512065241997815	15.07368522213853445635
-0.29999999999936999284	16.03105398586650309767
-0.29999999999936999284	16.04755754774830123210
-0.34688487934632000753	17.01070505192273074613
-0.34688487934632000753	17.02783681785486535887
-0.38302238962702001013	17.77812858762618475339
-0.38302238962702001013	17.79573295999837867498
-0.39999999999912000392	18.15932156508225503444
-0.39999999999912000392	18.17723205076236681066
-0.39999999999912000392	18.19521022706364377086
-0.39999999999912000392	18.21342744714945638407
-0.41697761037121000571	18.58142323847838284223
-0.41697761037121000571	18.60130885429981972834
-0.45311512065189002429	19.36896599291576492874
-0.45311512065189002429	19.39181867182855967258
-0.49999999999881999946	20.38948842255487647890
-0.49999999999881999946	20.41592897104260018182
-0.54688487934576002214	21.42199991775529355209
-0.54688487934576002214	21.45160042135698219568
-0.58302238962644004072	22.23981456435310022357
-0.58302238962644004072	22.27092592166591700220
-0.59999999999853004251	22.65947062086413765769
-0.59999999999853004251	22.68945593781799274780
-0.59999999999853004251	22.71776191947158096696
-0.59999999999853004251	22.74392972400293899682
-0.61697761037063003631	23.12877241253876903215
-0.61697761037063003631	23.14989014457031402117
-0.65311512065131005489	23.93869999220643052240
-0.65311512065131005489	23.95312680079247158460
-0.69999999999824003005	24.96538109495364565760
-0.69999999999824003005	24.97081431653046834640
-0.74688487934517999722	25.97355178540214382110
-0.74688487934517999722	25.96761587919153768667
-0.78302238962586001580	26.72765404431055458190
-0.78302238962586001580	26.70881149202156379374
-0.79999999999795001759	27.04553732013803468703
-0.79999999999795001759	27.01390863294150435081
-0.79999999999795001759	26.97654487302493819811
-0.79999999999795001759	26.93387861086528545229
-0.81697761037005001139	27.24479461464149920857
-0.81697761037005001139	27.19206802403166989279
-0.85311512065073002997	27.89371804383125308391
-0.85311512065073002997	27.83192443624712453243
-0.89999999999766999714	28.74443417354954988241
-0.89999999999766999714	28.67553641819769083554
-0.94688487934460996431	29.57538926116965782853
-0.94688487934460996431	29.50273405349796007613
-0.98302238962528998290	30.17295628493463510722
-0.98302238962528998290	30.10109574024843226425
-0.99999999999738997669	30.37827713517658168030
-0.99999999999738997669	30.31218954226734751956
-0.99999999999738997669	30.25067801807803746783
-0.99999999999738997669	30.19432287698346684124
-1.01697761036959999359	30.48558302470229008918
-1.01697761036959999359	30.44006896037378240294
-1.05311512065050005837	31.12579246616165207229
-1.05311512065050005837	31.09183545448485475049
-1.09999999999760000868	32.00229330910075020711
-1.09999999999760000868	31.98049713678385330695
-1.14688487934480010111	32.90138978213726517197
-1.14688487934480010111	32.89174885731883790640
-1.18302238962569994385	33.60909032141636032520
-1.18302238962569994385	33.61046117340320193989
-1.19999999999790007976	33.95534350292398073634
-1.19999999999790007976	33.96522287935870565434
-1.19999999999790007976	33.97805258597152544553
-1.19999999999790007976	33.99291235665412358458
-1.21697761037009999363	34.34853880760242361703
-1.21697761037009999363	34.36486069491825645628
-1.25311512065100005842	35.10435034516901708912
-1.25311512065100005842	35.11858175330365128275
-1.29999999999819992880	36.07040417935417053741
-1.29999999999819992880	36.07882200574159980988
-1.34688487934540002122	37.02354735773052141212
-1.34688487934540002122	37.02248540592593428755
-1.38302238962619994389	37.74041017855953583648
-1.38302238962619994389	37.72679353248562961198
-1.39999999999840007980	38.04639046008985303615
-1.39999999999840007980	38.01837183503707962018
-1.39999999999840007980	37.98296922788965446216
-1.39999999999840007980	37.94017448726614816223
-1.41697761037059999367	38.22832278183099674607
-1.41697761037059999367	38.17051686289356382531
-1.45311512065150005846	38.82272594160490797321
-1.45311512065150005846	38.75001207447765239067
-1.49999999999869992884	39.59646189301228247359
-1.49999999999869992884	39.50984742271062089003
-1.54688487934590002126	40.33805671946905846426
-1.54688487934590002126	40.23987241414202742362
-1.58302238962680008605	40.84262988031944985323
-1.58302238962680008605	40.73665818525749671153
-1.59999999999890007985	40.95784843593720836452
-1.59999999999890007985	40.84900965401003247734
-1.59999999999890007985	40.74073614898005502027
-1.59999999999890007985	40.63395075966423064528
-1.61697761037109999371	40.85348529447891507971
-1.61697761037109999371	40.75119782326662232208
-1.65311512065200005850	41.33797632392882093200
-1.65311512065200005850	41.24231875000665326070
-1.69999999999919992888	42.03563199705613584456
-1.69999999999919992888	41.94902675214530773928
-1.74688487934640002130	42.74797006196372706199
-1.74688487934640002130	42.67295280530348833281
-1.78302238962730008609	43.27987324698455751104
-1.78302238962730008609	43.21864584500340811246
-1.79999999999949999996	43.48102185420143683814
-1.79999999999949999996	43.43493903723477700396
-1.79999999999949999996	43.39656357156442112455
-1.79999999999949999996	43.36567376674492635402
-1.81697761037169991383	43.65645303898656948149
-1.81697761037169991383	43.63941483337262638997
-1.85311512065250005854	44.29767995694415816388
-1.85311512065250005854	44.29301924966673453810
-1.89999999999969992892	45.16163655925227260468
-1.89999999999969992892	45.16785464288849993864
-1.94688487934690002135	46.04685764511516765651
-1.94688487934690002135	46.06234211894314256597
-1.98302238962780008613	46.75135530836708142033
-1.98302238962780008613	46.77438518581854509648
-2.00000000000000000000	47.11546365981305228843
-2.00000000000000000000	47.14435678818653485678
-2.00000000000000000000	47.17563278339095234060
-2.00000000000000000000	47.20909934252759398987
-2.01697761037210021584	47.24465225846093119344
-2.01697761037210021584	47.28227860193167941816
-2.05311512065290013851	47.32205762339282983930
-2.05311512065290013851	47.36415933893484009332
-2.10000000000000008882	47.40884081699338281624
-2.10000000000000008882	47.45644023576242176432
-2.14688487934700011905	47.50736883406241162220
-2.14688487934700011905	47.56210092948056455953
-2.18302238962780004172	47.62116222553691358144
-2.18302238962780004172	47.68511667309235235734
-2.19999999999989981347	47.75455218892671638287
-2.19999999999989981347	47.83006556521132068838
-2.19999999999989981347	47.91224692646474636604
-2.19999999999989981347	48.00166410468531097422
-2.21697761037200002932	48.09884730808948205549
-2.21697761037200002932	48.20427445389137943721
-2.25311512065279995198	48.31835752073975243093
-2.25311512065279995198	48.44143025197214313948
-2.29999999999979998222	48.57373750722096872323
-2.29999999999979998222	48.71542651786359812149
-2.34688487934680001246	48.86654025236468612547
-2.34688487934680001246	49.02701304197460530077
-2.38302238962750001505	49.19666855699594520956
-2.38302238962750001505	49.37522016055955731417
-2.39999999999959978680	49.56227360233910417264
-2.39999999999959978680	49.75733195073469516956
-2.39999999999959978680	49.95980260065176281614
-2.39999999999959978680	50.16900613693695021311
-2.41697761037170000264	50.38418678256389426906
-2.41697761037170000264	50.60452411739760947285
-2.45311512065240000524	50.82914571921305935120
-2.45311512065240000524	51.05714035476237455669
-2.49999999999940003548	51.28757133594310602120
-2.49999999999940003548	51.51948965506202426923
-2.54688487934640006571	51.75194652401094685956
-2.54688487934640006571	51.98400496470558351803
-2.58302238962710006831	52.21475013185379765446
-2.58302238962710006831	52.44329809312640122698
-2.59999999999919984006	52.66880284487513108616
-2.59999999999919984006	52.89046140214719571304
-2.59999999999919984006	53.10751686808612959112
-2.59999999999919984006	53.31925945787374843121
-2.61697761037139997597	53.52502552399080570922
-2.61697761037139997597	53.72419470049661782696
-2.65311512065219989864	53.91618535196938921672
-2.65311512065219989864	54.10044857547817542809
-2.69999999999929984895	54.27646105936136677883
-2.69999999999929984895	54.44371714874155543384
-2.74688487934639979926	54.60172050294149670435
-2.74688487934639979926	54.74997575291850182566
-2.78302238962720016602	54.88798057650366502003
-2.78302238962720016602	55.01521860501319594050
-2.79999999999929993777	55.13115355651321181085
-2.79999999999929993777	55.23522495892732564471
-2.79999999999929993777	55.32684578097928351781
-2.79999999999929993777	55.40540223179029055700
-2.81697761037150007368	55.47025592233202218040
-2.81697761037150007368	55.52074850576513398437
-2.85311512065229999635	55.55620883117075692326
-2.85311512065229999635	55.57596255876148205743
-2.89999999999939994666	55.57934409696635214004
-2.89999999999939994666	55.56571063554999767575
-2.94688487934639997690	55.53445796689454283523
-2.94688487934639997690	55.48503771242185678148
-2.98302238962719989956	55.41697550539079486498
-2.98302238962719989956	55.32988962726264503544
-2.99999999999940003548	55.22350955447714682123
-2.99999999999940003548	55.09769384743261610993
-2.99999999999940003548	54.95244680490154820518
-2.99999999999940003548	54.78793331574176761478
-3.01697761037149980723	54.60449136578628781535
-3.01697761037149980723	54.40264170088925510527
-3.05311512065230017399	54.18309420642901841347
-3.05311512065230017399	53.94675063777270906940
-3.09999999999940012430	53.69470342346627234065
-3.09999999999940012430	53.42823036097784239473
-3.14688487934650007460	53.14878513107085211686
-3.14688487934650007460	52.85798366840116813137
-3.18302238962729999727	52.55758653959110660026
-3.18302238962729999727	52.24947759258059676313
-3.19999999999940021311	51.93563924921247121347
-3.19999999999940021311	51.61812491356364773765
-3.19999999999940021311	51.29902905844260629920
-3.19999999999940021311	50.98045562894979099156
-3.21697761037149998486	50.66448546260079410786
-3.21697761037149998486	50.35314346822461573083
-3.25311512065219998746	50.04836632914037863884
-3.25311512065219998746	49.75197149899680226781
-3.29999999999920001770	49.46562824071477137977
-3.29999999999920001770	49.19083142038720524170
-3.34688487934610012786	48.92887870954227480524
-3.34688487934610012786	48.68085177222702242261
-3.38302238962680013046	48.44760191983014152584
-3.38302238962680013046	48.22974060884324387644
-3.39999999999889990221	48.02763503770259490011
-3.39999999999889990221	47.84140897165470818209
-3.39999999999889990221	47.67094879271090945849
-3.39999999999889990221	47.51591463882466825908
-3.41697761037100011805	47.37575636612992724395
-3.41697761037100011805	47.24973394406040227977
-3.45311512065160020057	47.13694177891907344247
-3.45311512065160020057	47.03633636021694286455
-3.49999999999849986665	46.94676653873420235641
-3.49999999999849986665	46.86700567821826979298
-3.54688487934539997681	46.79578487585618518096
-3.54688487934539997681	46.73182642150407417603
-3.58302238962600005934	46.67387666287346803529
-3.58302238962600005934	46.62073746357385317651
-3.59999999999809983109	46.57129548255934992085
-3.59999999999809983109	46.52454856596283860881
-3.59999999999809983109	46.47962862376070347636
-3.59999999999809983109	46.43582046188640788387
-3.61697761037020004693	46.39257615250982524913
-3.61697761037020004693	46.34952464802874061434
-3.65311512065080012945	46.30647647437961467176
-3.65311512065080012945	46.26342347286027489872
-3.69999999999769979553	46.22053369296696700985
-3.69999999999769979553	46.17814166799473696301
-3.74688487934459990569	46.13673442667585788968
-3.74688487934459990569	46.09693370451130078891
-3.78302238962519998822	46.05947491459900788868
-3.78302238962519998822	46.02518351701966992096
-3.79999999999730020406	45.99494948605342869996
-3.79999999999730020406	45.96970061408383401158
-3.79999999999730020406	45.95037540903111050739
-3.79999999999730020406	45.93789633821762663501
-3.81697761036939997581	45.93314414603089801403
-3.81697761036939997581	45.93693392657707619264
-3.85311512065000005833	45.94999356728452966081
-3.85311512065000005833	45.97294509725614375384
-3.89999999999700008857	46.00628937770625270787
-3.89999999999700008857	46.05039446409330139431
-3.94688487934390019873	46.10548785392958137663
-3.94688487934390019873	46.17165271428898876138
-3.98302238962449983717	46.24882806242166566335
-3.98302238962449983717	46.33681275529451681905
-3.99999999999660005301	46.43527303286270324634
-3.99999999999660005301	46.54375325876668512137
-3.99999999999660005301	46.66168941394025182490
-3.99999999999660005301	46.78842482588534323895
-4.01697761036870026885	46.92322756120012172687
-4.01697761036870026885	47.06530887285733655290
-4.05311512064950019152	47.21384207763480844733
-4.05311512064950019152	47.36798124328154813156
-4.09999999999659969774	47.52687908910508696181
-4.09999999999659969774	47.68970354670693723165
-4.14688487934370009214	47.85565248799900928134
-4.14688487934370009214	48.02396620328881482465
-4.18302238962450001480	48.19393730053567992400
-4.18302238962450001480	48.36491779487364084389
-4.19999999999660023065	48.53632326189261902982
-4.19999999999660023065	48.70763403549988623809
-4.19999999999660023065	48.87839353789885166179
-4.19999999999660023065	49.04820393180312265713
-4.21697761036879992247	49.21671938007484925492
-4.21697761036879992247	49.38363728241269257069
-4.25311512064959984514	49.54868792974040303534
-4.25311512064959984514	49.71162307222510179372
-4.29999999999670023954	49.87220393456208711314
-4.29999999999670023954	50.03018923104785642408
-4.34688487934379974575	50.18532373238758026446
-4.34688487934379974575	50.33732791614276891323
-4.38302238962459966842	50.48588919385153417352
-4.38302238962459966842	50.63065515139572170256
-4.39999999999669988426	50.77122916697521759488
-4.39999999999669988426	50.90716868542810402687
-4.39999999999669988426	51.03798633140588236756
-4.39999999999669988426	51.16315394023345675123
-4.41697761036889957609	51.28210947757523996415
-4.41697761036889957609	51.39426671086287257140
-4.45311512064970038693	51.49902739042961741234
-4.45311512064970038693	51.59579559997528974691
-4.49999999999670041717	51.68399384769915627658
-4.49999999999670041717	51.76308039423341256224
-4.54688487934379992339	51.83256725403501974370
-4.54688487934379992339	51.89203826531379348808
-4.58302238962459984606	51.94116660149602182628
-4.58302238962459984606	51.97973109563988458603
-4.59999999999680042606	52.00763076847608346043
-4.59999999999680042606	52.02489699052384963807
-4.59999999999680042606	52.03170276804760163714
-4.59999999999680042606	52.02836871985562083864
-4.61697761036889975372	52.01536540489235704854
-4.61697761036889975372	51.99331176650787966764
-4.65311512064969967639	51.96296957502392643846
-4.65311512064969967639	51.92523387223053532580
-4.69999999999680007079	51.88111954597237485132
-4.69999999999680007079	51.83174428612692707929
-4.74688487934389957701	51.77830829113906219163
-4.74688487934389957701	51.72207120307582073337
-4.78302238962470038786	51.66432684535544694882
-4.78302238962470038786	51.60637641768612837723
-4.79999999999690007968	51.54950086457521507555
-4.79999999999690007968	51.49493317483125309764
-4.79999999999690007968	51.44383138818525225133
-4.79999999999690007968	51.39725308058093844465
-4.81697761036900029552	51.35613207160794502215
-4.81697761036900029552	51.32125804647636613254
-4.85311512064980021819	51.29325971206845480310
-4.85311512064980021819	51.27259201384482878439
-4.89999999999689972441	51.25952783025234538172
-4.89999999999689972441	51.25415443686048888594
-4.94688487934400011881	51.25637489729810170047
-4.94688487934400011881	51.26591439609490663543
-4.98302238962480004147	51.28233138392867118682
-4.98302238962480004147	51.30503326284505760668
-4.99999999999699973330	51.33329620205863363935
-4.99999999999699973330	51.36628854813762501408
-4.99999999999699973330	51.40309718064235511292
-4.99999999999699973330	51.44275606917215526437
-5.01697761036909994914	51.48427621333632941969
-5.01697761036909994914	51.52667609587687991279
-5.05311512064989987181	51.56901175284899352391
-5.05311512064989987181	51.61040556450136307376
-5.09999999999700026621	51.65007289662469247560
-5.09999999999700026621	51.68734577420672593462
-5.14688487934409977242	51.72169284602942695983
-5.14688487934409977242	51.75273499841040347746
-5.18302238962489969509	51.78025609597719380872
-5.18302238962489969509	51.80420846390516231850
-5.19999999999710027510	51.82471287565414996834
-5.19999999999710027510	51.84205296869550494421
-5.19999999999710027510	51.85666417351916379630
-5.19999999999710027510	51.86911740367224155079
-5.21697761036919960276	51.88009791199331743883
-5.21697761036919960276	51.89037986596357399094
-5.25311512065000041360	51.90079732882740870537
-5.25311512065000041360	51.91221244884152952181
-5.29999999999709991982	51.92548175317773484494
-5.29999999999709991982	51.94142151270842333588
-5.34688487934420031422	51.96077318690258550760
-5.34688487934420031422	51.98416997285939800122
-5.38302238962500023689	52.01210546840872694929
-5.38302238962500023689	52.04490541633560241053
-5.39999999999709956455	52.08270342608333436374
-5.39999999999709956455	52.12542147249947532828
-5.39999999999709956455	52.17275585080602695598
-5.39999999999709956455	52.22416912617892847948
-5.41697761036930014455	52.27888845888740831924
-5.41697761036930014455	52.33591051613915823282
-5.45311512065010006722	52.39401300423944718432
-5.45311512065010006722	52.45177267428184819664
-5.49999999999719957344	52.50758947632652962056
-5.49999999999719957344	52.55971636583502970552
-5.54688487934429996784	52.60629410678399864310
-5.54688487934429996784	52.64539027283046834782
-5.58302238962509989051	52.67504152516274729123
-5.58302238962509989051	52.69329814670722100800
-5.59999999999720010635	52.69826973998618058204
-5.59999999999720010635	52.68817095221661617188
-5.59999999999720010635	52.66136607750050302457
-5.59999999999720010635	52.61641140265236060714
-5.61697761036939979817	52.55209420997208269455
-5.61697761036939979817	52.46746742590541146001
-5.65311512065019972084	52.36187900705455433581
-5.65311512065019972084	52.23499528168404992812
-5.69999999999730011524	52.08681761233132334610
-5.69999999999730011524	51.91769190943387002335
-5.74688487934439962146	51.72831070262882491306
-5.74688487934439962146	51.51970766084344433011
-5.78302238962520043231	51.29324463955477853006
-5.78302238962520043231	51.05059151867630617971
-5.79999999999729975997	50.79369927252671601536
-5.79999999999729975997	50.52476687956677636748
-5.79999999999729975997	50.24620282971036999697
-5.79999999999729975997	49.96058211714252905722
-5.81697761036950033997	49.67059971339327972828
-5.81697761036950033997	49.37902159625513576202
-5.85311512065030026264	49.08863446305095834532
-5.85311512065030026264	48.80219528058272970839
-5.89999999999739976886	48.52238181844165154644
-5.89999999999739976886	48.25174527765620524633
-5.94688487934439979909	47.99266606409805291378
-5.94688487934439979909	47.74731366759586848048
-5.98302238962519972176	47.51761149594459254786
-5.98302238962519972176	47.30520738116003798268
-5.99999999999740030177	47.11145032714078695335
-5.99999999999740030177	46.93737390747924109746
-5.99999999999740030177	46.78368655390966068808
-5.99999999999740030177	46.65076880434171613388
-6.01697761036959999359	46.53867740918003903516
-6.01697761036959999359	46.44715603014682869798
-6.05311512065039991626	46.37565211135640197426
-6.05311512065039991626	46.32333936184996758811
-6.09999999999739994649	46.28914516565727410580
-6.09999999999739994649	46.27178213264876660560
-6.14688487934450034089	46.26978292331396858117
-6.14688487934450034089	46.28153742482441401762
-6.18302238962530026356	46.30533132529431128432
-6.18302238962530026356	46.33938512830807354703
-6.19999999999749995538	46.38189267010393734836
-6.19999999999749995538	46.43105824616800703097
-6.19999999999749995538	46.48513152064431608324
-6.19999999999749995538	46.54243947856788565787
-6.21697761036960017123	46.60141478463967246171
-6.21697761036960017123	46.66062002983312595461
-6.25311512065040009389	46.71876747498478721354
-6.25311512065040009389	46.77473403490166248275
-6.29999999999749960011	46.82757138354364201405
-6.29999999999749960011	46.87651119665111565382
-6.34688487934459999451	46.92096567904881965205
-6.34688487934459999451	46.96052364625453634517
-6.38302238962539991718	46.99494254076316224200
-6.38302238962539991718	47.02413685967285772449
-6.39999999999759960900	47.04816354985515403087
-6.39999999999759960900	47.06720498785883677328
-6.39999999999759960900	47.08155020296014470205
-6.39999999999759960900	47.09157502260340066869
-6.41697761036969982484	47.09772181988533645836
-6.41697761036969982484	47.10047952327611398005
-6.45311512065049974751	47.10036451054750017420
-6.45311512065049974751	47.09790295351213984532
-6.49999999999760014191	47.09361510973684517012
-6.49999999999760014191	47.08800197433179590689
-6.54688487934469964813	47.08153461199251665903
-6.54688487934469964813	47.07464638965822700811
-6.58302238962549957080	47.06772822654977517232
-6.58302238962549957080	47.06112687410051620418
-6.59999999999770015080	47.05514613647493860071
-6.59999999999770015080	47.05005084592043829161
-6.59999999999770015080	47.04607331883093479519
-6.59999999999770015080	47.04342194053302961265
-6.61697761036980036664	47.04229146149307894120
-6.61697761036980036664	47.04287453653245165697
-6.65311512065060028931	47.04537400292820592540
-6.65311512065060028931	47.05001537369290076640
-6.69999999999769979553	47.05705901911777999658
-6.69999999999769979553	47.06681152259663747373
-6.74688487934480018993	47.07963572513553884846
-6.74688487934480018993	47.09595901567984554958
-6.78302238962560011259	47.11627947995440024442
-6.78302238962560011259	47.14116958708225268992
-6.79999999999770032844	47.17127716871716813785
-6.79999999999770032844	47.20732352748545679333
-6.79999999999770032844	47.25009859774007736632
-6.79999999999770032844	47.30045316947841627098
-6.81697761036990002026	47.35928827327117573986
-6.81697761036990002026	47.42754190777947798097
-6.85311512065069994293	47.50617336963522063797
-6.85311512065069994293	47.59614551606481569479
-6.89999999999780033733	47.69840535184830798698
-6.89999999999780033733	47.81386338252288226158
-6.94688487934489984355	47.94337221399673154565
-6.94688487934489984355	48.08770490412609177611
-6.98302238962569976621	48.24753358388396407008
-6.98302238962569976621	48.42340886444203817973
-6.99999999999779998205	48.61574053208408230375
-6.99999999999779998205	48.82478000599793688252
-6.99999999999779998205	49.05060499559249365120
-6.99999999999779998205	49.29310674526951885355
-7.01697761036999967388	49.55198019699610512134
-7.01697761036999967388	49.82671733620279752586
-7.05311512065079959655	50.11660391624354815576
-7.05311512065079959655	50.42071968274515825215
-7.09999999999789999094	50.73794214352479770014
-7.09999999999789999094	51.06695385422292332578
-7.14688487934500038534	51.40625311617186099511
-7.14688487934500038534	51.75416791297350016521
-7.18302238962580030801	52.10887284731293789264
-7.18302238962580030801	52.46840878102543115347
-7.19999999999789963567	52.83070483048750531907
-7.19999999999789963567	53.19360232691307999175
-7.19999999999789963567	53.55488031775787760580
-7.19999999999789963567	53.91228216157804808972
-7.21697761037010021568	54.26354275451870989855
-7.21697761037010021568	54.60641592205946892591
-7.25311512065090013834	54.93870151443340432706
-7.25311512065090013834	55.25827175778355382363
-7.29999999999799964456	55.56309643497426264958
-7.29999999999799964456	55.85126649923610386850
-7.34688487934510003896	56.12101575957981225429
-7.34688487934510003896	56.37074031816878516565
-7.38302238962589996163	56.59901548553867911551
-7.38302238962589996163	56.80460994861834223002
-7.39999999999800017747	56.98649701786365540102
-7.39999999999800017747	57.14386283241546493628
-7.39999999999800017747	57.27611145503528433665
-7.39999999999800017747	57.38286684072484433727
-7.41697761037019986929	57.46397171354582411595
-7.41697761037019986929	57.51948343446439082527
-7.45311512065099979196	57.54966698838880745370
-7.45311512065099979196	57.55498526038631723623
-7.49999999999799982220	57.53608680889597337682
-7.49999999999799982220	57.49379137723347810152
-7.54688487934510021660	57.42907341353726025091
-7.54688487934510021660	57.34304389334407403567
-7.58302238962590013927	57.23693075808954233707
-7.58302238962590013927	57.11205829695560254322
-7.59999999999809983109	56.96982580863796385984
-7.59999999999809983109	56.81168588383566486755
-7.59999999999809983109	56.63912264866398516006
-7.59999999999809983109	56.45363030388799074899
-7.61697761037020004693	56.25669228502017915616
-7.61697761037020004693	56.04976135410305460027
-7.65311512065099996960	55.83424091560967639225
-7.65311512065099996960	55.61146782657139198136
-7.69999999999810036400	55.38269694503904361227
-7.69999999999810036400	55.14908763158683058236
-7.74688487934519987022	54.91169238609762714987
-7.74688487934519987022	54.67144776688321883285
-7.78302238962599979288	54.42916770169242113298
-7.78302238962599979288	54.18553926079177074371
-7.79999999999820037289	53.94112092156115778607
-7.79999999999820037289	53.69634331247340952586
-7.79999999999820037289	53.45151238251308001281
-7.79999999999820037289	53.20681490066907315395
-7.81697761037029970055	52.96232614977940755807
-7.81697761037029970055	52.71801964041387122961
-7.85311512065109962322	52.47377863436823020038
-7.85311512065109962322	52.22940923443061222997
-7.89999999999820001761	51.98465476807294294304
-7.89999999999820001761	51.73921116829275490545
-7.94688487934530041201	51.49274303560615351216
-7.94688487934530041201	51.24490005172673789957
-7.98302238962610033468	50.99533340821911764351
-7.98302238962610033468	50.74371191274616421651
-7.99999999999830002650	50.48973744166141131018
-7.99999999999830002650	50.23315942072056827783
-7.99999999999830002650	49.97378803552898318685
-7.99999999999830002650	49.71150589977661127250
-8.01697761037040024235	49.44627794194089176472
-8.01697761037040024235	49.17815930939978130709
-8.05311512065119927684	48.90730113206843299167
-8.05311512065119927684	48.63395403488193835528
-8.09999999999829967123	48.35846933868712227422
-8.09999999999829967123	48.08129794125888167855
-8.14688487934540006563	47.80298692301373364444
-8.14688487934540006563	47.52417397428830270201
-8.18302238962620087648	47.24557979149041386790
-8.18302238962620087648	46.96799863672880093191
-8.19999999999840056830	46.69228729844267178350
-8.19999999999840056830	46.41935272792201772063
-8.19999999999840056830	46.15013865738605858269
-8.19999999999840056830	45.88561152857211311584
-8.21697761037050078414	45.62674607586056652053
-8.21697761037050078414	45.37451091430713745467
-8.25311512065129981863	45.12985448028292267963
-8.25311512065129981863	44.89369166068486549648
-8.29999999999840021303	44.66689142607476270541
-8.29999999999840021303	44.45026575408233782127
-8.34688487934550060743	44.24456009265990275026
-8.34688487934550060743	44.05044556922506160390
-8.38302238962629964192	43.86851310250472835151
-8.38302238962629964192	43.69926952031006095467
-8.39999999999839985776	43.54313572998618298016
-8.39999999999839985776	43.40044693045928880792
-8.39999999999839985776	43.27145479727548149640
-8.39999999999839985776	43.15633151643942255760
-8.41697761037059954958	43.05517549083131711996
-8.41697761037059954958	42.96801849604625544998
-8.45311512065140036043	42.89483402207104489889
-8.45311512065140036043	42.83554650453093870510
-8.49999999999850075483	42.79004112533147008435
-8.49999999999850075483	42.75817384817408850495
-8.54688487934559937287	42.73978135014921519996
-8.54688487934559937287	42.73469051662466711150
-8.58302238962640018372	42.74272718286526639986
-8.58302238962640018372	42.76372383184491354768
-8.59999999999850039956	42.79752599285190228784
-8.59999999999850039956	42.84399712876069088452
-8.59999999999850039956	42.90302185000960122352
-8.59999999999850039956	42.97450734891781110036
-8.61697761037070009138	43.05838300734422574578
-8.61697761037070009138	43.15459819204654934310
-8.65311512065149912587	43.26311831356368742263
-8.65311512065149912587	43.38391928411402886923
-8.69999999999859952027	43.51698056599668973377
-8.69999999999859952027	43.66227705251019841626
-8.74688487934569991467	43.81977006681258757226
-8.74688487934569991467	43.98939779898098123567
-8.78302238962650072551	44.17106552657494944469
-8.78302238962650072551	44.36463597833360950062
-8.79999999999859916500	44.56992020362863371474
-8.79999999999859916500	44.78666930167915438687
-8.79999999999859916500	45.01456734438971096779
-8.79999999999859916500	45.25322579543711043470
-8.81697761037080063318	45.50217968669118562275
-8.81697761037080063318	45.76088576232747584527
-8.85311512065159966767	46.02872274249458683926
-8.85311512065159966767	46.30499379381927127497
-8.89999999999870006206	46.58893122526593799648
-8.89999999999870006206	46.87970335697406198960
-8.94688487934569920412	47.17642343883787248160
-8.94688487934569920412	47.47816042696263139078
-8.98302238962650001497	47.78395136189927683290
-8.98302238962650001497	48.09281503479076036456
-8.99999999999869970679	48.40376657816912597809
-8.99999999999869970679	48.71583257880563166964
-8.99999999999869970679	49.02806628214641904151
-8.99999999999869970679	49.33956244254679290862
-9.01697761037089939862	49.64947137146971556376
-9.01697761037089939862	49.95701174737103400503
-9.05311512065170020946	50.26148177608049394394
-9.05311512065170020946	50.56226832862048325978
-9.09999999999869935152	50.85885373369767847862
-9.09999999999869935152	51.15081996329024605075
-9.14688487934579974592	51.43785002021899543934
-9.14688487934579974592	51.71972641441573870225
-9.18302238962660055677	51.99632669761157899302
-9.18302238962660055677	52.26761611200031154567
-9.19999999999880024859	52.53363749459942511066
-9.19999999999880024859	52.79449866299771088052
-9.19999999999880024859	53.05035758743125029469
-9.19999999999880024859	53.30140572625553829766
-9.21697761037090046443	53.54784996464091761936
-9.21697761037090046443	53.78989364771165071488
-9.25311512065169949892	54.02771723768098866003
-9.25311512065169949892	54.26145914846649986885
-9.29999999999879989332	54.49119731986690595704
-9.29999999999879989332	54.71693208613904602089
-9.34688487934590028772	54.93857087068492006665
-9.34688487934590028772	55.15591519995389546693
-9.38302238962669932221	55.36865047645156323597
-9.38302238962669932221	55.57633888422130752360
-9.39999999999890079039	55.77841572202769526712
-9.39999999999890079039	55.97418937177376108139
-9.39999999999890079039	56.16284501477887403098
-9.39999999999890079039	56.34345210901302891671
-9.41697761037099922987	56.51497553896864900480
-9.41697761037099922987	56.67629024937692605590
-9.45311512065180004072	56.82619907726397201486
-9.45311512065180004072	56.96345340663408762794
-9.49999999999890043512	57.08677618894223826373
-9.49999999999890043512	57.19488680281525461169
-9.54688487934600082951	57.28652717023595641876
-9.54688487934600082951	57.36048850528203502108
-9.58302238962679986400	57.41563804675990212445
-9.58302238962679986400	57.45094511848523666231
-9.59999999999899955583	57.46550587084679051486
-9.59999999999899955583	57.45856608446731428330
-9.59999999999899955583	57.42954146057407882608
-9.59999999999899955583	57.37803488196994550208
-9.61697761037109977167	57.30385020167256016066
-9.61697761037109977167	57.20700220138668612435
-9.65311512065190058252	57.08772245667601907826
-9.65311512065190058252	56.94646094741712261111
-9.69999999999899920056	56.78388335805901476760
-9.69999999999899920056	56.60086411947133200329
-9.74688487934609959495	56.39847534979800514066
-9.74688487934609959495	56.17797195284961730977
-9.78302238962690040580	55.94077322640611527049
-9.78302238962690040580	55.68844141681609016814
-9.79999999999900062164	55.42265772820710623137
-9.79999999999900062164	55.14519635255523155593
-9.79999999999910009763	54.85789712929483386006
-9.79999999999910009763	54.56263746902540390238
-9.81697761037120031347	54.26130418461071514002
-9.81697761037120031347	53.95576586447860734097
-9.85311512065199934796	53.64784639762220308512
-9.85311512065199934796	53.33930021855804426423
-9.89999999999909974235	53.03178978464838166929
-9.89999999999909974235	52.72686572948538952232
-9.94688487934620013675	52.42595005656423978735
-9.94688487934620013675	52.13032264963049300377
-9.98302238962699917124	51.84111128248603961310
-9.98302238962699917124	51.55928521442928058605
-9.99999999999909938708	51.28565236070183175343
-9.99999999999909938708	51.02085993310204514728
-9.99999999999909938708	50.76539835698638825079
-9.99999999999909938708	50.51960818970689359730
-10.01697761037100065096	50.28368969436157698283
-10.01697761037100065096	50.05771466347666631691
-10.05311512065200041377	49.84164004142694182065
-10.05311512065200041377	49.63532286314443098263
-10.09999999999899955583	49.43853601062541258671
-10.09999999999899955583	49.25098428811264028582
-10.14688487934600047424	49.07232033132477511117
-10.14688487934600047424	48.90215989499323256950
-10.18302238962700023706	48.74009610507988554673
-10.18302238962700023706	48.58571231582988048103
-10.19999999999899920056	48.43859327536112857615
-10.19999999999899920056	48.29833437462845324717
-10.19999999999899920056	48.16454883093570771280
-10.19999999999899920056	48.03687273618079700555
-10.21697761037099994041	47.91496797912796523633
-10.21697761037099994041	47.79852312765564903430
-10.25311512065199970323	47.68725242867976987782
-10.25311512065199970323	47.58089314803333280679
-10.29999999999900062164	47.47920152797804149714
-10.29999999999900062164	47.38194768452765970324
-10.34688487934599976370	47.28890979903608382529
-10.34688487934599976370	47.19986797760915209210
-10.38302238962699952651	47.11459815733411460315
-10.38302238962699952651	47.03286643002470412966
-10.39999999999900026637	46.95442413253900326708
-10.39999999999900026637	46.87900401855915788474
-10.39999999999900026637	46.80631778124560327115
-10.39999999999900026637	46.73605514097909008342
-10.41697761037099922987	46.66788464937478408956
-10.41697761037099922987	46.60145629204173189919
-10.45311512065200076904	46.53640590049408842788
-10.45311512065200076904	46.47236131063310438094
-10.49999999999899991110	46.40895013377502920093
-10.49999999999899991110	46.34580893871361695346
-10.54688487934600082951	46.28259358206679507930
-10.54688487934600082951	46.21899037125302101003
-10.58302238962700059233	46.15472770169839833443
-10.58302238962700059233	46.08958777878921608817
-10.59999999999899955583	46.02341801678411314924
-10.59999999999899955583	45.95614170210203042188
-10.59999999999899955583	45.88776751739497683502
-10.59999999999899955583	45.81839754543941722886
-10.61697761037200038459	45.74823340754416278742
-10.61697761037200038459	45.67758023885936324859
-10.65311512065200005850	45.60684826127535274054
-10.65311512065200005850	45.53655178176982332161
-10.69999999999899920056	45.46730551805169540103
-10.69999999999899920056	45.39981823188638543343
-10.74688487934700020787	45.33488373113637237566
-10.74688487934700020787	45.27336938179786329783
-10.78302238962699988178	45.21620234863802778591
-10.78302238962699988178	45.16435385499231358608
-10.79999999999900062164	45.11882181657317403278
-10.79999999999900062164	45.08061225869864330207
-10.79999999999900062164	45.05071996939037148877
-10.79999999999900062164	45.03010887087856417565
-10.81697761037199967404	45.01969260814212248079
-10.81697761037199967404	45.02031585458736628880
-10.85311512065199934796	45.03273682165626468077
-10.85311512065199934796	45.05761143133889135015
-10.90000000000000035527	45.09547956897420561972
-10.90000000000000035527	45.14675377951703438839
-10.94688487934699949733	45.21171070517679169143
-10.94688487934699949733	45.29048548789401706927
-10.98302238962699917124	45.38306927870134188652
-10.98302238962699917124	45.48930991002913515331
-11.00000000000000000000	45.60891569902598519093
-11.00000000000000000000	45.74146226260701553201
-11.00000000000000000000	45.88640214084811219664
-11.00000000000000000000	46.04307694705358500187
-11.01697761037200073986	46.21073169271306113615
-11.01697761037200073986	46.38853087576818978732
-11.05311512065300050267	46.57557587296156498269
-11.05311512065300050267	46.77092314300808340022
-11.09999999999999964473	46.97360272797296687486
-11.09999999999999964473	47.18263653617937336548
-11.14688487934700056314	47.39705590135636725790
-11.14688487934700056314	47.61591793926165649964
-11.18302238962700023706	47.83832026389742964056
-11.18302238962700023706	48.06341367946705389613
-11.19999999999999928946	48.29041252977688714054
-11.19999999999999928946	48.51860246189605163636
-11.19999999999999928946	48.74734544327500174177
-11.19999999999999928946	48.97608195868980374144
-11.21697761037200002932	49.20433040266575375199
-11.21697761037200002932	49.43168377171230076783
-11.25311512065299979213	49.65780384604669706050
-11.25311512065299979213	49.88241312986674103058
-11.30000000000000071054	50.10528489019177555974
-11.30000000000000071054	50.32623169461167833560
-11.34688487934699985260	50.54509289606632194136
-11.34688487934699985260	50.76172154649589174369
-11.38302238962799961541	50.97597123974957611381
-11.38302238962799961541	51.18768338686749785893
-11.40000000000000035527	51.39667541358557656395
-11.40000000000000035527	51.60273034097033217904
-11.40000000000000035527	51.80558816626072626832
-11.40000000000000035527	52.00493940352668431615
-11.41697761037199931877	52.20042107431778788396
-11.41697761037199931877	52.39161535911439671054
-11.45311512065300085794	52.57805103346442621159
-11.45311512065300085794	52.75920772079359721829
-11.50000000000000000000	52.93452289978721125863
-11.50000000000000000000	53.10340151081367565666
-11.54688487934699914206	53.26522791595431982614
-11.54688487934699914206	53.41937988359669731153
-11.58302238962800068123	53.56524419384977164782
-11.58302238962800068123	53.70223339761487579835
-11.59999999999999964473	53.82980321204617268904
-11.59999999999999964473	53.94747000002970338528
-11.59999999999999964473	54.05482776244250686659
-11.59999999999999964473	54.15156407009567374189
-11.61697761037200038459	54.23747437769468149327
-11.61697761037200038459	54.31247419464075676387
-11.65311512065300014740	54.37660863631760577164
-11.65311512065300014740	54.43005894344663175843
-11.69999999999999928946	54.47314563448642843468
-11.69999999999999928946	54.50632804482948046143
-11.74688487934700020787	54.53020010429354158532
-11.74688487934700020787	54.54548230842023315290
-11.78302238962799997068	54.55300994647835466367
-11.78302238962799997068	54.55371775680212920179
-11.80000000000000071054	54.54862128511788910146
-11.80000000000000071054	54.53879532082105896507
-11.80000000000000071054	54.52534987689088552543
-11.80000000000000071054	54.50940425862616223185
-11.81697761037199967404	54.49205983229961702818
-11.81697761037199967404	54.47437215517462050229
-11.85311512065299943686	54.45732316154001040331
-11.85311512065299943686	54.44179411439886706603
-11.90000000000000035527	54.42854002859651529889
-11.90000000000000035527	54.41816624841170835225
-11.94688487934699949733	54.41110782140469126489
-11.94688487934699949733	54.40761225156869329567
-11.98302238962799926014	54.40772614000610474250
-11.98302238962799926014	54.41128613233115629555
-12.00000000000000000000	54.41791449106706579641
-12.00000000000000000000	54.42701950106935981921
-12.00000000000000000000	54.43780079934035853739
-12.00000000000000000000	54.44925960055671509963
-12.01697761037200073986	54.44760196889258452302
-12.01697761037200073986	54.45667933275070993204
-12.05311512065300050267	54.43555415709784739420
-12.05311512065300050267	54.43637473278625549256
-12.10000000000099973363	54.39592593621267013759
-12.10000000000099973363	54.38201416252797315565
-12.14688487934800065204	54.32389285528812195025
-12.14688487934800065204	54.28868734213047986259
-12.18302238962900041486	54.21448535830698034488
-12.18302238962900041486	54.15175581098380774847
-12.20000000000099937836	54.06127428414159652448
-12.20000000000099937836	53.96543753264938914072
-12.20000000000099937836	53.85123565837835712955
-12.20000000000099937836	53.71778109247522792202
-12.21697761037400020712	53.55415847910823856637
-12.21697761037400020712	53.38093816577672612311
-12.25311512065499996993	53.16773173814954134286
-12.25311512065499996993	52.95496835176350458596
-12.30000000000199911199	52.70058823050521112918
-12.30000000000199911199	52.45056107595340222360
-12.34688487935000011930	52.16471867258137962153
-12.34688487935000011930	51.88131327343207033209
-12.38302238963099988212	51.57221287905014150965
-12.38302238963099988212	51.26041458169602549333
-12.40000000000300062197	50.93315805825423581155
-12.40000000000300062197	50.59866025979373205246
-12.40000000000300062197	50.25512405488951372945
-12.40000000000300062197	49.90452475451156999497
-12.41697761037499958547	49.55021925790015302482
-12.41697761037499958547	49.19268795253967141434
-12.45311512065599934829	48.84154159342596557281
-12.45311512065599934829	48.48652732023906963832
-12.50000000000400035560	48.14977780059106748922
-12.50000000000400035560	47.80578394573426237457
-12.54688487935099949766	47.48921837834958381563
-12.54688487935099949766	47.16325833024022529116
-12.58302238963199926047	46.86718687594284915576
-12.58302238963199926047	46.56462698932752886094
-12.60000000000400000033	46.28580616268001790559
-12.60000000000400000033	46.01054243131743248796
-12.60000000000400000033	45.75003731262150807879
-12.60000000000400000033	45.50514041411971533080
-12.61697761037700082909	45.29062208826762514491
-12.61697761037700082909	45.07957692430892393531
-12.65311512065800059190	44.91826183520380055825
-12.65311512065800059190	44.74330121841813934225
-12.70000000000499973396	44.63078305728109995698
-12.70000000000499973396	44.49272447119645335079
-12.74688487935200065237	44.41916835795343843074
-12.74688487935200065237	44.31779199796785206900
-12.78302238963300041519	44.27115928030651303970
-12.78302238963300041519	44.20569836161205046210
-12.80000000000599946759	44.17544306806480136629
-12.80000000000599946759	44.14505077170802849196
-12.80000000000599946759	44.13194683730958445267
-12.80000000000599946759	44.13602391645313360868
-12.81697761037800020745	44.17487172730463385051
-12.81697761037800020745	44.21286073671630845183
-12.85311512065899997026	44.30462630711329552469
-12.85311512065899997026	44.37560735425202551596
-12.90000000000599911232	44.50949030483806012626
-12.90000000000599911232	44.61229104907386044943
-12.94688487935400011963	44.77546312397952021911
-12.94688487935400011963	44.90882907061672568716
-12.98302238963499988245	45.08982195648399482479
-12.98302238963499988245	45.25254209809801864139
-13.00000000000700062230	45.44394411349701101699
-13.00000000000700062230	45.63486660653585147429
-13.00000000000700062230	45.83943642840370102931
-13.00000000000700062230	46.05708073570725247237
-13.01697761037899958581	46.29859531052277787921
-13.01697761037899958581	46.53958733020006377501
-13.05311512065999934862	46.81247026509070963129
-13.05311512065999934862	47.07244987891780141354
-13.10000000000800035593	47.36399284689214539412
-13.10000000000800035593	47.63821105030562819138
-13.14688487935499949799	47.93685527126035594847
-13.14688487935499949799	48.22054006918291690909
-13.18302238963599926080	48.51821061199535733977
-13.18302238963599926080	48.80680996864803233848
-13.20000000000800000066	49.09968654732537629570
-13.20000000000800000066	49.38892975886522407336
-13.20000000000800000066	49.67694442123422504665
-13.20000000000800000066	49.96239891690044743200
-13.21697761038100082942	50.24321439736047523184
-13.21697761038100082942	50.51877499723271824905
-13.25311512066200059223	50.78269372826761696160
-13.25311512066200059223	51.04258755689225779406
-13.30000000000899973429	51.28261509484721614172
-13.30000000000899973429	51.52216986949829191644
-13.34688487935700074161	51.73591742413832861303
-13.34688487935700074161	51.95172110751494187753
-13.38302238963800050442	52.14090671269853771719
-13.38302238963800050442	52.33070233499591950022
-13.40000000000999946792	52.49929433700925329731
-13.40000000000999946792	52.66169204488871713465
-13.40000000000999946792	52.81003837457923566490
-13.40000000000999946792	52.94400472307868454891
-13.41697761038200020778	53.05353282715972085271
-13.41697761038200020778	53.15771437478323235837
-13.45311512066299997059	53.22486893988335765471
-13.45311512066299997059	53.29869959090218145548
-13.50000000001099920155	53.32787757262808980840
-13.50000000001099920155	53.37161103421314578554
-13.54688487935800011996	53.37039931327720410081
-13.54688487935800011996	53.38481207600482747466
-13.58302238963899988278	53.36156394271428382581
-13.58302238963899988278	53.34762362517300715581
-13.60000000001100062264	53.30898080604103483893
-13.60000000001100062264	53.26758116013613175710
-13.60000000001100062264	53.21272790938466101807
-13.60000000001100062264	53.14465046946649096071
-13.61697761038399967504	53.05361027476759971933
-13.61697761038399967504	52.96018789290793193913
-13.65311512066499943785	52.83461071843388623392
-13.65311512066499943785	52.71772893234077628222
-13.70000000001200035626	52.56596723458589082156
-13.70000000001200035626	52.42787457454008404056
-13.74688487935899949832	52.25869151007534441078
-13.74688487935899949832	52.10184925552655244019
-13.78302238963999926114	51.92232447888508772849
-13.78302238963999926114	51.74931705085393929267
-13.80000000001300008989	51.56363064465890744259
-13.80000000001300008989	51.37719065907161564155
-13.80000000001300008989	51.18515248650277982279
-13.80000000001300008989	50.98856119614696780218
-13.81697761038500082975	50.78591658533126462771
-13.81697761038500082975	50.58433188237938082921
-13.85311512066600059256	50.37906957406340779926
-13.85311512066600059256	50.17828278648691764374
-13.90000000001299973462	49.97936829873555097947
-13.90000000001299973462	49.78512469510062743439
-13.94688487936100074194	49.59903447241760687803
-13.94688487936100074194	49.41668172998918606709
-13.98302238964200050475	49.24684671017638493140
-13.98302238964200050475	49.08114928785771979847
-14.00000000001399946825	48.92866351350781428664
-14.00000000001399946825	48.78377538542257951804
-14.00000000001399946825	48.65067895606547665466
-14.00000000001399946825	48.53034997707947439949
-14.01697761038600020811	48.42899018099097219192
-14.01697761038600020811	48.33693437397117520504
-14.05311512066699997092	48.27231186263517770385
-14.05311512066699997092	48.21082638538505449333
-14.10000000001499920188	48.18199824596061375814
-14.10000000001499920188	48.15166715157950250159
-14.14688487936200012030	48.15417048845714020899
-14.14688487936200012030	48.15402766285834701421
-14.18302238964299988311	48.18168999002709540491
-14.18302238964299988311	48.20954828271657532923
-14.20000000001600071187	48.25644416429366145849
-14.20000000001600071187	48.30924991223883324665
-14.20000000001600071187	48.37318821875818031231
-14.20000000001600071187	48.44719571443162919877
-14.21697761038799967537	48.53521801040827199358
-14.21697761038799967537	48.62556272591466921540
-14.25311512066899943818	48.73179212339211119343
-14.25311512066899943818	48.83306121134136645878
-14.30000000001600035660	48.94846152006039119442
-14.30000000001600035660	49.05537257738949108443
-14.34688487936399958755	49.17191299500914425380
-14.34688487936399958755	49.27982867604086436586
-14.38302238964499935037	49.39182754764799199165
-14.38302238964499935037	49.49707797767168671044
-14.40000000001700009022	49.60161041488249367148
-14.40000000001700009022	49.70161057386886938048
-14.40000000001700009022	49.79834431496703928133
-14.40000000001700009022	49.89143652631580039269
-14.41697761038900083008	49.98071463232178501812
-14.41697761038900083008	50.06563172364423053295
-14.45311512067000059290	50.14548571770470175579
-14.45311512067000059290	50.22203894670994372973
-14.50000000001799982385	50.29214819236933919910
-14.50000000001799982385	50.36124637296060768676
-14.54688487936500074227	50.42335742172939205830
-14.54688487936500074227	50.48674093530524231710
-14.58302238964600050508	50.54416338066473457502
-14.58302238964600050508	50.60406450104756004293
-14.60000000001799946858	50.66087257987029346396
-14.60000000001799946858	50.71967166365477197587
-14.60000000001799946858	50.77876932978575297284
-14.60000000001799946858	50.83859990186334698592
-14.61697761039100029734	50.89628618782088409489
-14.61697761039100029734	50.95838627216026139877
-14.65311512067200006015	51.01421472895667363900
-14.65311512067200006015	51.07908306977516588177
-14.70000000001899920221	51.13415151290017490737
-14.70000000001899920221	51.20155002953882217298
-14.74688487936700020953	51.25747922990714755542
-14.74688487936700020953	51.32645577055131269617
-14.78302238964799997234	51.38508054890541387749
-14.78302238964799997234	51.45404906764835573085
-14.80000000002000071220	51.51680903033424385740
-14.80000000002000071220	51.58363851866185001427
-14.80000000002000071220	51.64844667551210477541
-14.80000000002000071220	51.71044948572433952450
-14.81697761039199967570	51.76231166586988763356
-14.81697761039199967570	51.81605396272196628615
-14.85311512067299943851	51.84990607790999916915
-14.85311512067299943851	51.89203137463193371559
-14.90000000002100044583	51.90770526784395144659
-14.90000000002100044583	51.93536098720637994575
-14.94688487936799958788	51.93493480618837310203
-14.94688487936799958788	51.94595477606004152449
-14.98302238964899935070	51.93255858597815688427
-14.98302238964899935070	51.92549367839301766026
-15.00000000002100009056	51.90182771087738444749
-15.00000000002100009056	51.87588399022801155525
-15.00000000002100009056	51.84038904080153287168
-15.00000000002100009056	51.79542149830778186015
-15.01697761039300083041	51.73460247971217995655
-15.01697761039300083041	51.67158070141901760053
-15.05311512067500068213	51.58711866308948401638
-15.05311512067500068213	51.50801266331453120983
-15.10000000002199982418	51.40651561423328530509
-15.10000000002199982418	51.31391847086774049558
-15.14688487936900074260	51.20233145972615318442
-15.14688487936900074260	51.09907035075805481483
-15.18302238965000050541	50.98295670837127602226
-15.18302238965000050541	50.87177018855577870227
-15.20000000002299955781	50.75435977958532163257
-15.20000000002299955781	50.63771383470399456428
-15.20000000002299955781	50.51917083703574462561
-15.20000000002299955781	50.39939956198680448551
-15.21697761039500029767	50.27796240746844347314
-15.21697761039500029767	50.15807635004660625100
-15.25311512067600006048	50.03844272519599911675
-15.25311512067600006048	49.92118554655216655647
-15.30000000002299920254	49.80755523419198027568
-15.30000000002299920254	49.69503374558114217052
-15.34688487937100020986	49.58930584749766978803
-15.34688487937100020986	49.48294278945146373871
-15.38302238965199997267	49.38469611038982520768
-15.38302238965199997267	49.28532800254884449487
-15.40000000002400071253	49.19258046856855060014
-15.40000000002400071253	49.10065340084484830641
-15.40000000002400071253	49.01255983828085049936
-15.40000000002400071253	48.92848512880834022098
-15.41697761039599967603	48.85314524134187763593
-15.41697761039599967603	48.77792110567272487742
-15.45311512067699943884	48.71806157206454201969
-15.45311512067699943884	48.65254839002818698646
-15.50000000002500044616	48.60720412136601709108
-15.50000000002500044616	48.55196408435372745771
-15.54688487937199958822	48.51818208215865979582
-15.54688487937199958822	48.47350359877694359056
-15.58302238965299935103	48.44731709927880558553
-15.58302238965299935103	48.41326841074111797525
-15.60000000002500009089	48.39094001322182947433
-15.60000000002500009089	48.36742075398463214242
-15.60000000002500009089	48.34908266043924385258
-15.60000000002500009089	48.33585974200328649886
-15.61697761039799914329	48.33439097536522410792
-15.61697761039799914329	48.33101636564440894972
-15.65311512067900068246	48.34658182938447623656
-15.65311512067900068246	48.35206435438698946427
-15.70000000002599982452	48.37984238088892396945
-15.70000000002599982452	48.39266710273296467903
-15.74688487937400083183	48.42648627113451453852
-15.74688487937400083183	48.44474298296657366336
-15.78302238965500059464	48.47842858260059983877
-15.78302238965500059464	48.49996279629510098630
-15.80000000002699955814	48.52844980370232264022
-15.80000000002699955814	48.55099554481766688241
-15.80000000002699955814	48.57319044842506627901
-15.80000000002699955814	48.59444229141737281452
-15.81697761039900029800	48.61991465516746302455
-15.81697761039900029800	48.63753753087848963332
-15.85311512068000006082	48.66452086468322590918
-15.85311512068000006082	48.67659611960114318663
-15.90000000002699920287	48.70052516186972724199
-15.90000000002699920287	48.70582970822896129448
-15.94688487937500021019	48.72247548991042975786
-15.94688487937500021019	48.72061288913450027849
-15.98302238965599997300	48.72676397617650678740
-15.98302238965599997300	48.71819333336268442736
-16.00000000002799893650	48.71214122816373048863
-16.00000000002799893650	48.69815165945914259282
-16.00000000002799893650	48.68218725283978898233
-16.00000000002799893650	48.66489376030568791975
-16.01697761040000145272	48.65275082823362140516
-16.01697761040000145272	48.63518912554848583341
-16.05311512068000112663	48.63124317204285063099
-16.05311512068000112663	48.61704130825787473213
-16.10000000002499831453	48.62229460755447973952
-16.10000000002499831453	48.61528339272383902880
-16.14688487937100092040	48.62967478856742076232
-16.14688487937100092040	48.63356325495529119962
-16.18302238965100059431	48.65669408567021037015
-16.18302238965100059431	48.67484795028014588070
-16.20000000002299955781	48.70696407495133684051
-16.20000000002299955781	48.74227660734936762310
-16.20000000002299955781	48.78707565034530091452
-16.20000000002299955781	48.84177225052496851276
-16.21697761039400020877	48.91139109634578829855
-16.21697761039400020877	48.98621678230095710660
-16.25311512067399988268	49.07985507266610625265
-16.25311512067399988268	49.17402278434200013635
-16.30000000001999893584	49.28647992727553628356
-16.30000000001999893584	49.39793303595327245148
-16.34688487936600154171	49.52356583352101182527
-16.34688487936600154171	49.64934761785794137268
-16.38302238964499935037	49.78375896509983533633
-16.38302238964499935037	49.92039478927276974218
-16.40000000001699831387	50.06121352175281913333
-16.40000000001699831387	50.20497797337302614551
-16.40000000001699831387	50.35085568302542213814
-16.40000000001699831387	50.49763006182533331412
-16.41697761038900083008	50.64120153088403242236
-16.41697761038900083008	50.78545939148806098729
-16.45311512066799863874	50.91819381241695907647
-16.45311512066799863874	51.05460179490260941293
-16.50000000001400124461	51.17148045760737318233
-16.50000000001400124461	51.29570043467644069324
-16.54688487936000029777	51.39573795017071944358
-16.54688487936000029777	51.50471296515888042222
-16.58302238963999997168	51.59033295766072058086
-16.58302238963999997168	51.68228446675924914189
-16.60000000001100062264	51.75758295891562710267
-16.60000000001100062264	51.83180763135411694975
-16.60000000001100062264	51.89716263667174445118
-16.60000000001100062264	51.95366377273667524150
-16.61697761038299958614	51.99226536303974199882
-16.61697761038299958614	52.03136343792124307583
-16.65311512066299926005	52.04218364748441416623
-16.65311512066299926005	52.06517501555887150744
-16.70000000000899831321	52.05448168467829361816
-16.70000000000899831321	52.06344247194061836126
-16.74688487935399905382	52.03985709124226133326
-16.74688487935399905382	52.03722207555305345750
-16.78302238963399872773	52.00948720676090175630
-16.78302238963399872773	51.99765412169939082787
-16.80000000000600124395	51.97266413126069295458
-16.80000000000600124395	51.95370524724749117240
-16.80000000000600124395	51.93181360601170837299
-16.80000000000600124395	51.90736072311536020152
-16.81697761037699834219	51.87180087538101247446
-16.81697761037699834219	51.84323706860732272617
-16.85311512065700156882	51.79467435789450746597
-16.85311512065700156882	51.76294452441162974310
-16.90000000000300062197	51.70698557273858853023
-16.90000000000300062197	51.67248953385384879766
-16.94688487934899967513	51.61480677142674977631
-16.94688487934899967513	51.57741431048226132816
-16.98302238962800103650	51.52243658093827605171
-16.98302238962800103650	51.48157045502971129736
-17.00000000000000000000	51.43155381279635918190
-17.00000000000000000000	51.38631353337008533799
-17.00000000000000000000	51.33849046567792839824
-17.00000000000000000000	51.28789380055837909822
-17.01697761037199896350	51.22836897288009794238
-17.01697761037199896350	51.17200125839583790821
-17.05311512065300050267	51.10094984797625272677
-17.05311512065300050267	51.03875248359333482995
-17.10000000000000142109	50.96018163413284440821
-17.10000000000000142109	50.89235913663573285248
-17.14688487934699878679	50.81024594041641506692
-17.14688487934699878679	50.73720234190847122591
-17.18302238962800032596	50.65434276188214823833
-17.18302238962800032596	50.57660892281577957874
-17.19999999999999928946	50.49402286829443653460
-17.19999999999999928946	50.41222112373862529466
-17.19999999999999928946	50.32865850504934002174
-17.19999999999999928946	50.24369059712473983836
-17.21697761037199825296	50.15691344144208585476
-17.21697761037199825296	50.07073570231398917940
-17.25311512065299979213	49.98452532895473154895
-17.25311512065299979213	49.89929190626722288471
-17.30000000000000071054	49.81727567212399065966
-17.30000000000000071054	49.73492464408373336937
-17.34688487934700162896	49.65886995682657101270
-17.34688487934700162896	49.58096411520887869528
-17.38302238962799961541	49.51064358822202393640
-17.38302238962799961541	49.43834264958884716634
-17.39999999999999857891	49.37217234761610029636
-17.39999999999999857891	49.30631788997395403840
-17.39999999999999857891	49.24394609729188232450
-17.39999999999999857891	49.18531990192177971721
-17.41697761037200109513	49.13514281476521006198
-17.41697761037200109513	49.08495107386866607158
-17.45311512065299908159	49.04963413899979940425
-17.45311512065299908159	49.00875988538149385931
-17.50000000000000000000	48.98714047661417225754
-17.50000000000000000000	48.95600151265742994156
-17.54688487934700091841	48.94495273128779189165
-17.54688487934700091841	48.92358419343936759560
-17.58302238962799890487	48.91913612930189714234
-17.58302238962799890487	48.90732558312246425203
-17.60000000000000142109	48.90596076749156395636
-17.60000000000000142109	48.90337825882200206706
-17.60000000000000142109	48.90527190944897029112
-17.60000000000000142109	48.91153248177754164772
-17.61697761037200038459	48.92773229076975383123
-17.61697761037200038459	48.94220043028425237708
-17.65311512065299837104	48.97223927553891087427
-17.65311512065299837104	48.99389306787620057548
-17.69999999999999928946	49.03328271453034403748
-17.69999999999999928946	49.06081459964396884743
-17.74688487934700020787	49.10445260281277057857
-17.74688487934700020787	49.13640053835735699295
-17.78302238962800174704	49.17976960865416913293
-17.78302238962800174704	49.21462237606342426943
-17.80000000000000071054	49.25457780280004982387
-17.80000000000000071054	49.29082145999957020877
-17.80000000000000071054	49.32718700968299430087
-17.80000000000000071054	49.36321744325431382094
-17.81697761037199967404	49.40174499571766375539
-17.81697761037199967404	49.43555237463358764671
-17.85311512065300121321	49.47389085007391429372
-17.85311512065300121321	49.50358737636559425255
-17.89999999999999857891	49.53796907436728247376
-17.89999999999999857891	49.56205956012698976565
-17.94688487934699949733	49.58948912771582939740
-17.94688487934699949733	49.60696998989991612916
-17.98302238962800103650	49.62553018327097476003
-17.98302238962800103650	49.63589172367384350082
-18.00000000000000000000	49.64468183364268583091
-18.00000000000000000000	49.64785611015857824668
-18.00000000000000000000	49.64753483978128656418
-18.00000000000000000000	49.64385435733680651538
-18.01697761037199896350	49.63906911723363180045
-18.01697761037199896350	49.62939898966190099827
-18.05311512065300050267	49.62179304414283365077
-18.05311512065300050267	49.60758408165069255347
-18.10000000000000142109	49.59807200554285344651
-18.10000000000000142109	49.58116276789876053499
-18.14688487934699878679	49.57041484556488342150
-18.14688487934699878679	49.55279823343155953808
-18.18302238962800032596	49.54116994612099489359
-18.18302238962800032596	49.52480462827580254270
-18.19999999999999928946	49.51255598649959921431
-18.19999999999999928946	49.49925591775672728545
-18.19999999999999928946	49.48811004934151469570
-18.19999999999999928946	49.47951383439487216265
-18.21697761037199825296	49.47688981916649453296
-18.21697761037199825296	49.47439104878247917441
-18.25311512065299979213	49.48182397535249776865
-18.25311512065299979213	49.48621844536189939845
-18.30000000000000071054	49.50243089524026629533
-18.30000000000000071054	49.51385308047871802728
-18.34688487934700162896	49.53650347802147280163
-18.34688487934700162896	49.55452450283845422518
-18.38302238962799961541	49.58111045882570522281
-18.38302238962799961541	49.60490494646938941514
-18.39999999999999857891	49.63352907520225443250
-18.39999999999999857891	49.66203517081221008311
-18.39999999999999857891	49.69245306018432017936
-18.39999999999999857891	49.72440406524066958127
-18.41697761037200109513	49.75896402478819879889
-18.41697761037200109513	49.79259608259578584466
-18.45311512065299908159	49.82882026084640614272
-18.45311512065299908159	49.86235366337099605971
-18.50000000000000000000	49.89729299278664598205
-18.50000000000000000000	49.92927052542528798540
-18.54688487934700091841	49.96102021209767940491
-18.54688487934700091841	49.99047875595630330281
-18.58302238962799890487	50.01844725707908878576
-18.58302238962799890487	50.04496721654545154934
-18.60000000000000142109	50.06968566573297607647
-18.60000000000000142109	50.09334769949909826892
-18.60000000000000142109	50.11574243412347584581
-18.60000000000000142109	50.13699147231365316202
-18.61697761037200038459	50.15627543155789425100
-18.61697761037200038459	50.17565464233315708498
-18.65311512065299837104	50.19190572835734798218
-18.65311512065299837104	50.21024926999124460281
-18.69999999999999928946	50.22461835660004680904
-18.69999999999999928946	50.24295106229467933190
-18.74688487934700020787	50.25723550927671823274
-18.74688487934700020787	50.27660620311034023189
-18.78302238962800174704	50.29294119815446606481
-18.78302238962800174704	50.31428669872181558276
-18.80000000000000071054	50.33481653974810399177
-18.80000000000000071054	50.35886352898175033488
-18.80000000000000071054	50.38444376772774546680
-18.80000000000000071054	50.41156001956225907179
-18.81697761037199967404	50.43728719506760427294
-18.81697761037199967404	50.46705363950747624813
-18.85311512065300121321	50.49108270194638237172
-18.85311512065300121321	50.52254124552906233703
-18.89999999999999857891	50.54460024982851962250
-18.89999999999999857891	50.57646221344025150302
-18.94688487934699949733	50.59715578129747370895
-18.94688487934699949733	50.62797668053026711732
-18.98302238962800103650	50.64858519464051767045
-18.98302238962800103650	50.67689880603617780253
-19.00000000000000000000	50.69878679986214820019
-19.00000000000000000000	50.72316701374681713332
-19.00000000000000000000	50.74505883692771845972
-19.00000000000000000000	50.76407809462265419143
-19.01697761037199896350	50.77458530414646276085
-19.01697761037199896350	50.78675947198505014057
-19.05311512065300050267	50.78366624624082703576
-19.05311512065300050267	50.78801503641939518729
-19.10000000000000142109	50.77341552908940514044
-19.10000000000000142109	50.76959625708740020400
-19.14688487934699878679	50.74716094874597160924
-19.14688487934699878679	50.73538915654442860159
-19.18302238962800032596	50.70904431200062134621
-19.18302238962800032596	50.68992924348857087580
-19.19999999999999928946	50.66264700758161154681
-19.19999999999999928946	50.63703058975996640356
-19.19999999999999928946	50.60852689538219806309
-19.19999999999999928946	50.57747480282710483834
-19.21697761037199825296	50.54039985969798465248
-19.21697761037199825296	50.50562636417893003227
-19.25311512065299979213	50.46241063550023397966
-19.25311512065299979213	50.42585295819561963526
-19.30000000000000071054	50.38109841013472589566
-19.30000000000000071054	50.34454940206325801455
-19.34688487934700162896	50.30207887526124466149
-19.34688487934700162896	50.26697183365799759258
-19.38302238962799961541	50.22908969591468775207
-19.38302238962799961541	50.19641377146822236455
-19.39999999999999857891	50.16382763691347435042
-19.39999999999999857891	50.13415948585185333286
-19.39999999999999857891	50.10611046112153843524
-19.39999999999999857891	50.07978168829878029555
-19.41697761037200109513	50.05482600458275754818
-19.41697761037200109513	50.03224492033065473606
-19.45311512065299908159	50.01125379002913717841
-19.45311512065299908159	49.99246067715970553991
-19.50000000000000000000	49.97578661086546247816
-19.50000000000000000000	49.96043416982971052676
-19.54688487934700091841	49.94754612836536722398
-19.54688487934700091841	49.93502970008879060515
-19.58302238962799890487	49.92479686709222619356
-19.58302238962799890487	49.91439884896012557647
-19.60000000000000142109	49.90547067914001644340
-19.60000000000000142109	49.89647827064164431476
-19.60000000000000142109	49.88794569882930574067
-19.60000000000000142109	49.87975153408758899332
-19.61697761037200038459	49.87277580490353301457
-19.61697761037200038459	49.86501220934505340665
-19.65311512065299837104	49.85965639631945123256
-19.65311512065299837104	49.85209235260791160727
-19.69999999999999928946	49.84783550333984436520
-19.69999999999999928946	49.84035624215092497025
-19.74688487934700020787	49.83644836711177816824
-19.74688487934700020787	49.82903281744148671351
-19.78302238962800174704	49.82460977598822182699
-19.78302238962800174704	49.81729495411553187978
-19.80000000000000071054	49.81154119693793802526
-19.80000000000000071054	49.80438968452032355572
-19.80000000000000071054	49.79734580070405769447
-19.80000000000000071054	49.79044519036252580690
-19.81697761037199967404	49.78546473980062359033
-19.81697761037199967404	49.77899331293150453348
-19.85311512065300121321	49.77665020605078183280
-19.85311512065300121321	49.77073038830238971286
-19.89999999999999857891	49.77032074530220029374
-19.89999999999999857891	49.76497146311155006515
-19.94688487934699949733	49.76528410513883216026
-19.94688487934699949733	49.76042608522309507180
-19.98302238962800103650	49.76005073074999529581
-19.98302238962800103650	49.75553405351200098039
-20.00000000000000000000	49.75319451234773993065
-20.00000000000000000000	49.74883573964925886912
-20.00000000000000000000	49.74448770457295410097
-20.00000000000000000000	49.74012260247381078671
-20.01697761037199896350	49.73795791654836762063
-20.01697761037199896350	49.73354167303663331268
-20.05311512065300050267	49.73396755278447756154
-20.05311512065300050267	49.72954011809266461341
-20.10000000000000142109	49.73158899383873432498
-20.10000000000000142109	49.72727239971205648317
-20.14688487934699878679	49.72964905395822654555
-20.14688487934699878679	49.72564472017822367889
-20.18302238962800032596	49.72704834234277626592
-20.18302238962800032596	49.72362978509386977066
-20.19999999999999928946	49.72309042078977370238
-20.19999999999999928946	49.72060076712941878441
-20.19999999999999928946	49.71872705185263896510
-20.19999999999999928946	49.71758584903341215977
-20.21697761037199825296	49.71981467316678759971
-20.21697761037199825296	49.72048081955230003359
-20.25311512065299979213	49.72749136700494432262
-20.25311512065299979213	49.73032575325552073764
-20.30000000000000071054	49.74098857948190044453
-20.30000000000000071054	49.74620433668523844517
-20.34688487934700162896	49.75895662442514577606
-20.34688487934700162896	49.76662403426649206040
-20.38302238962799961541	49.78002422826888562213
-20.38302238962799961541	49.79010634580798466686
-20.39999999999999857891	49.80328896746066646983
-20.39999999999999857891	49.81567711459255320960
-20.39999999999999857891	49.82915650776449467685
-20.39999999999999857891	49.84362563997117945291
-20.41697761037200109513	49.86029009881707452223
-20.41697761037200109513	49.87620480174987136479
-20.45311512065299908159	49.89484101562511142447
-20.45311512065299908159	49.91138567562516925591
-20.50000000000000000000	49.93003741656368532631
-20.50000000000000000000	49.94640197807861170531
-20.54688487934700091841	49.96362423043103717646
-20.54688487934700091841	49.97911576054385562884
-20.58302238962799890487	49.99425815853724941462
-20.58302238962799890487	50.00834849213908483989
-20.60000000000000142109	50.02146156009163036060
-20.60000000000000142109	50.03377221748073111485
-20.60000000000000142109	50.04508331072436533304
-20.60000000000000142109	50.05529852080232444678
-20.61697761037200038459	50.06370037396122540940
-20.61697761037200038459	50.07143749556590250904
-20.65311512065299837104	50.07626980950113448898
-20.65311512065299837104	50.08138663701279114093
-20.69999999999999928946	50.08290735484121114496
-20.69999999999999928946	50.08553234283209576461
-20.74688487934700020787	50.08458976387206718073
-20.74688487934700020787	50.08504349331814609059
-20.78302238962800174704	50.08269048077573160072
-20.78302238962800174704	50.08138754091346100950
-20.80000000000000071054	50.07851929323793882531
-20.80000000000000071054	50.07589089045553265578
-20.80000000000000071054	50.07275571882088627262
-20.80000000000000071054	50.06922621064063605445
-20.81697761037199967404	50.06472225196330327890
-20.81697761037199967404	50.06078001324523540916
-20.85311512065300121321	50.05548855383124617902
-20.85311512065300121321	50.05159771994697592845
-20.89999999999999857891	50.04640681375126121111
-20.89999999999999857891	50.04292669443771046645
-20.94688487934699949733	50.03850305064588610549
-20.94688487934699949733	50.03565928544001195633
-20.98302238962800103650	50.03236618180394401634
-20.98302238962800103650	50.03026275483779983233
-21.00000000000000000000	50.02820679323011887618
-21.00000000000000000000	50.02686107748891686242
-21.00000000000000000000	50.02588414886317735863
-21.00000000000000000000	50.02526635736609250671
-21.01697761037199896350	50.02470942733108927314
-21.01697761037199896350	50.02475558198411675903
-21.05311512065300050267	50.02449053689058189320
-21.05311512065300050267	50.02508143551278863015
-21.10000000000000142109	50.02508738638598373427
-21.10000000000000142109	50.02608503812102469510
-21.14688487934699878679	50.02638472559048210542
-21.14688487934699878679	50.02767160718146755016
-21.18302238962800032596	50.02836028977107929450
-21.18302238962800032596	50.02986434568040152726
-21.19999999999999928946	50.03110158636733473259
-21.19999999999999928946	50.03280528387043801786
-21.19999999999999928946	50.03461856235261961956
-21.19999999999999928946	50.03654776572294338166
-21.21697761037199825296	50.03813635757359890022
-21.21697761037199825296	50.04030456276158389528
-21.25311512065299979213	50.04152614802686116491
-21.25311512065299979213	50.04395318702180617265
-21.30000000000000071054	50.04498636642291842236
-21.30000000000000071054	50.04769815551418332689
-21.34688487934700162896	50.04887153346160744150
-21.34688487934700162896	50.05189391474156934692
-21.38302238962799961541	50.05363739786860577397
-21.38302238962799961541	50.05699281024106994664
-21.39999999999999857891	50.05976850180334736251
-21.39999999999999857891	50.06347158253339557632
-21.39999999999999857891	50.06734806472623233731
-21.39999999999999857891	50.07137431748594735836
-21.41697761037200109513	50.07453686583392027387
-21.41697761037200109513	50.07870967636412018464
-21.45311512065299908159	50.08061684400669832939
-21.45311512065299908159	50.08470098072711351733
-21.50000000000000000000	50.08548653330271349660
-21.50000000000000000000	50.08924793632436234248
-21.54688487934700091841	50.08938889802875138457
-21.54688487934700091841	50.09262475269652981069
-21.58302238962799890487	50.09278673576507401322
-21.58302238962799890487	50.09533208803520665242
-21.60000000000000142109	50.09613360186088470982
-21.60000000000000142109	50.09784618294052904730
-21.60000000000000142109	50.09908927006288337225
-21.60000000000000142109	50.09982184191334653178
-21.61697761037200038459	50.09859887428785185648
-21.61697761037200038459	50.09821732477892197721
-21.65311512065299837104	50.09432221290408193681
-21.65311512065299837104	50.09280230719802062822
-21.69999999999999928946	50.08710953305912028100
-21.69999999999999928946	50.08452942632215609819
-21.74688487934700020787	50.07811806188563963360
-21.74688487934700020787	50.07461245083919720855
-21.78302238962800174704	50.06838028788377670253
-21.78302238962800174704	50.06409043592432084324
-21.80000000000000071054	50.05850036942457847999
-21.80000000000000071054	50.05354317591978485780
-21.80000000000000071054	50.04828844234245366351
-21.80000000000000071054	50.04278737679826605245
-21.81697761037199967404	50.03652376042821714464
-21.81697761037199967404	50.03078387341960819867
-21.85311512065300121321	50.02414630314347476769
-21.85311512065300121321	50.01849843826522601375
-21.89999999999999857891	50.01232647738468273246
-21.89999999999999857891	50.00703425546616642805
-21.94688487934699949733	50.00178722402648645584
-21.94688487934699949733	49.99701497828070984042
-21.98302238962800103650	49.99270903693140155610
-21.98302238962800103650	49.98852777303514471896
-22.00000000000000000000	49.98486225182384146137
-22.00000000000000000000	49.98128143248613497462
-22.00000000000000000000	49.97799644128012630517
-22.00000000000000000000	49.97502105019505336259
-22.01697761037199896350	49.97283113325850933961
-22.01697761037199896350	49.97053535175333394136
-22.05311512065300050267	49.96969025897253402491
-22.05311512065300050267	49.96807883580243725419
-22.10000000000000142109	49.96833689899521857569
-22.10000000000000142109	49.96733628611146826870
-22.14688487934699878679	49.96820784294445161322
-22.14688487934699878679	49.96769912726472995246
-22.18302238962800032596	49.96864005297953070794
-22.18302238962800032596	49.96849252997681389843
-22.19999999999999928946	49.96906513899658364153
-22.19999999999999928946	49.96915686870512018913
-22.19999999999999928946	49.96932661911909434593
-22.19999999999999928946	49.96954665069600309835
-22.21697761037199825296	49.97035625352963705836
-22.21697761037199825296	49.97058884888443941463
-22.25311512065299979213	49.97196166579746545722
-22.25311512065299979213	49.97209925878866698667
-22.30000000000000071054	49.97363288792551827555
-22.30000000000000071054	49.97359422372565518344
-22.34688487934700162896	49.97488690854596882218
-22.34688487934700162896	49.97462044232585753889
-22.38302238962799961541	49.97533289802215250575
-22.38302238962799961541	49.97480759572061970175
-22.39999999999999857891	49.97467479701747805620
-22.39999999999999857891	49.97386649631859967258
-22.39999999999999857891	49.97290737410698824306
-22.39999999999999857891	49.97179899172132877538
-22.41697761037200109513	49.97116789454891261357
-22.41697761037200109513	49.96980799210799517596
-22.45311512065299908159	49.96975539403727850640
-22.45311512065299908159	49.96823704658077502927
-22.50000000000000000000	49.96862451556792450447
-22.50000000000000000000	49.96705323140356824752
-22.54688487934700091841	49.96756725379587749103
-22.54688487934700091841	49.96603717306372516305
-22.58302238962799890487	49.96625757913835741419
-22.58302238962799890487	49.96484145432899026673
-22.60000000000000142109	49.96435281801771566279
-22.60000000000000142109	49.96310933205076310060
-22.60000000000000142109	49.96197536747914824673
-22.60000000000000142109	49.96097801487654521679
-22.61697761037200038459	49.96110490001643000824
-22.61697761037200038459	49.96047608701662312569
-22.65311512065299837104	49.96211671541120580287
-22.65311512065299837104	49.96193891700739442285
-22.69999999999999928946	49.96460019174321587343
-22.69999999999999928946	49.96489700346875650894
-22.74688487934700020787	49.96789385083930312703
-22.74688487934700020787	49.96864878394130471406
-22.78302238962800174704	49.97137979923231654311
-22.78302238962800174704	49.97256876335919884013
-22.80000000000000071054	49.97471826783286275031
-22.80000000000000071054	49.97633794038588206377
-22.80000000000000071054	49.97818121900344578989
-22.80000000000000071054	49.98023818208714885714
-22.81697761037199967404	49.98298743736769722545
-22.81697761037199967404	49.98536044791202925808
-22.85311512065300121321	49.98862200668209254673
-22.85311512065300121321	49.99113333300365269452
-22.89999999999999857891	49.99425318615995905702
-22.89999999999999857891	49.99674022766352265990
-22.94688487934699949733	49.99934097567392399242
-22.94688487934699949733	50.00169646646357790587
-22.98302238962800103650	50.00378201578600823041
-22.98302238962800103650	50.00596368686429116224
-23.00000000000000000000	50.00783720664320242122
-23.00000000000000000000	50.00984951825958546578
-23.00000000000000000000	50.01178386275280729478
-23.00000000000000000000	50.01362216371033042606
-23.01697761037199896350	50.01483115881851659879
-23.01697761037199896350	50.01637572707204526523
-23.05311512065300050267	50.01650140288615631334
-23.05311512065300050267	50.01767400878991765012
-23.10000000000000142109	50.01689799090410559756
-23.10000000000000142109	50.01769589292080553378
-23.14688487934699878679	50.01649538397838057335
-23.14688487934699878679	50.01696837618464996922
-23.18302238962800032596	50.01588422881825835020
-23.18302238962800032596	50.01609913768813697743
-23.19999999999999928946	50.01554349241040142715
-23.19999999999999928946	50.01555573092284134873
-23.19999999999999928946	50.01548004644102007887
-23.19999999999999928946	50.01532368122583704917
-23.21697761037199825296	50.01446068872966321806
-23.21697761037199825296	50.01417954691688549929
-23.25311512065299979213	50.01259660494096692673
-23.25311512065299979213	50.01225129855301076987
-23.30000000000000071054	50.01042865697357342469
-23.30000000000000071054	50.01007259196668996992
-23.34688487934700162896	50.00844328320475540295
-23.34688487934700162896	50.00810736040748594178
-23.38302238962799961541	50.00692916133338883355
-23.38302238962799961541	50.00662015092417078677
-23.39999999999999857891	50.00596771714237576134
-23.39999999999999857891	50.00567521945212234868
-23.39999999999999857891	50.00538415905243283532
-23.39999999999999857891	50.00509472007108513480
-23.41697761037200109513	50.00453831438389329378
-23.41697761037200109513	50.00426633986572966251
-23.45311512065299908159	50.00351347434298077133
-23.45311512065299908159	50.00327044405684517869
-23.50000000000000000000	50.00252681062539039658
-23.50000000000000000000	50.00231442561161543381
-23.54688487934700091841	50.00172035619744548285
-23.54688487934700091841	50.00153257618223534564
-23.58302238962799890487	50.00113140019406898773
-23.58302238962799890487	50.00095642846439147888
-23.60000000000000142109	50.00071046956854559085
-23.60000000000000142109	50.00053153688730134263
-23.60000000000000142109	50.00034294324275663257
-23.60000000000000142109	50.00014456748583313583
-23.61697761037200038459	49.99994185067563989833
-23.61697761037200038459	49.99974277543087453068
-23.65311512065299837104	49.99961947714206900173
-23.65311512065299837104	49.99944450829124065194
-23.69999999999999928946	49.99945039898334897543
-23.69999999999999928946	49.99931398804218218856
-23.74688487934700020787	49.99941371369901332855
-23.74688487934700020787	49.99931581652335665922
-23.78302238962800174704	49.99942603213929004369
-23.78302238962800174704	49.99935631282595949187
-23.80000000000000071054	49.99939578166421938477
-23.80000000000000071054	49.99934103544347863135
-23.80000000000000071054	49.99928952058394315827
-23.80000000000000071054	49.99924187163298228143
-23.81697761037199967404	49.99932895734502125151
-23.81697761037199967404	49.99929699450392917015
-23.85311512065300121321	49.99952958458094798289
-23.85311512065300121321	49.99951516146396812701
-23.89999999999999857891	49.99977015861147577880
-23.89999999999999857891	49.99976666345336440145
-23.94688487934699949733	49.99993365384148802377
-23.94688487934699949733	49.99993360974124101404
-23.98302238962800103650	49.99999326045480785297
-23.98302238962800103650	49.99999335078414475220
-24.00000000000000000000	50.00000000000000000000
-24.00000000000000000000	50.00000000000000000000
