-24.00000000000000000000	50.00000000000000000000
-23.98799399699850098955	49.99999665651471758565
-23.97598799399699842638	49.99998689377070348883
-23.96398199099549941593	49.99997118800926898530
-23.95197598799399685277	49.99995011224466878730
-23.93996998499249784231	49.99992433243309619684
-23.92796398199099527915	49.99989460320689715900
-23.91595797898949626870	49.99986176314293118139
-23.90395197598799370553	49.99982672953333207033
-23.89194597298649469508	49.99979049262805119724
-23.87993996998499213191	49.99975410932059105562
-23.86793396698349312146	49.99971869625245801672
-23.85592796398199055830	49.99968542231703594325
-23.84392196098049154784	49.99965550055028984389
-23.83191595797898898468	49.99963017940371656778
-23.81990995497748997423	49.99961073340398343134
-23.80790395197598741106	49.99959845321405538243
-23.79589794897448840061	49.99959463512151813802
-23.78389194597298583744	49.99960056999164237368
-23.77188594297148682699	49.99961753173479195311
-23.75987993996998426383	49.99964676535046237404
-23.74787393696848525337	49.99968947462254220682
-23.73586793396698269021	49.99974680955288874884
-23.72386193096548367976	49.99981985363191228089
-23.71185592796398111659	49.99990961105636699813
-23.69984992496248210614	50.00001699401450849791
-23.68784392196097954297	50.00014281016815687053
-23.67583791895948053252	50.00028775046871487575
-23.66383191595797796936	50.00045237745061399437
-23.65182591295647895890	50.00063711415000256011
-23.63981990995497639574	50.00084223379894154959
-23.62781390695347738529	50.00106785044614099434
-23.61580790395197482212	50.00131391065333730239
-23.60380190095047581167	50.00158018641268142801
-23.59179589794897324850	50.00186626942442558175
-23.57978989494747423805	50.00217156686545649791
-23.56778389194597167489	50.00249529876888487934
-23.55577788894447266443	50.00283649712171296642
-23.54377188594297010127	50.00319400677254577658
-23.53176588294147109082	50.00356648822437222179
-23.51975987993996852765	50.00395242236844239869
-23.50775387693846951720	50.00435011719464029056
-23.49574787393696695403	50.00475771649189482559
-23.48374187093546794358	50.00517321052874564202
-23.47173586793396538042	50.00559444868024172592
-23.45972986493246636996	50.00601915394244656454
-23.44772386193096380680	50.00644493925087630259
-23.43571785892946479635	50.00686932549386654046
-23.42371185592796223318	50.00728976108749890273
-23.41170585292646322273	50.00770364295428294099
-23.39969984992496421228	50.00810833872498051278
-23.38769384692346164911	50.00850120996128111983
-23.37568784392196263866	50.00887963617689280227
-23.36368184092046007549	50.00924103941686382768
-23.35167583791896106504	50.00958290913914083831
-23.33966983491745850188	50.00990282712939460907
-23.32766383191595949143	50.01019849216983459428
-23.31565782891445692826	50.01046774417575591087
-23.30365182591295791781	50.01070858750944125859
-23.29164582291145535464	50.01091921318079158709
-23.27963981990995634419	50.01109801964699386190
-23.26763381690845378102	50.01124363193012101192
-23.25562781390695477057	50.01135491878200411975
-23.24362181090545220741	50.01143100763940196885
-23.23161580790395319696	50.01147129713010031082
-23.21960980490245063379	50.01147546691112921735
-23.20760380190095162334	50.01144348464480060557
-23.19559779889944906017	50.01137560994504838163
-23.18359179589795004972	50.01127239515679434589
-23.17158579289644748656	50.01113468286359164949
-23.15957978989494847610	50.01096360005342233990
-23.14757378689344591294	50.01076054890918953788
-23.13556778389194690249	50.01052719422855119547
-23.12356178089044433932	50.01026544751667302080
-23.11155577788894532887	50.00997744783520460032
-23.09954977488744276570	50.00966553953063709059
-23.08754377188594375525	50.00933224700445833832
-23.07553776888444119209	50.00898024672626007714
-23.06353176588294218163	50.00861233672813455087
-23.05152576288143961847	50.00823140385425347176
-23.03951975987994060802	50.00784038907263351348
-23.02751375687843804485	50.00744225118671693053
-23.01550775387693903440	50.00703992931163810454
-23.00350175087543647123	50.00663630450399210758
-22.99149574787393746078	50.00623416095369577761
-22.97948974487243489762	50.00583614716236269260
-22.96748374187093588716	50.00544473754370500274
-22.95547773886943332400	50.00506219488788417493
-22.94347173586793431355	50.00469053413331010915
-22.93146573286643175038	50.00433148788570747456
-22.91945972986493273993	50.00398647411570607346
-22.90745372686343017676	50.00365656645232093069
-22.89544772386193116631	50.00334246747070920946
-22.88344172086042860315	50.00304448534882340027
-22.87143571785892959269	50.00276251423887430292
-22.85942971485742702953	50.00249601866610049683
-22.84742371185592801908	50.00224402223016539892
-22.83541770885442545591	50.00200510084257388144
-22.82341170585292644546	50.00177738068907729030
-22.81140570285142743501	50.00155854105751984662
-22.79939969984992487184	50.00134582212135114787
-22.78739369684842586139	50.00113603771612957871
-22.77538769384692329822	50.00092559309247519650
-22.76338169084542428777	50.00071050757374990781
-22.75137568784392172461	50.00048644199177516612
-22.73936968484242271415	50.00024873071893694032
-22.72736368184092015099	49.99999241806134619992
-22.71535767883942114054	49.99971229872553379892
-22.70335167583791857737	49.99940296202159117911
-22.69134567283641956692	49.99905883941856643560
-22.67933966983491700375	49.99867425502480244859
-22.66733366683341799330	49.99824347852654682356
-22.65532766383191543014	49.99776078008359547766
-22.64332166083041641969	49.99722048665121576505
-22.63131565782891385652	49.99661703917345789705
-22.61930965482741484607	49.99594505007511457961
-22.60730365182591228290	49.99519936046731061197
-22.59529764882441327245	49.99437509647660249357
-22.58329164582291070928	49.99346772410835626488
-22.57128564282141169883	49.99247310206317251868
-22.55927963981990913567	49.99138753193970075017
-22.54727363681841012522	49.99020780527835228213
-22.53526763381690756205	49.98893124692843770163
-22.52326163081540855160	49.98755575425504105169
-22.51125562781390598843	49.98607983174246527369
-22.49924962481240697798	49.98450262059640891721
-22.48724362181090441482	49.98282392299849163919
-22.47523761880940540436	49.98104422072189834125
-22.46323161580790284120	49.97916468787715871258
-22.45122561280640383075	49.97718719761992645090
-22.43921960980490126758	49.97511432271895159829
-22.42721360680340225713	49.97294932995028915457
-22.41520760380189969396	49.97069616835339900263
-22.40320160080040068351	49.96835945145443247384
-22.39119559779889812035	49.96594443363171933470
-22.37918959479739910989	49.96345698086676634375
-22.36718359179589654673	49.96090353619057111700
-22.35517758879439753628	49.95829108019862729861
-22.34317158579289497311	49.95562708706807342196
-22.33116558279139596266	49.95291947656604492067
-22.31915957978989339949	49.95017656258900728972
-22.30715357678839438904	49.94740699881747048039
-22.29514757378689182588	49.94461972210898181856
-22.28314157078539281542	49.94182389428367940809
-22.27113556778389025226	49.93902884298064748236
-22.25912956478239124181	49.93624400227927395690
-22.24712356178088867864	49.93347885378781825239
-22.23511755877938966819	49.93074286890060875521
-22.22311155577789065774	49.92804545291620854641
-22.21110555277638809457	49.92539589169106761801
-22.19909954977488908412	49.92280330147656997042
-22.18709354677338652095	49.92027658255275923693
-22.17508754377188751050	49.91782437722893916998
-22.16308154077038494734	49.91545503273039230407
-22.15107553776888593688	49.91317656943253666668
-22.13906953476738337372	49.91099665483877600991
-22.12706353176588436327	49.90892258362709554831
-22.11505752876438180010	49.90696126401427079600
-22.10305152576288278965	49.90511921060509337167
-22.09104552276138022648	49.90340254380948437074
-22.07903951975988121603	49.90181699582257124348
-22.06703351675837865287	49.90036792307352442322
-22.05502751375687964241	49.89906032495859733444
-22.04302151075537707925	49.89789886858424239335
-22.03101550775387806880	49.89688791915733645510
-22.01900950475237550563	49.89603157557381507559
-22.00700350175087649518	49.89533371067436462454
-21.99499749874937393201	49.89479801555807370050
-21.98299149574787492156	49.89442804727258362618
-21.97098549274637235840	49.89422727913397892507
-21.95897948974487334795	49.89419915287119522418
-21.94697348674337078478	49.89434713174071589492
-21.93496748374187177433	49.89467475371638727211
-21.92296148074036921116	49.89518568382932528493
-21.91095547773887020071	49.89588376471247244126
-21.89894947473736763754	49.89677306439588733156
-21.88694347173586862709	49.89785792040125755875
-21.87493746873436606393	49.89914297919814600846
-21.86293146573286705348	49.90063323011084150949
-21.85092546273136449031	49.90233403280216606390
-21.83891945972986547986	49.90425113751021513053
-21.82691345672836291669	49.90639069727488674744
-21.81490745372686390624	49.90875927146286272773
-21.80290145072536134307	49.91136381998213522593
-21.79089544772386233262	49.91421168766936489192
-21.77888944472235976946	49.91731057843436047960
-21.76688344172086075901	49.92066851885564915392
-21.75487743871935819584	49.92429381103708863066
-21.74287143571785918539	49.92819497465835354433
-21.73086543271635662222	49.93238067827893900130
-21.71885942971485761177	49.93685966008624887991
-21.70685342671335504861	49.94164063841118661458
-21.69484742371185603815	49.94673221246801375628
-21.68284142071035347499	49.95214275390840441560
-21.67083541770885446454	49.95788028990998697054
-21.65882941470735545408	49.96395237864678051665
-21.64682341170585289092	49.97036597811075608888
-21.63481740870435388047	49.97712730936879665933
-21.62281140570285131730	49.98424171544667160560
-21.61080540270135230685	49.99171351712925570610
-21.59879939969984974368	49.99954586705334946828
-21.58679339669835073323	50.00774060354460459621
-21.57478739369684817007	50.01629810571230905225
-21.56278139069534915961	50.02521715136382596256
-21.55077538769384659645	50.03449477933384059725
-21.53876938469234758600	50.04412615784140427877
-21.52676338169084502283	50.05410446048908568173
-21.51475737868934601238	50.06442075150376069814
-21.50275137568784344921	50.07506388178634892938
-21.49074537268634443876	50.08602039728934585128
-21.47873936968484187560	50.09727446117502580591
-21.46673336668334286514	50.10880779112500249539
-21.45472736368184030198	50.12059961307356559246
-21.44272136068034129153	50.13262663252303497075
-21.43071535767883872836	50.14486302447095766865
-21.41870935467733971791	50.15728044283635966849
-21.40670335167583715474	50.16984805011730941260
-21.39469734867433814429	50.18253256784555560444
-21.38269134567283558113	50.19529834822750302692
-21.37068534267133657067	50.20810746717607742085
-21.35867933966983400751	50.22091983874638998486
-21.34667333666833499706	50.23369335079141961842
-21.33466733366683243389	50.24638402145426852030
-21.32266133066533342344	50.25894617591252711009
-21.31065532766383086027	50.27133264258991118822
-21.29864932466233184982	50.28349496785277494837
-21.28664332166082928666	50.29538364801618399724
-21.27463731865933027620	50.30694837729797797010
-21.26263131565782771304	50.31813831018167348930
-21.25062531265632870259	50.32890233648186040227
-21.23861930965482613942	50.33918936725119408493
-21.22661330665332712897	50.34894862952731386940
-21.21460730365182456580	50.35812996779312555873
-21.20260130065032555535	50.36668414991628139887
-21.19059529764882299219	50.37456317524443250022
-21.17858929464732398174	50.38172058246353657296
-21.16658329164582141857	50.38811175477794535027
-21.15457728864432240812	50.39369421994381070817
-21.14257128564281984495	50.39842794268277970104
-21.13056528264132083450	50.40227560702052755914
-21.11855927963981827133	50.40520288613561916691
-21.10655327663831926088	50.40717869736740652797
-21.09454727363681669772	50.40817544011774486989
-21.08254127063531768727	50.40816921448949727846
-21.07053526763381867681	50.40714001863421600547
-21.05852926463231611365	50.40507192293124205662
-21.04652326163081710320	50.40195321928998595240
-21.03451725862931454003	50.39777654405418161332
-21.02251125562781552958	50.39253897319101582752
-21.01050525262631296641	50.38624208866629317072
-20.99849924962481395596	50.37889201513857528880
-20.98649324662331139280	50.37049942634742905057
-20.97448724362181238234	50.36107952082211625111
-20.96248124062030981918	50.35065196679467192098
-20.95047523761881080873	50.33924081646297565840
-20.93846923461730824556	50.32687439001293938645
-20.92646323161580923511	50.31358513007156574304
-20.91445722861430667194	50.29940942752188703935
-20.90245122561280766149	50.28438741986482796165
-20.89044522261130509833	50.26856276355812269685
-20.87843921960980608787	50.25198238199758549172
-20.86643321660830352471	50.23469619102800720611
-20.85442721360680451426	50.21675680407758335377
-20.84242121060530195109	50.19821921919970009185
-20.83041520760380294064	50.17914049047612934373
-20.81840920460230037747	50.15957938638513979868
-20.80640320160080136702	50.13959603786496188604
-20.79439719859929880386	50.11925157890600956989
-20.78239119559779979340	50.09860778258268965146
-20.77038519259629723024	50.07772669548769073344
-20.75837918959479821979	50.05667027355604403738
-20.74637318659329565662	50.03550002226421611340
-20.73436718359179664617	50.01427664415920304464
-20.72236118059029408300	49.99305969661576654062
-20.71035517758879507255	49.97190726263534088503
-20.69834917458729250939	49.95087563738965741322
-20.68634317158579349893	49.93001903307580136016
-20.67433716858429093577	49.90938930448864851996
-20.66233116558279192532	49.88903569753298938849
-20.65032516258128936215	49.86900462269228029299
-20.63831915957979035170	49.84933945524607423749
-20.62631315657828778853	49.83008036378566885105
-20.61430715357678877808	49.81126416831932601781
-20.60230115057528621492	49.79292422898760861472
-20.59029514757378720446	49.77509036612750747963
-20.57828914457228464130	49.75778881213457793820
-20.56628314157078563085	49.74104219527750814223
-20.55427713856928306768	49.72486955532237828947
-20.54227113556778405723	49.70928639052708319923
-20.53026513256628149406	49.69430473527285840873
-20.51825912956478248361	49.67993326731248515671
-20.50625312656327992045	49.66617744333620265706
-20.49424712356178090999	49.65303966128936963287
-20.48224112056028189954	49.64051944762316281867
-20.47023511755877933638	49.62861366742366442395
-20.45822911455728032593	49.61731675514757000656
-20.44622311155577776276	49.60662096349699368147
-20.43421710855427875231	49.59651662779333491926
-20.42221110555277618914	49.58699244306239251046
-20.41020510255127717869	49.57803575092185610629
-20.39819909954977461553	49.56963283326881253288
-20.38619309654827560507	49.56176920970014521117
-20.37418709354677304191	49.55442993556377473396
-20.36218109054527403146	49.54759989753308957461
-20.35017508754377146829	49.54126410362209753657
-20.33816908454227245784	49.53540796461337691881
-20.32616308154076989467	49.53001756395541121947
-20.31415707853927088422	49.52507991329912329093
-20.30215107553776832106	49.52058319098421179660
-20.29014507253626931060	49.51651696095379406870
-20.27813906953476674744	49.51287236976815364642
-20.26613306653326773699	49.50964231960447392566
-20.25412706353176517382	49.50682161536635561561
-20.24212106053026616337	49.50440708428304503741
-20.23011505752876360020	49.50239766665097107534
-20.21810905452726458975	49.50079447665663678890
-20.20610305152576202659	49.49960083251806963744
-20.19409704852426301613	49.49882225548795133818
-20.18209104552276045297	49.49846643757359743176
-20.17008504252126144252	49.49854317814283177768
-20.15807903951975887935	49.49906428989863371726
-20.14607303651825986890	49.50004347501527490749
-20.13406703351675730573	49.50149617253203615519
-20.12206103051525829528	49.50343937839446795124
-20.11005502751375573212	49.50589143981436990316
-20.09804902451225672166	49.50887182588599699784
-20.08604302151075415850	49.51240087664432110159
-20.07403701850925514805	49.51649953297936690433
-20.06203101550775258488	49.52118905002637205826
-20.05002501250625357443	49.52649069683277360809
-20.03801900950475101126	49.53242544525801349664
-20.02601300650325200081	49.53901365118915833818
-20.01400700350174943765	49.54627473125358960715
-20.00200100050025042719	49.55422683827778485011
-19.98999499749874786403	49.56288653877841454687
-19.97798899449724885358	49.57226849577817517911
-19.96598299149574629041	49.58238516021303610160
-19.95397698849424727996	49.59324647414162967607
-19.94197098549274471679	49.60485958888014579315
-19.92996498249124570634	49.61722860106954158255
-19.91795897948974314318	49.63035430953613769134
-19.90595297648824413272	49.64423399563388983324
-19.89394697348674512227	49.65886122955804893309
-19.88194097048524255911	49.67422570489721778131
-19.86993496748374354866	49.69031310344676910518
-19.85792896448224098549	49.70710499204250254479
-19.84592296148074197504	49.72457875289300943678
-19.83391695847923941187	49.74270754859374932266
-19.82191095547774040142	49.76146032269931396286
-19.80990495247623783825	49.78080183641488076773
-19.79789894947473882780	49.80069274164664960836
-19.78589294647323626464	49.82108969032722001202
-19.77388694347173725419	49.84194547960808563403
-19.76188094047023469102	49.86320923219115286429
-19.74987493746873568057	49.88482661075698132436
-19.73786893446723311740	49.90674006514245775179
-19.72586293146573410695	49.92888911062748036329
-19.71385692846423154378	49.95121063541171224642
-19.70185092546273253333	49.97363923510111760606
-19.68984492246122997017	49.99610757178190567629
-19.67783891945973095972	50.01854675503916070056
-19.66583291645822839655	50.04088674208052367476
-19.65382691345672938610	50.06305675395350363033
-19.64182091045522682293	50.08498570469993182996
-19.62981490745372781248	50.10660264017369769363
-19.61780890445222524932	50.12783718315922953934
-19.60580290145072623886	50.14861998136893816991
-19.59379689844922367570	50.16888315486795590914
-19.58179089544772466525	50.18856073947454632389
-19.56978489244622210208	50.20758912271413976214
-19.55777888944472309163	50.22590746896296565183
-19.54577288644322052846	50.24345813050414477630
-19.53376688344172151801	50.26018704133257131161
-19.52176088044021895485	50.27604409068438684471
-19.50975487743871994439	50.29098347343084185468
-19.49774887443721738123	50.30496401466255917967
-19.48574287143571837078	50.31794946599747930804
-19.47373686843421580761	50.32990877137130070196
-19.46173086543271679716	50.34081630031133158809
-19.44972486243121423399	50.35065204695061424900
-19.43771885942971522354	50.35940179330666666146
-19.42571285642821266038	50.36705723562564429585
-19.41370685342671364992	50.37361607287563458613
-19.40170085042521108676	50.37908205675945794155
-19.38969484742371207631	50.38346500290501950303
-19.37768884442220951314	50.38678076317823695263
-19.36568284142071050269	50.38905115934574041603
-19.35367683841920793952	50.39030387859149584528
-19.34167083541770892907	50.39057233165910787420
-19.32966483241620636591	50.38989547464912988062
-19.31765882941470735545	50.38831759574513569078
-19.30565282641320834500	50.38588806837240241521
-19.29364682341170578184	50.38266107250714753718
-19.28164082041020677138	50.37869528605023106138
-19.26963481740870420822	50.37405354835713211514
-19.25762881440720519777	50.36880249817312460436
-19.24562281140570263460	50.36301218835987469902
-19.23361680840420362415	50.35675567991521006661
-19.22161080540270106098	50.35010861788202873868
-19.20960480240120205053	50.34314879181496849014
-19.19759879939969948737	50.33595568352431115500
-19.18559279639820047692	50.32861000484663804855
-19.17358679339669791375	50.32119322820099682758
-19.16158079039519890330	50.31378711267865355694
-19.14957478739369634013	50.30647322838512991439
-19.13756878439219732968	50.29933248170571857827
-19.12556278139069476651	50.29244464410182047232
-19.11355677838919575606	50.28588788696613676166
-19.10155077538769319290	50.27973832497198003466
-19.08954477238619418245	50.27406957024659561739
-19.07753876938469161928	50.26895229958284971872
-19.06553276638319260883	50.26445383677903322450
-19.05352676338169004566	50.26063775206446848642
-19.04152076038019103521	50.25756348043158538985
-19.02951475737868847204	50.25528596055340102566
-19.01750875437718946159	50.25385529582214871880
-19.00550275137568689843	50.25331643890018540333
-18.99349674837418788798	50.25370890103056353837
-18.98149074537268532481	50.25506648721307811911
-18.96948474237118631436	50.25741705821293692225
-18.95747873936968375119	50.26078232023490954816
-18.94547273636818474074	50.26517764296666257451
-18.93346673336668217758	50.27061190657185107966
-18.92146073036518316712	50.27708737809684436115
-18.90945472736368060396	50.28459961764504981829
-18.89744872436218159351	50.29313741457038844374
-18.88544272136067903034	50.30268275384600684674
-18.87343671835918001989	50.31321081267614658827
-18.86143071535767745672	50.32468998733767762133
-18.84942471235617844627	50.33708195016295405821
-18.83741870935467588311	50.35034173650655020538
-18.82541270635317687265	50.36441786147466359580
-18.81340670335167430949	50.37925246613642826787
-18.80140070035017529904	50.39478149288014918739
-18.78939469734867273587	50.41093488952424905847
-18.77738869434717372542	50.42763684173979754632
-18.76538269134567116225	50.44480603329018464365
-18.75337668834417215180	50.46235593354001025546
-18.74137068534266958864	50.48019511163076344928
-18.72936468234117057818	50.49822757666286321410
-18.71735867933967156773	50.51635314316150271452
-18.70535267633816900457	50.53446782103672774156
-18.69334667333666999411	50.55246422917520732199
-18.68134067033516743095	50.57023203172133207772
-18.66933466733366842050	50.58765839601833391725
-18.65732866433216585733	50.60462847108550477060
-18.64532266133066684688	50.62102588540471259648
-18.63331665832916428371	50.63673326267871033224
-18.62131065532766527326	50.65163275410475307581
-18.60930465232616271010	50.66560658558078245051
-18.59729864932466369964	50.67853761812754953553
-18.58529264632316113648	50.69030991967014188049
-18.57328664332166212603	50.70080934617690360255
-18.56128064032015956286	50.70992413000401910494
-18.54927463731866055241	50.71754547314153427351
-18.53726863431715798924	50.72356814290273518964
-18.52526263131565897879	50.72789106744559006756
-18.51325662831415641563	50.73041792836419716650
-18.50125062531265740517	50.73105774744190199499
-18.48924462231115484201	50.72972546451856601379
-18.47723861930965583156	50.72634250329409155711
-18.46523261630815326839	50.72083732177173942546
-18.45322661330665425794	50.71314594394042529757
-18.44122061030515169477	50.70321246920690327897
-18.42921460730365268432	50.69098955601998568454
-18.41720860430215012116	50.67643887608136310519
-18.40520260130065111071	50.65953153551400589549
-18.39319659829914854754	50.64024845936125274193
-18.38119059529764953709	50.61858073582042294447
-18.36918459229614697392	50.59452991667517096630
-18.35717858929464796347	50.56810827048281709040
-18.34517258629314540030	50.53933898519853329390
-18.33316658329164638985	50.50825631707734686415
-18.32116058029014382669	50.47490568288993273427
-18.30915457728864481624	50.43934369271805451262
-18.29714857428714225307	50.40163812086151295944
-18.28514257128564324262	50.36186781268971657255
-18.27313656828414067945	50.32012252560698328807
-18.26113056528264166900	50.27650270267079690711
-18.24912456228113910583	50.23111917780391877386
-18.23711855927964009538	50.18409281197412497022
-18.22511255627813753222	50.13555406017557913856
-18.21310655327663852177	50.08564246953194043499
-18.20110055027513595860	50.03450610934931575002
-18.18909454727363694815	49.98230093447406119367
-18.17708854427213438498	49.92919008385203483158
-18.16508254127063537453	49.87534311673854858782
-18.15307653826913281137	49.82093518956630617822
-18.14107053526763380091	49.76614617703895504519
-18.12906453226613479046	49.71115974157363837094
-18.11705852926463222730	49.65616235576354142722
-18.10505252626313321684	49.60134228306427672806
-18.09304652326163065368	49.54688852242136221093
-18.08104052026013164323	49.49298972304434585112
-18.06903451725862908006	49.43983307599033594215
-18.05702851425713006961	49.38760318964137496778
-18.04502251125562750644	49.33648095653992271536
-18.03301650825412849599	49.28664241938021461920
-18.02101050525262593283	49.23825764423558837279
-18.00900450225112692237	49.19148960932769654164
-17.99699849924962435921	49.14649311781007412492
-17.98499249624812534876	49.10341374314009499358
-17.97298649324662278559	49.06238681564865089513
-17.96098049024512377514	49.02353645888117483764
-17.94897448724362121197	48.98697468417621081471
-17.93696848424212220152	48.95280055176567657327
-17.92496248124061963836	48.92109940642439624980
-17.91295647823912062790	48.89194219536366148304
-17.90095047523761806474	48.86538487565641020183
-17.88894447223611905429	48.84146791799949482993
-17.87693846923461649112	48.82021591306455121639
-17.86493246623311748067	48.80163728606477491212
-17.85292646323161491750	48.78572412447388018109
-17.84092046023011590705	48.77245212307993682543
-17.82891445722861334389	48.76178064974443771007
-17.81690845422711433343	48.75365293437236147156
-17.80490245122561177027	48.74799638268647328232
-17.79289644822411275982	48.74472301544695085340
-17.78089044522261019665	48.74373003277133875599
-17.76888444222111118620	48.74490050219810655108
-17.75687843921960862303	48.74810416810789348574
-17.74487243621810961258	48.75319837907768061314
-17.73286643321660704942	48.76002912870438876780
-17.72086043021510803896	48.76843220440373016800
-17.70885442721360547580	48.77823443767772459978
-17.69684842421210646535	48.78925504835873994125
-17.68484242121060390218	48.80130707438879511528
-17.67283641820910489173	48.81419887778968558223
-17.66083041520760232856	48.82773571663032186052
-17.64882441220610331811	48.84172137201294106035
-17.63681840920460075495	48.85595981838603307779
-17.62481240620310174450	48.87025692485876504634
-17.61280640320159918133	48.88442217464542238758
-17.60080040020010017088	48.89827038931692726464
-17.58879439719859760771	48.91162344418513185929
-17.57678839419709859726	48.92431196090048217684
-17.56478239119559603409	48.93617696320900023466
-17.55277638819409702364	48.94707148179434597068
-17.54077038519259801319	48.95686209422772350308
-17.52876438219109545003	48.96543038626427346571
-17.51675837918959643957	48.97267432106063722586
-17.50475237618809387641	48.97850950334378694606
-17.49274637318659486596	48.98287032613504976553
-17.48074037018509230279	48.98571098832311321303
-17.46873436718359329234	48.98700637218205855561
-17.45672836418209072917	48.98675277084075219136
-17.44472236118059171872	48.98496845672259780713
-17.43271635817908915556	48.98169408308304895172
-17.42071035517759014510	48.97699291196906301593
-17.40870435217608758194	48.97095086320069867725
-17.39669834917458857149	48.96367638032194946618
-17.38469234617308600832	48.95530011087440414030
-17.37268634317158699787	48.94597439980311293084
-17.36068034017008443470	48.93587259629750718659
-17.34867433716858542425	48.92518817588903345950
-17.33666833416708286109	48.91413368115889426235
-17.32466233116558385063	48.90293948594113970785
-17.31265632816408128747	48.89185238942473432644
-17.30065032516258227702	48.88113404805071837700
-17.28864432216107971385	48.87105925455283284009
-17.27663831915958070340	48.86191407488993121433
-17.26463231615807814023	48.85399385515245285205
-17.25262631315657912978	48.84760111178123054287
-17.24062031015507656662	48.84304331960224487830
-17.22861430715357755616	48.84063061324526699991
-17.21660830415207499300	48.84067341846536436378
-17.20460230115057598255	48.84348003071568200539
-17.19259629814907341938	48.84935415901753685830
-17.18059029514757440893	48.85859245373240611343
-17.16858429214607184576	48.87148203725253381435
-17.15657828914457283531	48.88829805688746432679
-17.14457228614307027215	48.90930127932768556320
-17.13256628314157126169	48.93473574601136277806
-17.12056028014006869853	48.96482650850345663684
-17.10855427713856968808	48.99977746261851763165
-17.09654827413706712491	49.03976929947963014911
-17.08454227113556811446	49.08495759100932076535
-17.07253626813406555129	49.13547102649734199531
-17.06053026513256654084	49.19140981589043093436
-17.04852426213106397768	49.25284427430711531315
-17.03651825912956496722	49.31981360100452604911
-17.02451225612806240406	49.39232486462312721187
-17.01250625312656339361	49.47035220501981456209
-17.00050025012506083044	49.55383626038162248051
-16.98849424712356181999	49.64268382660418410524
-16.97648824412206280954	49.73676775413437667339
-16.96448224112056024637	49.83592708563003270683
-16.95247623811906123592	49.93996743589624287551
-16.94047023511755867275	50.04866161363340637536
-16.92846423211605966230	50.16175048259302826636
-16.91645822911455709914	50.27894405779957764935
-16.90445222611305808869	50.39992283057780042554
-16.89244622311155552552	50.52433931424052815373
-16.88044022011005651507	50.65181980045954901470
-16.86843421710855395190	50.78196631457739584903
-16.85642821410705494145	50.91435875643675501578
-16.84442221110555237829	51.04855721172194193969
-16.83241620810405336783	51.18410441733819027377
-16.82041020510255080467	51.32052836301237164207
-16.80840420210105179422	51.45734501009680883499
-16.79639819909954923105	51.59406110750668261744
-16.78439219609805022060	51.73017708383168411501
-16.77238619309654765743	51.86518999394370155187
-16.76038019009504864698	51.99859649788034232643
-16.74837418709354608382	52.12989584942702236958
-16.73636818409204707336	52.25859287165047817325
-16.72436218109054451020	52.38420089665859080696
-16.71235617808904549975	52.50624464707470906433
-16.70035017508754293658	52.62426303712014430403
-16.68834417208604392613	52.73781187179246643382
-16.67633816908454136296	52.84646642340688771355
-16.66433216608304235251	52.94982386572654320389
-16.65232616308153978935	53.04750554703839782178
-16.64032016008004077889	53.13915908482549355085
-16.62831415707853821573	53.22446026613269509653
-16.61630815407703920528	53.30311473931045895824
-16.60430215107553664211	53.37485948453623763044
-16.59229614807403763166	53.43946405234066787671
-16.58029014507253506849	53.49673156129183837493
-16.56828414207103605804	53.54649944799673022544
-16.55627813906953349488	53.58863996464987877744
-16.54427213606803448442	53.62306042147443463364
-16.53226613306653192126	53.64970317354438122948
-16.52026013006503291081	53.66854535362736555726
-16.50825412706353034764	53.67959835482835728726
-16.49624812406203133719	53.68290706892453556520
-16.48424212106052877402	53.67854888834388304986
-16.47223611805902976357	53.66663248173411204789
-16.46023011505752720041	53.64729635497791804255
-16.44822411205602818995	53.62070721131701844797
-16.43621810905452562679	53.58705812593477446626
-16.42421210605302661634	53.54656655190020586588
-16.41220610305152405317	53.49947217577988567427
-16.40020010005002504272	53.44603464246646495894
-16.38819409704852603227	53.38653116984101387743
-16.37618809404702346910	53.32125407477119694022
-16.36418209104552445865	53.25050823264042065830
-16.35217608804402189548	53.17460849309723869283
-16.34017008504252288503	53.09387707500494002488
-16.32816408204102032187	53.00864096365522470933
-16.31615807903952131142	52.91922933318605970499
-16.30415207603801874825	52.82597101681277962371
-16.29214607303651973780	52.72919204694608197315
-16.28014007003501717463	52.62921328653524000174
-16.26813406703351816418	52.52634817204597084128
-16.25612806403201560101	52.42090058736818036778
-16.24412206103051659056	52.31316288665924929546
-16.23211605802901402740	52.20341408267506722041
-16.22011005502751501695	52.09191821553718426685
-16.20810405202601245378	51.97892291514422424825
-16.19609804902451344333	51.86465816857576527354
-16.18409204602301088016	51.74933530187335151140
-16.17208604302151186971	51.63314618353535934148
-16.16008004002000930655	51.51626265494788725618
-16.14807403701851029609	51.39883619081317789323
-16.13606803401700773293	51.28099779044964634522
-16.12406203101550872248	51.16285809864450584428
-16.11205602801400615931	51.04450775256098182808
-16.10005002501250714886	50.92601794905812795378
-16.08804402201100458569	50.80744122469241119688
-16.07603801900950557524	50.68881243865551766703
-16.06403201600800301208	50.57014994698260323958
-16.05202601300650400162	50.45145695455587997458
-16.04002001000500143846	50.33272302974908996021
-16.02801400700350242801	50.21392576502313431774
-16.01600800400199986484	50.09503256540840965272
-16.00400200100050085439	49.97600254560686749983
-15.99199599799900006758	49.85678851542910905437
-15.97998999499749928077	49.73733903245835819007
-15.96798399199599849396	49.61760050021195667114
-15.95597798899449770715	49.49751928965837777241
-15.94397198599299692034	49.37704386174780779584
-15.93196598299149613354	49.25612686862914557651
-15.91995997998999534673	49.13472721145594590553
-15.90795397698849455992	49.01281203312662171356
-15.89594797398699377311	48.89035862495595807786
-15.88394197098549298630	48.76735622712961060188
-15.87193596798399219949	48.64380770384312313581
-15.85992996498249141268	48.51973107526209361140
-15.84792396198099062588	48.39516088984859720767
-15.83591795897948983907	48.27014942216803916608
-15.82391195597798905226	48.14476768300485787222
-15.81190595297648826545	48.01910623045875325943
-15.79989994997498747864	47.89327577264815261060
-15.78789394697348669183	47.76740755469484867035
-15.77588794397198590502	47.64165352478459425356
-15.76388194097048511821	47.51618627627134117120
-15.75187593796898433141	47.39119876499806593984
-15.73986993496748354460	47.26690380322181539441
-15.72786393196598275779	47.14353333373522048078
-15.71585792896448197098	47.02133748994757667106
-15.70385192596298118417	46.90058344980685944847
-15.69184592296148039736	46.78155409348673998693
-15.67983991995997961055	46.66454647671189803759
-15.66783391695847882374	46.54987013342964985441
-15.65582791395697803694	46.43784522323961283519
-15.64382191095547725013	46.32880054054751894910
-15.63181590795397646332	46.22307140380021905912
-15.61980990495247567651	46.12099744437140458331
-15.60780390195097488970	46.02292031569001551361
-15.59579789894947410289	45.92918134402520990989
-15.58379189594797331608	45.84011914295438572253
-15.57178589294647252927	45.75606721393821629817
-15.55977988994497174247	45.67735155560385607032
-15.54777388694347095566	45.60428830429312796468
-15.53576788394197016885	45.53718142816554603769
-15.52376188094046938204	45.47632049665964615315
-15.51175587793897037159	45.42197854641354837213
-15.49974987493746958478	45.37441006383447472672
-15.48774387193596879797	45.33384910339460560635
-15.47573786893446801116	45.30050755942842499735
-15.46373186593296722435	45.27457360772638139679
-15.45172586293146643754	45.25621033157647588041
-15.43971985992996565074	45.24555454511343555168
-15.42771385692846486393	45.24271582491383014712
-15.41570785392696407712	45.24777575874217205865
-15.40370185092546329031	45.26078741822757933733
-15.39169584792396250350	45.28177506005511787635
-15.37968984492246171669	45.31073405801036813045
-15.36768384192096092988	45.34763106594349579836
-15.35567783891946014307	45.39240440944243459853
-15.34367183591795935627	45.44496470174572522183
-15.33166583291645856946	45.50519567720782276865
-15.31965982991495778265	45.57295523347431043248
-15.30765382691345699584	45.64807667145409908471
-15.29564782391195620903	45.73037012021082148294
-15.28364182091045542222	45.81962413205630468838
-15.27163581790895463541	45.91560743143412537393
-15.25962981490745384860	46.01807079964849833686
-15.24762381190595306180	46.12674907613821773111
-15.23561780890445227499	46.24136325583284445884
-15.22361180590295148818	46.36162266116912888947
-15.21160580290145070137	46.48722716660240905640
-15.19959979989994991456	46.61786945292684691822
-15.18759379689844912775	46.75323726842704274986
-15.17558779389694834094	46.89301567382582902610
-15.16358179089544755413	47.03688924816913186078
-15.15157578789394676733	47.18454423320005730602
-15.13956978489244598052	47.33567059441540436637
-15.12756378189094519371	47.48996397786518031126
-15.11555777888944440690	47.64712754284039419872
-15.10355177588794362009	47.80687365188723703113
-15.09154577288644283328	47.96892540107436531116
-15.07953976988494204647	48.13301797511060442503
-15.06753376688344125967	48.29889981374660834490
-15.05552776388194047286	48.46633357787885643120
-15.04352176088043968605	48.63509690588801959166
-15.03151575787893889924	48.80498295296545308020
-15.01950975487743811243	48.97580070849045341674
-15.00750375187593732562	49.14737508889267303402
-14.99549774887443653881	49.31954680584660621889
-14.98349174587293575200	49.49217201207275707020
-14.97148574287143496520	49.66512172944002401209
-14.95947973986993417839	49.83828106644978106488
-14.94747373686843339158	50.01154823451143016655
-14.93546773386693260477	50.18483337466649629732
-14.92346173086543359432	50.35805720856126299623
-14.91145572786393280751	50.53114952948366322971
-14.89944972486243202070	50.70404755114748951428
-14.88744372186093123389	50.87669413360605830121
-14.87543771885943044708	51.04903590718961226003
-14.86343171585792966027	51.22102131666969171420
-14.85142571285642887347	51.39259860894405562703
-14.83941970985492808666	51.56371378839553187845
-14.82741370685342729985	51.73430856469587979518
-14.81540770385192651304	51.90431831819436325759
-14.80340170085042572623	52.07367010814312635603
-14.79139569784892493942	52.24228074886546835387
-14.77938969484742415261	52.41005497856718875482
-14.76738369184592336580	52.57688374482740556459
-14.75537768884442257900	52.74264262988784679465
-14.74337168584292179219	52.90719043769557572432
-14.73136568284142100538	53.07036796325269278896
-14.71935967983992021857	53.23199696319935014799
-14.70735367683841943176	53.39187934471794250157
-14.69534767383691864495	53.54979658781231677267
-14.68334167083541785814	53.70550941380506060341
-14.67133566783391707133	53.85875771052814542372
-14.65932966483241628453	54.00926072217984597046
-14.64732366183091549772	54.15671750920652272043
-14.63531765882941471091	54.30080768086737919020
-14.62331165582791392410	54.44119240037798590492
-14.61130565282641313729	54.57751565973215690519
-14.59929964982491235048	54.70940581849773565182
-14.58729364682341156367	54.83647739809779864117
-14.57528764382191077686	54.95833312035233575443
-14.56328164082040999006	55.07456617639335405556
-14.55127563781890920325	55.18476270950569784191
-14.53926963481740841644	55.28850449301241809508
-14.52726363181590762963	55.38537178204243360824
-14.51525762881440684282	55.47494631591268898774
-14.50325162581290605601	55.55681444595006013287
-14.49124562281140526920	55.63057036188943982324
-14.47923961980990448239	55.69581938853309566184
-14.46723361680840369559	55.75218132315834651536
-14.45522761380690290878	55.79929378323028288378
-14.44322161080540212197	55.83681553332573344051
-14.43121560780390133516	55.86442975981191949586
-14.41920960480240054835	55.88184726175599337239
-14.40720360180089976154	55.88880952677291702457
-14.39519759879939897473	55.88509166104970660172
-14.38319159579789818793	55.87050514361226305482
-14.37118559279639740112	55.84490037602187584298
-14.35917958979489661431	55.80816900009443770614
-14.34717358679339582750	55.76024595791572124881
-14.33516758379189681705	55.70111127036847875615
-14.32316158079039603024	55.63079151257482379833
-14.31115557778889524343	55.54936096707308479381
-14.29914957478739445662	55.45694243817166579902
-14.28714357178589366981	55.35370771373000309268
-14.27513756878439288300	55.23987766358551709800
-14.26313156578289209619	55.11572196694757508340
-14.25112556278139130939	54.98155846428925030978
-14.23911955977989052258	54.83775213255457003925
-14.22711355677838973577	54.68471368583428215970
-14.21510755377688894896	54.52289780701632082582
-14.20310155077538816215	54.35280101925679474562
-14.19109554777388737534	54.17495920941324527575
-14.17908954477238658853	53.98994481880298224041
-14.16708354177088580172	53.79836371976503528458
-14.15507753876938501492	53.60085179948581668441
-14.14307153576788422811	53.39807127536661113254
-14.13106553276638344130	53.19070676883937665025
-14.11905952976488265449	52.97946116694933493818
-14.10705352676338186768	52.76505130319553416030
-14.09504752376188108087	52.54820349103222554277
-14.08304152076038029406	52.32964894506412889541
-14.07103551775887950726	52.11011912630207376651
-14.05902951475737872045	51.89034104886603415707
-14.04702351175587793364	51.67103258622006478618
-14.03501750875437714683	51.45289781538850348852
-14.02301150575287636002	51.23662243762978363293
-14.01100550275137557321	51.02286931373050293814
-13.99899949974987478640	50.81227415142885917021
-13.98699349674837399959	50.60544138148612347550
-13.97498749374687321279	50.40294025760496765542
-13.96298149074537242598	50.20530121375345800061
-13.95097548774387163917	50.01301251050604435022
-13.93896948474237085236	49.82651719977415183394
-13.92696348174087006555	49.64621043478636153168
-13.91495747873936927874	49.47243714941352266123
-13.90295147573786849193	49.30549012794033103546
-13.89094547273636770512	49.14560848318712515947
-13.87893946973486691832	48.99297655751249891409
-13.86693346673336613151	48.84772325770647682930
-13.85492746373186534470	48.70992183114757523299
-13.84292146073036455789	48.57959008687592472597
-13.83091545772886377108	48.45669106146200988405
-13.81890945472736298427	48.34113412575982948738
-13.80690345172586219746	48.23277652485786859415
-13.79489744872436141065	48.13142533981482529271
-13.78289144572286062385	48.03683985612340734406
-13.77088544272135983704	47.94873432031666737885
-13.75887943971985905023	47.86678106274942479104
-13.74687343671836003978	47.79061396138339290474
-13.73486743371685925297	47.71983221840643096812
-13.72286143071535846616	47.65400441875298298555
-13.71085542771385767935	47.59267283708758355942
-13.69884942471235689254	47.53535795759115956116
-13.68684342171085610573	47.48156316896969997288
-13.67483741870935531892	47.43077959550574007608
-13.66283141570785453212	47.38249102370923537819
-13.65082541270635374531	47.33617888320858213547
-13.63881940970485295850	47.29132723996269049849
-13.62681340670335217169	47.24742775967832386641
-13.61480740370185138488	47.20398459948442138057
-13.60280140070035059807	47.16051918644717488860
-13.59079539769884981126	47.11657484240183180191
-13.57878939469734902445	47.07172121582201640422
-13.56678339169584823765	47.02555848303519780984
-13.55477738869434745084	46.97772128300904626030
-13.54277138569284666403	46.92788235216288228457
-13.53076538269134587722	46.87575582818049468870
-13.51875937968984509041	46.82110019459426553112
-13.50675337668834430360	46.76372084095120129632
-13.49474737368684351679	46.70347221663246273238
-13.48274137068534272998	46.64025955985069771259
-13.47073536768384194318	46.57404018696360736840
-13.45872936468234115637	46.50482433098638068714
-13.44672336168084036956	46.43267552202600256805
-13.43471735867933958275	46.35771050626456002419
-13.42271135567783879594	46.28009870405055892206
-13.41070535267633800913	46.20006121158408518568
-13.39869934967483722232	46.11786935456727576366
-13.38669334667333643552	46.03384280600290168195
-13.37468734367183564871	45.94834728402700818606
-13.36268134067033486190	45.86179184922414719949
-13.35067533766883407509	45.77462582426445436568
-13.33866933466733328828	45.68733536189139954331
-13.32666333166583250147	45.60043969024906118648
-13.31465732866433171466	45.51448706724343651331
-13.30265132566283092785	45.43005047805918650283
-13.29064532266133014105	45.34772311208136841287
-13.27863931965982935424	45.26811365728251956853
-13.26663331665832856743	45.19184145161341348285
-13.25462731365682778062	45.11953153206945188458
-13.24262131065532699381	45.05180962288372370494
-13.23061530765382620700	44.98929710471728782295
-13.21860930465232542019	44.93260600677353266974
-13.20660330165082463338	44.88233406345786846714
-13.19459729864932384658	44.83905987653947278204
-13.18259129564782305977	44.80333822275587607464
-13.17058529264632404931	44.77569554544333385593
-13.15857928964482326251	44.75662566708977863073
-13.14657328664332247570	44.74658575770803992100
-13.13456728364182168889	44.74599259163427689145
-13.12256128064032090208	44.75521912279079828068
-13.11055527763882011527	44.77459140563794903755
-13.09854927463731932846	44.80438588600141258667
-13.08654327163581854165	44.84482708272788897830
-13.07453726863431775485	44.89608567772157243780
-13.06253126563281696804	44.95827702837823380833
-13.05052526263131618123	45.03146011279350346967
-13.03851925962981539442	45.11563691441059376075
-13.02651325662831460761	45.21075224902249800607
-13.01450725362681382080	45.31669403328857725910
-13.00250125062531303399	45.43329399019747683042
-12.99049524762381224718	45.56032878324138124526
-12.97848924462231146038	45.69752156749157023796
-12.96648324162081067357	45.84454394231349994016
-12.95447723861930988676	46.00101828716124430230
-12.94247123561780909995	46.16652045877320631462
-12.93046523261630831314	46.34058282518105187364
-12.91845922961480752633	46.52269760926525776767
-12.90645322661330673952	46.71232051216593106346
-12.89444722361180595271	46.90887458470671589339
-12.88244122061030516591	47.11175431312862826871
-12.87043521760880437910	47.32032988387543070985
-12.85842921460730359229	47.53395159093272326345
-12.84642321160580280548	47.75195434830918372882
-12.83441720860430201867	47.97366226966481406180
-12.82241120560280123186	48.19839327684114493877
-12.81040520260130044505	48.42546369913126369511
-12.79839919959979965824	48.65419282553995117269
-12.78639319659829887144	48.88390737301968158590
-12.77438719359679808463	49.11394583471785324491
-12.76238119059529729782	49.34366267362214131253
-12.75037518759379651101	49.57243232862975190756
-12.73836918459229572420	49.79965300197574151753
-12.72636318159079493739	50.02475019911602771572
-12.71435717858929415058	50.24717999455034345146
-12.70235117558779336377	50.46643199966715087612
-12.69034517258629257697	50.68203201146974379299
-12.67833916958479179016	50.89354432397542638000
-12.66633316658329100335	51.10057368713980707753
-12.65432716358179021654	51.30276690131717032273
-12.64232116058028942973	51.49981403849701422359
-12.63031515757878864292	51.69144928482686651705
-12.61830915457728785611	51.87745140221230855104
-12.60630315157578706931	52.05764381004862428881
-12.59429714857428628250	52.23189429135488381917
-12.58229114557278727204	52.40011433072339741557
-12.57028514257128648524	52.56225809453776065538
-12.55827913956978569843	52.71832106682575158629
-12.54627313656828491162	52.86833835687491500721
-12.53426713356678412481	53.01238269732557029101
-12.52226113056528333800	53.15056215384844762184
-12.51025512756378255119	53.28301756969241864681
-12.49824912456228176438	53.40991977033607440717
-12.48624312156078097757	53.53146655518082042136
-12.47423711855928019077	53.64787950467051302894
-12.46223111555777940396	53.75940063240514632525
-12.45022511255627861715	53.86628891272559371828
-12.43821910955477783034	53.96881671488047516050
-12.42621310655327704353	54.06726617524171274454
-12.41420710355177625672	54.16192553911472629125
-12.40220110055027546991	54.25308550349489422615
-12.39019509754877468310	54.34103559166118202484
-12.37818909454727389630	54.42606058977781913200
-12.36618309154577310949	54.50843707470755106215
-12.35417708854427232268	54.58843006103742823143
-12.34217108554277153587	54.66628979389517439813
-12.33016508254127074906	54.74224871250788027055
-12.31815907953976996225	54.81651860764316097629
-12.30615307653826917544	54.88928799409529801778
-12.29414707353676838864	54.96071971725714178092
-12.28214107053526760183	55.03094881057309351036
-12.27013506753376681502	55.10008061832340331421
-12.25812906453226602821	55.16818919576731161669
-12.24612306153076524140	55.23531599619659004929
-12.23411705852926445459	55.30146885194423589382
-12.22211105552776366778	55.36662125388008348637
-12.21010505252626288097	55.43071193142755959116
-12.19809904952476209417	55.49364473267697661640
-12.18609304652326130736	55.55528880177161710208
-12.17408704352176052055	55.61547904842378642343
-12.16208104052025973374	55.67401690219893595213
-12.15007503751875894693	55.73067134210347717271
-12.13806903451725816012	55.78518019004396677474
-12.12606303151575737331	55.83725165490464092954
-12.11405702851425658650	55.88656611233175652842
-12.10205102551275579970	55.93277810382581094473
-12.09004502251125501289	55.97551853743694749710
-12.07803901950975422608	56.01439707124094269375
-12.06603301650825343927	56.04900465984814417197
-12.05402701350675265246	56.07891624346841297211
-12.04202101050525186565	56.10369355852276385122
-12.03001500750375107884	56.12288804845501033469
-12.01800900450225029203	56.13604385325176338029
-12.00600300150074950523	56.14270085622142403281
-11.99399699849925049477	56.13625690463797468510
-11.98199099549774970797	56.11630335402728064764
-11.96998499249624892116	56.08858262829708962727
-11.95797898949474813435	56.05269813204801465645
-11.94597298649324734754	56.00826753180136563515
-11.93396698349174656073	55.95492555344360852132
-11.92196098049024577392	55.89232666908272761930
-11.90995497748874498711	55.82014765945447720696
-11.89794897448724420030	55.73809003946864493173
-11.88594297148574341350	55.64588233597250166440
-11.87393696848424262669	55.54328220831375517719
-11.86193096548274183988	55.43007840379166850653
-11.84992496248124105307	55.30609254157656096140
-11.83791895947974026626	55.17118072014012852833
-11.82591295647823947945	55.02523494465622633243
-11.81390695347673869264	54.86818437219190514043
-11.80190095047523790583	54.69999637379887502675
-11.78989494747373711903	54.52067741382516175008
-11.77788894447223633222	54.33027374788667174244
-11.76588294147073554541	54.12887194196012075054
-11.75387693846923475860	53.91659921597633342571
-11.74187093546773397179	53.69362361610083667074
-11.72986493246623318498	53.46015402058450405320
-11.71785892946473239817	53.21643998464805491722
-11.70585292646323161136	52.96277143033116630022
-11.69384692346173082456	52.69947818759086288765
-11.68184092046023003775	52.42692939317772982122
-11.66983491745872925094	52.14553275395657294666
-11.65782891445722846413	51.85573368137651328880
-11.64582291145572767732	51.55801430374042837457
-11.63381690845422689051	51.25289236278400295532
-11.62181090545272610370	50.94092000085874616389
-11.60980490245122531690	50.62268244473166589614
-11.59779889944972453009	50.29879659167713867873
-11.58579289644822374328	49.96990950315552737493
-11.57378689344672295647	49.63669681095915819924
-11.56178089044522216966	49.29986104027238269509
-11.54977488744372138285	48.96012985364925640397
-11.53776888444222059604	48.61825421947294501024
-11.52576288144071980923	48.27500650803601445205
-11.51375687843921902243	47.93117851798216122461
-11.50175087543771823562	47.58757943548786073507
-11.48974487243621744881	47.24503372824726454837
-11.47773886943471666200	46.90437897606409478612
-11.46573286643321587519	46.56646363965890600412
-11.45372686343171508838	46.23214476917581094995
-11.44172086043021430157	45.90228565382512471160
-11.42971485742871351476	45.57775341413299940996
-11.41770885442721272796	45.25941653838798117704
-11.40570285142571371750	44.94814236508094751343
-11.39369684842421293069	44.64479451342802462932
-11.38169084542271214389	44.35023026444658711398
-11.36968484242121135708	44.06529789551834142003
-11.35767883941971057027	43.79083397191836013462
-11.34567283641820978346	43.52766059940868359490
-11.33366683341670899665	43.27658264268375631900
-11.32166083041520820984	43.03838491520459541562
-11.30965482741370742303	42.81382934676015139530
-11.29764882441220663623	42.60365213593813393800
-11.28564282141070584942	42.40856089556213248670
-11.27363681840920506261	42.22923180004588772363
-11.26163081540770427580	42.06630674451605500508
-11.24962481240620348899	41.92039052644900465339
-11.23761880940470270218	41.79204806144123551803
-11.22561280640320191537	41.68180164557362843425
-11.21360680340170112856	41.59012827762254715935
-11.20160080040020034176	41.51745705510246864378
-11.18959479739869955495	41.46416665878183493987
-11.17758879439719876814	41.43058294088275772538
-11.16558279139569798133	41.41697663264427831109
-11.15357678839419719452	41.42356118728552871744
-11.14157078539269640771	41.45049077463955455869
-11.12956478239119562090	41.49785844383006860880
-11.11755877938969483409	41.56569447032424591271
-11.10555277638819404729	41.65396490350713776252
-11.09354677338669326048	41.76257033058161738381
-11.08154077038519247367	41.89134487209822310660
-11.06953476738369168686	42.04005542375844584058
-11.05752876438219090005	42.20840115831242655986
-11.04552276138069011324	42.39601330038834703373
-11.03351675837918932643	42.60245518594843616711
-11.02151075537768853962	42.82722261676967434596
-11.00950475237618775282	43.06974451890232558071
-10.99749874937468696601	43.32938391247341769486
-10.98549274637318617920	43.60543919848537797179
-10.97348674337168539239	43.89714576642307264365
-10.96148074037018460558	44.20367792453731681235
-10.94947473736868381877	44.52415115263480061003
-10.93746873436718303196	44.85762467508770612312
-10.92546273136568224515	45.20310434959768031149
-10.91345672836418145835	45.55954586502636516343
-10.90145072536268067154	45.92585823935603883683
-10.88944472236117988473	46.30090760658917758974
-10.87743871935967909792	46.68352127915331806207
-10.86543271635817831111	47.07249207016913317148
-10.85342671335667752430	47.46658285778359953611
-10.84142071035517673749	47.86453137168810911817
-10.82941470735367772704	48.26505517995237681816
-10.81740870435217694023	48.66685685242891423741
-10.80540270135067615342	49.06862927523800976815
-10.79339669834917536662	49.46906108924848410879
-10.78139069534767457981	49.86684222404072386325
-10.76938469234617379300	50.26066949759248103646
-10.75737868934467300619	50.64925225087846172300
-10.74537268634317221938	51.03131798573465260915
-10.73336668334167143257	51.40561797371949381841
-10.72136068034017064576	51.77093280331493474478
-10.70935467733866985895	52.12607783265915628590
-10.69734867433716907215	52.46990851509467290725
-10.68534267133566828534	52.80132556515403763342
-10.67333666833416749853	53.11927993319159213570
-10.66133066533266671172	53.42277755770263070190
-10.64932466233116592491	53.71088386544849413440
-10.63731865932966513810	53.98272799082089790090
-10.62531265632816435129	54.23750668742513880716
-10.61330665332666356448	54.47448790662888029601
-10.60130065032516277768	54.69301401980017374171
-10.58929464732366199087	54.89250466313082910119
-10.57728864432216120406	55.07245918629450187609
-10.56528264132066041725	55.23245868870462516043
-10.55327663831915963044	55.37216762979772965991
-10.54127063531765884363	55.49133500255167206205
-10.52926463231615805682	55.58979506233482936750
-10.51725862931465727002	55.66746760614809375056
-10.50525262631315648321	55.72435780034383867587
-10.49324662331165569640	55.76055555796003204705
-10.48124062031015490959	55.77623446986862632002
-10.46923461730865412278	55.77165029698133480451
-10.45722861430715333597	55.74713903375647561234
-10.44522261130565254916	55.70311455618445251048
-10.43321660830415176235	55.64006587027138550638
-10.42121060530265097555	55.55855397976755227774
-10.40920460230115018874	55.45920839447611427886
-10.39719859929964940193	55.34272330290736618963
-10.38519259629814861512	55.20985343529348199354
-10.37318659329664782831	55.06140964502952783732
-10.36118059029514704150	54.89825423844196450318
-10.34917458729364625469	54.72129608438947201421
-10.33716858429214546788	54.53148553656011898738
-10.32516258129064468108	54.32980920243212352716
-10.31315657828914389427	54.11728459370319654909
-10.30115057528764310746	53.89495469355968282343
-10.28914457228614232065	53.66388247644600539843
-10.27713856928464153384	53.42514541600595379123
-10.26513256628314074703	53.17983001660024200419
-10.25312656328163996022	52.92902640326193619558
-10.24112056028014094977	52.67382300413864726352
-10.22911455727864016296	52.41530135839484216831
-10.21710855427713937615	52.15453108121936764974
-10.20510255127563858935	51.89256501601398952062
-10.19309654827413780254	51.63043460204345080911
-10.18109054527263701573	51.36914548382106460167
-10.16908454227113622892	51.10967338630557321721
-10.15707853926963544211	50.85296027761337001039
-10.14507253626813465530	50.59991083842703574192
-10.13306653326663386849	50.35138925462876358097
-10.12106053026513308168	50.10821634692874937400
-10.10905452726363229488	49.87116704841908898516
-10.09704852426213150807	49.64096823808736758110
-10.08504252126063072126	49.41829693539712309303
-10.07303651825912993445	49.20377885810997753424
-10.06103051525762914764	48.99798734261181465399
-10.04902451225612836083	48.80144262313899616856
-10.03701850925462757402	48.61461146350428919050
-10.02501250625312678721	48.43790713222018951001
-10.01300650325162600041	48.27168970933320935046
-10.00100050025012521360	48.11626671083756434655
-9.98899449724862442679	47.97189401425193722162
-9.97698849424712363998	47.83877706683679775779
-9.96498249124562285317	47.71707235602023189358
-9.95297648824412206636	47.60688911990185090417
-9.94097048524262127955	47.50829127423140363362
-9.92896448224112049274	47.42129953102138273380
-9.91695847923961970594	47.34589368296143163661
-9.90495247623811891913	47.28201502706190950676
-9.89294647323661813232	47.22956890047039024694
-9.88094047023511734551	47.18842730117862771522
-9.86893446723361655870	47.15843156636920951996
-9.85692846423211577189	47.13939508143708678745
-9.84492246123061498508	47.13110599325663230275
-9.83291645822911419828	47.13332990204158079450
-9.82091045522761341147	47.14581250715431082199
-9.80890445222611262466	47.16828218344943479678
-9.79689844922461183785	47.20045246617134182543
-9.78489244622311105104	47.24202442405003665726
-9.77288644322161026423	47.29268890203699271524
-9.76088044022010947742	47.35212861707332621108
-9.74887443721860869061	47.42002009236662729563
-9.73686843421710790381	47.49603541784792781755
-9.72486243121560711700	47.57984382676465884288
-9.71285642821410633019	47.67111308071518749330
-9.70085042521260554338	47.76951065782266425686
-9.68884442221110475657	47.87470474115541207993
-9.67683841920960396976	47.98636500690471251573
-9.66483241620810318295	48.10416321420460405989
-9.65282641320660417250	48.22777360079790298641
-9.64082041020510338569	48.35687309099658648393
-9.62881440720360259888	48.49114132452976377863
-9.61680840420210181207	48.63026051689863749061
-9.60480240120060102527	48.77391516374476765350
-9.59279639819910023846	48.92179160346820765426
-9.58079039519759945165	49.07357745388827652278
-9.56878439219609866484	49.22896094010761913751
-9.55677838919459787803	49.38763013190681760989
-9.54477238619309709122	49.54927210995097652813
-9.53276638319159630441	49.71357208082308432040
-9.52076038019009551761	49.88021246140480968734
-9.50875437718859473080	50.04887195339949101935
-9.49674837418709394399	50.21922462883263449385
-9.48474237118559315718	50.39093904717231708901
-9.47273636818409237037	50.56367742428854228365
-9.46073036518259158356	50.73709487282145147446
-9.44872436218109079675	50.91083873266087778120
-9.43671835917959000994	51.08454800916288718327
-9.42471235617808922314	51.25785293545467879994
-9.41270635317658843633	51.43037467372035820290
-9.40070035017508764952	51.60172516873200265763
-9.38869434717358686271	51.77150716510998051945
-9.37668834417208607590	51.93931439788173065608
-9.36468234117058528909	52.10473196387912508953
-9.35267633816908450228	52.26733687939140082790
-9.34067033516758371547	52.42669882729569508228
-9.32866433216608292867	52.58238109464220144673
-9.31665832916458214186	52.73394169939940923086
-9.30465232616308135505	52.88093470278917607175
-9.29264632316158056824	53.02291170138564524450
-9.28064032016007978143	53.15942349093823793282
-9.26863431715857899462	53.29002189173066028616
-9.25662831415707820781	53.41426172322639587264
-9.24462231115557742100	53.53170291379816347899
-9.23261630815407663420	53.64191272951399724889
-9.22061030515257584739	53.74446810427530607512
-9.20860430215107506058	53.83895805208972262790
-9.19659829914957427377	53.92498614092963293842
-9.18459229614807348696	54.00217300649052276640
-9.17258629314657270015	54.07015888323362418078
-9.16058029014507191334	54.12860612938537485661
-9.14857428714357112653	54.17720172208018425408
-9.13656828414207033973	54.21565969857875444404
-9.12456228114056955292	54.24372351947624082413
-9.11255627813906876611	54.26116833003329986695
-9.10055027513756797930	54.26780309621969422551
-9.08854427213606719249	54.26347259274941592366
-9.07653826913456640568	54.24805922130521906865
-9.06453226613306739523	54.22148463829018538718
-9.05252626313156660842	54.18371117279539816991
-9.04052026013006582161	54.13474301702486712884
-9.02851425712856503480	54.07462717315703315535
-9.01650825412706424800	54.00345414253235531987
-9.00450225112556346119	53.92135834512063041757
-8.99249624812406267438	53.82851825942211121401
-8.98049024512256188757	53.72515627527281623088
-8.96848424212106110076	53.61153825443616938173
-8.95647823911956031395	53.48797279634774071155
-8.94447223611805952714	53.35481020891569414744
-8.93246623311655874033	53.21244118684192869750
-8.92046023011505795353	53.06129520249601227988
-8.90845422711355716672	52.90183861692055700132
-8.89644822411205637991	52.73457252105060888425
-8.88444222111055559310	52.56003031966622529580
-8.87243621810905480629	52.37877507294593470988
-8.86043021510755401948	52.19139661272497221489
-8.84842421210605323267	51.99850845266777099596
-8.83641820910455244587	51.80074451351676856348
-8.82441220610305165906	51.59875568636297771263
-8.81240620310155087225	51.39320625847948065257
-8.80040020010005008544	51.18477022765249273561
-8.78839419709854929863	50.97412753212243075041
-8.77638819409704851182	50.76196022419741638032
-8.76438219109554772501	50.54894861631535718516
-8.75237618809404693820	50.33576742879944276865
-8.74037018509254615140	50.12308196877170729522
-8.72836418209104536459	49.91154436965630480927
-8.71635817908954457778	49.70178992041796561807
-8.70435217608804379097	49.49443351314351247083
-8.69234617308654300416	49.29006623678863263649
-8.68034017008504221735	49.08925214388471403026
-8.66833416708354143054	48.89252521573969545443
-8.65632816408204064373	48.70038655018233697547
-8.64432216108053985693	48.51330179420406807367
-8.63231615807903907012	48.33169884195998378118
-8.62031015507753828331	48.15596581651733743001
-8.60830415207603749650	47.98644935150276324975
-8.59629814907453670969	47.82345318641799991610
-8.58429214607303592288	47.66723708688801508515
-8.57228614307153513607	47.51801609849651697459
-8.56028014007003434926	47.37596014017438506016
-8.54827413706853356246	47.24119394035898977791
-8.53626813406703277565	47.11379731636088763480
-8.52426213106553198884	46.99380579458200202225
-8.51225612806403120203	46.88121156645048159817
-8.50025012506253041522	46.77596477219555026750
-8.48824412206103140477	46.67797510190409582265
-8.47623811905953061796	46.58711370070236768015
-8.46423211605802983115	46.50321536241334996475
-8.45222611305652904434	46.42608099367387097800
-8.44022011005502825753	46.35548032827555431368
-8.42821410705352747073	46.29115486943953783339
-8.41620810405202668392	46.23282103586261371220
-8.40420210105052589711	46.18017348569943436587
-8.39219609804902511030	46.13288859118406293192
-8.38019009504752432349	46.09062803535789498710
-8.36818409204602353668	46.05304250136901345059
-8.35617808904452274987	46.01977542404939924836
-8.34417208604302196306	45.99046677296647800404
-8.33216608304152117626	45.96475683588869998175
-8.32016008004002038945	45.94228997160278993306
-8.30815407703851960264	45.92271830127255327625
-8.29614807403701881583	45.90570530803327642388
-8.28414207103551802902	45.89092931526716512280
-8.27213606803401724221	45.87808681499688390204
-8.26013006503251645540	45.86689561905797773989
-8.24812406203101566859	45.85709780715519912064
-8.23611805902951488179	45.84846244756116817598
-8.22411205602801409498	45.84078806806292050169
-8.21210605302651330817	45.83390485678809511683
-8.20010005002501252136	45.82767657472991373879
-8.18809404702351173455	45.82200216412028481727
-8.17608804402201094774	45.81681703925417536993
-8.16408204102051016093	45.81209404892453562752
-8.15207603801900937412	45.80784410226529956844
-8.14007003501750858732	45.80411645249719043704
-8.12806403201600780051	45.80099863580630881188
-8.11605802901450701370	45.79861606533516749096
-8.10405202601300622689	45.79713128300852531538
-8.09204602301150544008	45.79674287462908210955
-8.08004002001000465327	45.79768405633932104593
-8.06803401700850386646	45.80022094313429192880
-8.05602801400700307966	45.80465051260520681353
-8.04402201100550229285	45.81129827947558652568
-8.03201600800400150604	45.82051569874223417855
-8.02001000500250071923	45.83267731733455008225
-8.00800400200099993242	45.84817769614220850372
-7.99599799899950003379	45.86742812601776364545
-7.98399199599799924698	45.89085316292517546799
-7.97198599299649846017	45.91888700876543794038
-7.95997998999499767336	45.95196976555763512806
-7.94797398699349688656	45.99054359157934612767
-7.93596798399199609975	46.03504878876962180811
-7.92396198099049531294	46.08591985116540001854
-7.91195597798899452613	46.14358150437765715424
-7.89994997498749373932	46.20844476611544138223
-7.88794397198599295251	46.28090305753686095613
-7.87593796898449216570	46.36132839474930023016
-7.86393196598299137889	46.45006768910206318424
-7.85192596298149059209	46.54743918402074598362
-7.83991995997998980528	46.65372905503260625437
-7.82791395697848901847	46.76918819833640128536
-7.81590795397698823166	46.89402923179066107195
-7.80390195097548744485	47.02842373054433977586
-7.79189594797398665804	47.17249971772785244184
-7.77988994497248587123	47.32633942867597909299
-7.76788394197098508442	47.48997736508371758646
-7.75587793896948518579	47.66339865331956104910
-7.74387193596798439899	47.84653771885481887693
-7.73186593296648361218	48.03927728643256500618
-7.71985992996498282537	48.24144771321255120711
-7.70785392696348203856	48.45282665970974278480
-7.69584792396198125175	48.67313910091161943683
-7.68384192096048046494	48.90205767753254662011
-7.67183591795897967813	49.13920338496118489502
-7.65982991495747889132	49.38414659509625437295
-7.64782391195597810452	49.63640840396552533775
-7.63581790895447731771	49.89546229579897129724
-7.62381190595297653090	50.16073611209537830291
-7.61180590295147574409	50.43161431219797208314
-7.59979989994997495728	50.70744050999192609197
-7.58779389694847417047	50.98752026956840666116
-7.57578789394697338366	51.27112414107697446752
-7.56378189094547259685	51.55749091652115367879
-7.55177588794397181005	51.84583108394973294253
-7.53976988494247102324	52.13533045736532756109
-7.52776388194097023643	52.42515395871903649549
-7.51575787893946944962	52.71444952758855606589
-7.50375187593796866281	53.00235213355114183287
-7.49174587293646787600	53.28798786586196456483
-7.47973986993496708919	53.57047807483436230314
-7.46773386693346630238	53.84894353928804378029
-7.45572786393196640375	54.12250863458199034994
-7.44372186093046561695	54.39030547607679721978
-7.43171585792896483014	54.65147801336929944682
-7.41970985492746404333	54.90518605130520768398
-7.40770385192596325652	55.15060917459383205141
-7.39569784892446246971	55.38695055381407428285
-7.38369184592296168290	55.61344061170267849548
-7.37168584292146089609	55.82934052984316508628
-7.35967983991996010928	56.03394557721475166545
-7.34767383691845932248	56.22658824350343564902
-7.33566783391695853567	56.40664116160843377656
-7.32366183091545774886	56.57351980538349067729
-7.31165582791395696205	56.72668495032069557737
-7.29964982491245617524	56.86564488660013694243
-7.28764382191095538843	56.98995737567875607965
-7.27563781890945460162	57.09923134336190742033
-7.26363181590795381481	57.19312830407805847699
-7.25162581290645302801	57.27136351284742232792
-7.23961980990495224120	57.33370684318631305132
-7.22761380690345145439	57.37998339090797372819
-7.21560780390195066758	57.41007380545601535005
-7.20360180090044988077	57.42391435202711846841
-7.19159579789894909396	57.42149670929477167647
-7.17958979489744830715	57.40286750902608048364
-7.16758379189594840852	57.36812762528014530972
-7.15557778889444762171	57.31743122218150432445
-7.14357178589294683491	57.25098457046852473695
-7.13156578289144604810	57.16904464411881292563
-7.11955977988994526129	57.07191750934624963065
-7.10755377688844447448	56.95995651914427782003
-7.09554777388694368767	56.83356032731310136796
-7.08354177088544290086	56.69317073655454919390
-7.07153576788394211405	56.53927039574514878950
-7.05952976488244132725	56.37238036190638013068
-7.04752376188094054044	56.19305754268206953839
-7.03551775887943975363	56.00189203530842974033
-7.02351175587793896682	55.79950437812520647185
-7.01150575287643818001	55.58654273063060458071
-6.99949974987493739320	55.36367999793252892005
-6.98749374687343660639	55.13161091519921086501
-6.97548774387193581958	54.89104910736971021379
-6.96348174087043503278	54.64272413895491808944
-6.95147573786893424597	54.38737856824987204618
-6.93946973486743345916	54.12576501969547848603
-6.92746373186593267235	53.85864328747946672138
-6.91545772886443188554	53.58677748276126351357
-6.90345172586293109873	53.31093323615029078155
-6.89144572286143031192	53.03187496627127472948
-6.87943971985992952511	52.75036322442090863660
-6.86743371685842962648	52.46715212446606102503
-6.85542771385692883968	52.18298686626253157783
-6.84342171085542805287	51.89860135999319368239
-6.83141570785392726606	51.61471595794224498377
-6.81940970485242647925	51.33203529934621656139
-6.80740370185092569244	51.05124627309844953515
-6.79539769884942490563	50.77301610223889127838
-6.78339169584792411882	50.49799055334128894401
-6.77138569284642333201	50.22679227312016081441
-6.75937968984492254521	49.96001925382593356062
-6.74737368684342175840	49.69824342828220409274
-6.73536768384192097159	49.44200939474816181018
-6.72336168084042018478	49.19183327116518711364
-6.71135567783891939797	48.94820167777171349144
-6.69934967483741861116	48.71157084654707603022
-6.68734367183591782435	48.48236585547399357665
-6.67533766883441703754	48.26097998519204423928
-6.66333166583291625074	48.04777419525047577054
-6.65132566283141546393	47.84307671685800045225
-6.63931965982991467712	47.64718275876877129349
-6.62731365682841389031	47.46035432273585286111
-6.61530765382691310350	47.28282012480482876526
-6.60330165082541231669	47.11477561860751706035
-6.59129564782391152988	46.95638311674703402332
-6.57928964482241163125	46.80777200633703927224
-6.56728364182091084444	46.66903905476677749675
-6.55527763881941005764	46.54024880180528356277
-6.54327163581790927083	46.42143403422937808500
-6.53126563281640848402	46.31259633925654384257
-6.51925962981490769721	46.21370673318061506052
-6.50725362681340691040	46.12470636174249705164
-6.49524762381190612359	46.04550726891337575353
-6.48324162081040533678	45.97599323092215684028
-6.47123561780890454997	45.91602065251584008365
-6.45922961480740376317	45.86541952259824483917
-6.44722361180590297636	45.82399442654475762993
-6.43521760880440218955	45.79152561263430953886
-6.42321160580290140274	45.76777011017180996078
-6.41120560280140061593	45.75246289699073543034
-6.39919959979989982912	45.74531811412440163167
-6.38719359679839904231	45.74603032551178216636
-6.37518759379689825550	45.75427582065903919784
-6.36318159079539746870	45.76971395820732624315
-6.35117558779389668189	45.79198854836131005186
-6.33916958479239589508	45.82072927210874269122
-6.32716358179089510827	45.85555313510946717770
-6.31515757878939432146	45.89606595405205524685
-6.30315157578789353465	45.94186387316781150503
-6.29114557278639363602	45.99253490845608638438
-6.27913956978489284921	46.04766051701258788853
-6.26713356678339206240	46.10681718866528200351
-6.25512756378189127560	46.16957805691193783559
-6.24312156078039048879	46.23551452592226951310
-6.23111555777888970198	46.30419791011791375013
-6.21910955477738891517	46.37520108257828610476
-6.20710355177588812836	46.44810012824292044797
-6.19509754877438734155	46.52247599759449059320
-6.18309154577288655474	46.59791615621484339727
-6.17108554277138576794	46.67401622531372140656
-6.15907953976988498113	46.75038160803892850481
-6.14707353676838419432	46.82662909609339862982
-6.13506753376688340751	46.90238845091157315892
-6.12306153076538262070	46.97730395339029740853
-6.11105552776388183389	47.05103591593105960555
-6.09904952476238104708	47.12326215033633047824
-6.08704352176088026027	47.19367938491599545614
-6.07503751875937947347	47.26200462400519342054
-6.06303151575787868666	47.32797644297578187889
-6.05102551275637789985	47.39135621174367685171
-6.03901950975487711304	47.45192923973732490595
-6.02701350675337632623	47.50950583530102733221
-6.01500750375187553942	47.56392227256401383784
-6.00300150075037475261	47.61504165891457773796
-5.99099549774887485398	47.66275469637962203251
-5.97898949474737406717	47.70698033042645391788
-5.96698349174587328037	47.74766627997566104114
-5.95497748874437249356	47.78478944274319673013
-5.94297148574287170675	47.81835617041588193388
-5.93096548274137091994	47.84840240860830817837
-5.91895947973987013313	47.87499369704860896491
-5.90695347673836934632	47.89822502599616171892
-5.89494747373686855951	47.91822054550289067265
-5.88294147073536777270	47.93513312479049659487
-5.87093546773386698590	47.94914375972545172999
-5.85892946473236619909	47.96046082712848601659
-5.84692346173086541228	47.96931918545314488256
-5.83491745872936462547	47.97597912220325611088
-5.82291145572786383866	47.98072514932827914436
-5.81090545272636305185	47.98386464873353673966
-5.79889944972486226504	47.98572637096302173632
-5.78689344672336147823	47.98665879105138998284
-5.77488744372186069143	47.98702832649182425939
-5.76288144072035990462	47.98721742322166505801
-5.75087543771885911781	47.98762251648170007456
-5.73886943471735833100	47.98865187435057322318
-5.72686343171585754419	47.99072333268603074430
-5.71485742871435675738	47.99426193111271032876
-5.70285142571285685875	47.99969746057460184829
-5.69084542271135607194	48.00746193381168325232
-5.67883941970985528513	48.01798699091809652373
-5.66683341670835449833	48.03170125288556135956
-5.65482741370685371152	48.04902763672433962938
-5.64282141070535292471	48.07038064637789176459
-5.63081540770385213790	48.09616365419987715768
-5.61880940470235135109	48.12676618823731189423
-5.60680340170085056428	48.16256124095558988074
-5.59479739869934977747	48.20390261534435438762
-5.58279139569784899066	48.25112232455300187439
-5.57078539269634820386	48.30452806131643939125
-5.55877938969484741705	48.36440075344169287064
-5.54677338669334663024	48.43099222153117722200
-5.53476738369184584343	48.50452295491602683342
-5.52276138069034505662	48.58518002146116288031
-5.51075537768884426981	48.67311512648155513716
-5.49874937468734348300	48.76844283547606551110
-5.48674337168584269619	48.87123897474200617808
-5.47473736868434190939	48.98153922318082464926
-5.46273136568284112258	49.09933790774563533432
-5.45072536268134033577	49.22458701401774305850
-5.43871935967983954896	49.35719542233456280655
-5.42671335667833876215	49.49702837873141447744
-5.41470735367683886352	49.64390720870858331182
-5.40270135067533807671	49.79760928049996948630
-5.39069534767383728990	49.95786822310709851536
-5.37868934467233650309	50.12437440287952483686
-5.36668334167083571629	50.29677566087959661445
-5.35467733866933492948	50.47467831167311658191
-5.34267133566783414267	50.65764840254961143273
-5.33066533266633335586	50.84521323050519470144
-5.31865932966483256905	51.03686311262915609177
-5.30665332666333178224	51.23205340383367456525
-5.29464732366183099543	51.43020675416538267655
-5.28264132066033020863	51.63071559625056039522
-5.27063531765882942182	51.83294485176438826102
-5.25862931465732863501	52.03623484419085087893
-5.24662331165582784820	52.23990440356644882058
-5.23461730865432706139	52.44325414738971602446
-5.22261130565282627458	52.64556992044176553236
-5.21060530265132548777	52.84612637491269282464
-5.19859929964982470096	53.04419067097622786378
-5.18659329664832391416	53.23902627681135868443
-5.17458729364682312735	53.42989684604558675574
-5.16258129064532234054	53.61607014970000761878
-5.15057528764382155373	53.79682203896023651168
-5.13856928464232076692	53.97144041448885332102
-5.12656328164081998011	54.13922917754049990435
-5.11455727863932008148	54.29951213784828212283
-5.10255127563781929467	54.45163685312388679449
-5.09054527263631850786	54.59497837505913508949
-5.07853926963481772106	54.72894287693630133163
-5.06653326663331693425	54.85297113835069637844
-5.05452726363181614744	54.96654186312258616454
-5.04252126063031536063	55.06917480722565727547
-5.03051525762881457382	55.16043369448430411239
-5.01850925462731378701	55.23992889888880597482
-5.00650325162581300020	55.30731987364110580074
-4.99449724862431221339	55.36231730846894549813
-4.98249124562281142659	55.40468499832462612176
-4.97048524262131063978	55.43424140830876467589
-4.95847923961980985297	55.45086092151863965682
-4.94647323661830906616	55.45447475850418328491
-4.93446723361680827935	55.44507155911048812413
-4.92246123061530749254	55.42269761967951069437
-4.91045522761380670573	55.38745678086226575942
-4.89844922461230591892	55.33950996363990526561
-4.88644322161080513212	55.27907435355206899885
-4.87443721860930434531	55.20642223556683347852
-4.86243121560780355850	55.12187948448044494398
-4.85042521260630277169	55.02582371818992612589
-4.83841920960480198488	54.91868212361808332389
-4.82641320660330208625	54.80092896747068209606
-4.81440720360180129944	54.67308280635079142940
-4.80240120060030051263	54.53570341302676638406
-4.79039519759879972582	54.38938843783040510971
-4.77838919459729893902	54.23476982623157738317
-4.76638319159579815221	54.07251001557867198244
-4.75437718859429736540	53.90329793579344652699
-4.74237118559279657859	53.72784484044791497581
-4.73036518259129579178	53.54687999611598314686
-4.71835917958979500497	53.36114625916852816090
-4.70635317658829421816	53.17139557025600993256
-4.69434717358679343135	52.97838439758560014070
-4.68234117058529264455	52.78286916074066681404
-4.67033516758379185774	52.58560166720132400542
-4.65832916458229107093	52.38732459389868267863
-4.64632316158079028412	52.18876704606807948039
-4.63431715857928949731	51.99064022535495155353
-4.62231115557778871050	51.79363323856978240656
-4.61030515257628792369	51.59840907768725060123
-4.59829914957478713688	51.40560080064157233437
-4.58629314657328635008	51.21580794118999335751
-4.57428714357178556327	51.02959317460697974411
-4.56228114057028477646	50.84747926424017805402
-4.55027513756878398965	50.66994631201784926589
-4.53826913456728320284	50.49742933385744692032
-4.52626313156578330421	50.33031617860132911346
-4.51425712856428251740	50.16894580661389824172
-4.50225112556278173059	50.01360694153220975977
-4.49024512256128094378	49.86453710588832421990
-4.47823911955978015698	49.72192204843711493822
-4.46623311655827937017	49.58589556804832909620
-4.45422711355677858336	49.45653973598057007166
-4.44222111055527779655	49.33388551526905985156
-4.43021510755377700974	49.21791377285452284696
-4.41820910455227622293	49.10855667698024973333
-4.40620310155077543612	49.00569946931446452254
-4.39419709854927464932	48.90918259823958891275
-4.38219109554777386251	48.81880419681458249670
-4.37018509254627307570	48.73432288608491091964
-4.35817908954477228889	48.65546088171181082771
-4.34617308654327150208	48.58190737934078384797
-4.33416708354177071527	48.51332219175174742531
-4.32216108054026992846	48.44933960865096622683
-4.31015507753876914165	48.38957244799734525031
-4.29814907453726835485	48.33361626602196992053
-4.28614307153576756804	48.28105369161620075147
-4.27413706853426678123	48.23145884954468698425
-4.26213106553276599442	48.18440183599931003755
-4.25012506253126520761	48.13945320935762595127
-4.23811905952976530898	48.09618845865439595855
-4.22611305652826452217	48.05419241222301707239
-4.21410705352676373536	48.01306354921833730032
-4.20210105052526294855	47.97241817729539548054
-4.19009504752376216175	47.93189444058824477679
-4.17808904452226137494	47.89115612330498095162
-4.16608304152076058813	47.84989621572356810475
-4.15407703851925980132	47.80784021112842196999
-4.14207103551775901451	47.76474910425864095487
-4.13006503251625822770	47.72042206413103571094
-4.11805902951475744089	47.67469875663886114125
-4.10605302651325665408	47.62746129509112336109
-4.09404702351175586728	47.57863579982722512796
-4.08204102051025508047	47.52819355119510191798
-4.07003501750875429366	47.47615172349256340567
-4.05802901450725350685	47.42257369091626628688
-4.04602301150575272004	47.36756890011243115168
-4.03401700850425193323	47.31129230754962122774
-4.02201100550275114642	47.25394338360704438173
-4.01000500250125035961	47.19576468896173082612
-3.99799899949975001689	47.13704003253316443534
-3.98599299649824923009	47.07809222387444236801
-3.97398699349674844328	47.01928043645298771480
-3.96198099049524765647	46.96099720171091718157
-3.94997498749374686966	46.90366505710544942076
-3.93796898449224608285	46.84773287447385570204
-3.92596298149074529604	46.79367189801700277485
-3.91395697848924450923	46.74197152392427767609
-3.90195097548774372243	46.69313485614522107880
-3.88994497248624293562	46.64767407502579033007
-3.87793896948474259290	46.60610565744930511300
-3.86593296648324180609	46.56894548873410855094
-3.85392696348174101928	46.53670390782554733278
-3.84192096048024023247	46.50988072826498154200
-3.82991495747873944566	46.48896027801202279761
-3.81790895447723865885	46.47440650142946338974
-3.80590295147573787204	46.46665816660868131294
-3.79389694847423708524	46.46612422071365955389
-3.78189094547273629843	46.47317933515538612710
-3.76988494247123551162	46.48815968117949637417
-3.75787893946973472481	46.51135897486507531084
-3.74587293646823393800	46.54302482860238399098
-3.73386693346673315119	46.58335544385476367779
-3.72186093046523280847	46.63249667743171045231
-3.70985492746373202166	46.69053951062473828415
-3.69784892446223123486	46.75751794740745026502
-3.68584292146073044805	46.83340736450016095205
-3.67383691845922966124	46.91812333247463584485
-3.66183091545772887443	47.01152092325439468823
-3.64982491245622808762	47.11339451538189848634
-3.63781890945472730081	47.22347810430812842242
-3.62581290645322651400	47.34144612074625513287
-3.61380690345172572719	47.46691475585488717570
-3.60180090045022494039	47.59944378771327677669
-3.58979489744872415358	47.73853889925739935052
-3.57778889444722381086	47.88365447359880988643
-3.56578289144572302405	48.03419684848431359114
-3.55377688844422223724	48.18952800760956733939
-3.54177088544272145043	48.34896968260972727194
-3.52976488244122066362	48.51180783584955946708
-3.51775887943971987681	48.67729749065665600938
-3.50575287643821909001	48.84466787241687768528
-3.49374687343671830320	49.01312782100987419653
-3.48174087043521751639	49.18187143243164172191
-3.46973486743371672958	49.35008388515672095309
-3.45772886443221594277	49.51694740485510237704
-3.44572286143071515596	49.68164731951966217594
-3.43371685842921481324	49.84337815589347542300
-3.42171085542771402643	50.00134972732654148331
-3.40970485242621323962	50.15479316284806543536
-3.39769884942471245282	50.30296682731840718361
-3.38569284642321166601	50.44516208302815840625
-3.37368684342171087920	50.58070884403822020658
-3.36168084042021009239	50.70898087589976199752
-3.34967483741870930558	50.82940079514845166386
-3.33766883441720851877	50.94144472512076049497
-3.32566283141570773196	51.04464656717639314820
-3.31365682841420694515	51.13860184931056807045
-3.30165082541270615835	51.22297111738114949731
-3.28964482241120581563	51.29748283773312778067
-3.27763881940970502882	51.36193578384784075297
-3.26563281640820424201	51.41620088374684627297
-3.25362681340670345520	51.46022250920609764080
-3.24162081040520266839	51.49401919235015157028
-3.22961480740370188158	51.51768375986120673815
-3.21760880440220109477	51.53138287981460052833
-3.20560280140070030797	51.53535602100154022764
-3.19359679839919952116	51.52991382947957532679
-3.18159079539769873435	51.51543593196080905727
-3.16958479239619794754	51.49236818046523467274
-3.15757878939469716073	51.46121935739019193079
-3.14557278639319681801	51.42255736473632055095
-3.13356678339169603120	51.37700492564523813144
-3.12156078039019524439	51.32523483060592894844
-3.10955477738869445758	51.26796476463854190797
-3.09754877438719367078	51.20595175543043353628
-3.08554277138569288397	51.13998628574772453703
-3.07353676838419209716	51.07088611644522302413
-3.06153076538269131035	50.99948986902161607304
-3.04952476238119052354	50.92665041889049604151
-3.03751875937968973673	50.85322815234052029609
-3.02551275637818894992	50.78008414152180449719
-3.01350675337668816312	50.70807329270723329273
-3.00150075037518737631	50.63803752352683318350
-2.98949474737368703359	50.57079902485402556067
-2.97748874437218624678	50.50715366253366056526
-2.96548274137068545997	50.44786457318436134756
-2.95347673836918467316	50.39365600688850577171
-2.94147073536768388635	50.34520746771249122276
-2.92946473236618309954	50.30314820069150272275
-2.91745872936468231273	50.26805207118532337063
-2.90545272636318152593	50.24043287938620494515
-2.89344672336168073912	50.22074014926192830899
-2.88144072036017995231	50.20935542737539236668
-2.86943471735867916550	50.20658912286835118266
-2.85742871435717837869	50.21267791546532066604
-2.84542271135567803597	50.22778275368202116624
-2.83341670835417724916	50.25198746054959286766
-2.82141070535267646235	50.28529795913281930098
-2.80940470235117567555	50.32764212497072264796
-2.79739869934967488874	50.37887026734409801065
-2.78539269634817410193	50.43875623602313851279
-2.77338669334667331512	50.50699914491234920888
-2.76138069034517252831	50.58322569883689112658
-2.74937468734367174150	50.66699310464655781061
-2.73736868434217095469	50.75779254289722075555
-2.72536268134067016788	50.85505317164527383511
-2.71335667833916938108	50.95814662940134809332
-2.70135067533766903836	51.06639200007352030752
-2.68934467233616825155	51.17906119882475479699
-2.67733866933466746474	51.29538473420932120916
-2.66533266633316667793	51.41455779876857690169
-2.65332666333166589112	51.53574663748790385398
-2.64132066033016510431	51.65809514116661915750
-2.62931465732866431750	51.78073160985414347124
-2.61730865432716353070	51.90277563007463612621
-2.60530265132566274389	52.02334500861258703708
-2.59329664832416195708	52.14156270517192837133
-2.58129064532266117027	52.25656370625662106022
-2.56928464232116038346	52.36750178315070058943
-2.55727863931966004074	52.47355607789745590708
-2.54527263631815925393	52.57393746268209611117
-2.53326663331665846712	52.66789461999726995600
-2.52126063031515768031	52.75471979339983619184
-2.50925462731365689351	52.83375416152962600336
-2.49724862431215610670	52.90439279133156702528
-2.48524262131065531989	52.96608913007427332786
-2.47323661830915453308	53.01835899975844768051
-2.46123061530765374627	53.06078406182341922204
-2.44922461230615295946	53.09301472465183735494
-2.43721860930465217265	53.11477247120131295333
-2.42521260630315138584	53.12585158911533511628
-2.41320660330165104313	53.12612029084044706906
-2.40120060030015025632	53.11552121655700631209
-2.38919459729864946951	53.09407131807073199070
-2.37718859429714868270	53.06186112716491720676
-2.36518259129564789589	53.01905341723156084299
-2.35317658829414710908	52.96588127223699160595
-2.34117058529264632227	52.90264558218813562007
-2.32916458229114553546	52.82971198920395750065
-2.31715857928964474866	52.74750731301966766296
-2.30515257628814396185	52.65651548921739788511
-2.29314657328664317504	52.55727305764644086139
-2.28114057028514238823	52.45036424233300209607
-2.26913456728364160142	52.33641566764858055194
-2.25712856428214125870	52.21609075857828941025
-2.24512256128064047189	52.09008387557759078845
-2.23311655827913968508	51.95911423670538198394
-2.22111055527763889827	51.82391968145313398963
-2.20910455227613811147	51.68525033193948559074
-2.19709854927463732466	51.54386220789531591890
-2.18509254627313653785	51.40051085212041925843
-2.17308654327163575104	51.25594502284637599132
-2.16108054027013496423	51.11090050869436396397
-2.14907453726863417742	50.96609412067721933681
-2.13706853426713339061	50.82221791397446253313
-2.12506253126563260381	50.67993369002148540403
-2.11305652826413226109	50.53986782682049749837
-2.10105052526263147428	50.40260648232367657329
-2.08904452226113068747	50.26869121228656211997
-2.07703851925962990066	50.13861504017255299459
-2.06503251625812911385	50.01281901254149886427
-2.05302651325662832704	49.89168926891445465799
-2.04102051025512754023	49.77555465041195503773
-2.02901450725362675342	49.66468486655666936258
-2.01700850425212596662	49.55928923455769563589
-2.00500250125062517981	49.45951600019700578059
-1.99299649824912461504	49.22760423730873924342
-1.98099049524762382823	48.90380503119650512645
-1.96898449224612304143	48.58668053702454869835
-1.95697848924462225462	48.27603884094274633298
-1.94497248624312146781	47.97163596041244915114
-1.93296648324162090304	47.67318013551979305475
-1.92096048024012011624	47.38033650254493522880
-1.90895447723861932943	47.09273209897571632609
-1.89694847423711854262	46.80996114665680352118
-1.88494247123561775581	46.53159055779950392662
-1.87293646823411696900	46.25716560715591185726
-1.86093046523261640424	45.98621571279137043575
-1.84892446223111561743	45.71826026757432259728
-1.83691845922961483062	45.45281446373974887365
-1.82491245622811404381	45.18939505366299869138
-1.81290645322661325700	44.92752599129239143849
-1.80090045022511247019	44.66674390051341703156
-1.78889444722361190543	44.40660331903167445944
-1.77688844422211111862	44.14668166913899938208
-1.76488244122061033181	43.88658390993639812905
-1.75287643821910954500	43.62594682919283428646
-1.74087043521760875819	43.36444293698276908344
-1.72886443221610797139	43.10178392752546017164
-1.71685842921460740662	42.83772368020185439264
-1.70485242621310661981	42.57206077550330292070
-1.69284642321160583300	42.30464050662384067891
-1.68084042021010504619	42.03535637249272838289
-1.66883441720860425939	41.76415104320962967677
-1.65682841420710347258	41.49101679403771925081
-1.64482241120560290781	41.21599540928308158527
-1.63281640820410212100	40.93917756249071260299
-1.62081040520260133420	40.66070168437149590090
-1.60880440220110054739	40.38075233469394476060
-1.59679839919959976058	40.09955809898466583263
-1.58479239619809897377	39.81738903524122719091
-1.57278639319659840901	39.53455369993095303016
-1.56078039019509762220	39.25139578629344327965
-1.54877438719359683539	38.96829041135158888665
-1.53676838419209604858	38.68564009103600653816
-1.52476238119059526177	38.40387044541821381927
-1.51275637818909447496	38.12342567820692096348
-1.50075037518759368815	37.84476387637464966929
-1.48874437218609312339	37.56835217703683582613
-1.47673836918459233658	37.29466184949587415076
-1.46473236618309154977	37.02416334068603021024
-1.45272636318159076296	36.75732133211401020390
-1.44072036018008997615	36.49458985579160952284
-1.42871435717858918935	36.23640751561075745713
-1.41670835417708862458	35.98319285913571263791
-1.40470235117558783777	35.73533994289743986883
-1.39269634817408705096	35.49321413199872665700
-1.38069034517258626416	35.25714817219812857729
-1.36868434217108547735	35.02743856966893076788
-1.35667833916958469054	34.80434231035683012578
-1.34467233616808412577	34.58807394732318840624
-1.33266633316658333896	34.37880308069599522014
-1.32066033016508255216	34.17665225089795200120
-1.30865432716358176535	33.98169526171963639172
-1.29664832416208097854	33.79395594559825610759
-1.28464232116058019173	33.61340737918924759242
-1.27263631815907962697	33.43997155302251655939
-1.26063031515757884016	33.27351949475743708717
-1.24862431215607805335	33.11387184133332084457
-1.23661830915457726654	32.96079985119295230334
-1.22461230615307647973	32.81402684377643907965
-1.21260630315157569292	32.67323004967468591531
-1.20060030015007512816	32.53804285123372608268
-1.18859429714857434135	32.40805739004143504189
-1.17658829414707355454	32.28282751463864030939
-1.16458229114557276773	32.16187203900106084120
-1.15257628814407198092	32.04467827986088934722
-1.14057028514257119411	31.93070583879591950449
-1.12856428214107062935	31.81939059322548146724
-1.11655827913956984254	31.71014885902840063636
-1.10455227613806905573	31.60238168644676903796
-1.09254627313656826892	31.49547925026505268420
-1.08054027013506748212	31.38882529495726458890
-1.06853426713356669531	31.28180159557359374389
-1.05652826413206613054	31.17379239558367132190
-1.04452226113056534373	31.06418878369798264316
-1.03251625812906455693	30.95239297283711010778
-1.02051025512756377012	30.83782244589410126423
-1.00850425212606298331	30.71991393471851594654
-0.99649824912456230752	30.59812720081918868686
-0.98449224612306152071	30.47194858861119115545
-0.97248624312156073390	30.34089432459397528419
-0.96048024012006005812	30.20451353861336230011
-0.94847423711855927131	30.06239098629869133106
-0.93646823411705848450	29.91414945484734033698
-0.92446223111555780871	29.75945183751797529226
-0.91245622811405702191	29.59800286545952019424
-0.90045022511255623510	29.42955048881047019904
-0.88844422211105555931	29.25388690232007604664
-0.87643821910955477250	29.07084921403661326167
-0.86443221610805398569	28.88031975884597102322
-0.85242621310655330991	28.68222606179589817543
-0.84042021010505252310	28.47654045917803955490
-0.82841420710355173629	28.26327938823336793916
-0.81640820410205106050	28.04250235907198884888
-0.80440220110055027369	27.81431062493118133716
-0.79239619809904948688	27.57884556921573349086
-0.78039019509754881110	27.33628682985311897369
-0.76838419209604802429	27.08685018333765981424
-0.75637818909454723748	26.83078521241922231866
-0.74437218609304656169	26.56837278270351276888
-0.73236618309154577489	26.29992235446583137559
-0.72036018009004498808	26.02576915673406787732
-0.70835417708854431229	25.74627125116893822110
-0.69634817408704352548	25.46180651346210055408
-0.68434217108554273867	25.17276955989040843065
-0.67233616808404206289	24.87956864631537712285
-0.66033016508254127608	24.58262256631050846067
-0.64832416208104048927	24.28235757424897300893
-0.63631815907953981348	23.97920435810476647021
-0.62431215607803902667	23.67359508542934776187
-0.61230615307653823987	23.36596054448185810770
-0.60030015007503756408	23.05672740083486615958
-0.58829414707353677727	22.74631558797143071615
-0.57628814407203599046	22.43513584845613095808
-0.56428214107053531468	22.12358744022647627503
-0.55227613806903452787	21.81205602043648994481
-0.54027013506753374106	21.50091171711600424032
-0.52826413206603306527	21.19050739671197192138
-0.51625812906453227846	20.88117713337659608897
-0.50425212606303149165	20.57323488368537667270
-0.49224612306153076036	20.26697336832887330615
-0.48024012006003002906	19.96266316024828668674
-0.46823411705852924225	19.66055197669641074754
-0.45622811405702851095	19.36086417082287880476
-0.44422211105552777965	19.06380041662232471822
-0.43221610805402699285	18.76953757946299106152
-0.42021010505252626155	18.47822876294494420790
-0.40820410205102553025	18.19000352153281241385
-0.39619809904952474344	17.90496822727835279920
-0.38419209604802401214	17.62320657799939382926
-0.37218609304652328085	17.34478023351985953582
-0.36018009004502249404	17.06972956600246149605
-0.34817408704352176274	16.79807451002216467373
-0.33616808404202103144	16.52981549783275383447
-0.32416208104052024463	16.26493446526624708781
-0.31215607803901951334	16.00339591387015047985
-0.30015007503751878204	15.74514801522096263398
-0.28814407203601799523	15.49012374384613188738
-0.27613806903451726393	15.23824202582607689749
-0.26413206603301653264	14.98940889092287065409
-0.25212606303151574583	14.74351861697478227597
-0.24012006003001501453	14.50045485629357777668
-0.22811405702851425548	14.26009173488415804343
-0.21610805402701349642	14.02229491645976366954
-0.20410205102551276513	13.78692262442934612920
-0.19209604802401200607	13.55382661627141516192
-0.18009004502251124702	13.32285310596052063659
-0.16808404202101051572	13.09384363136162221508
-0.15607803901950975667	12.86663586473595444204
-0.14407203601800899762	12.64106436569250746516
-0.13206603301650826632	12.41696127705638552641
-0.12006003001500750726	12.19415696519335234882
-0.10805402701350674821	11.97248060731548768842
-0.09604802401200600304	11.75176072918331726669
-0.08404202101050525786	11.53182569740429563865
-0.07203601800900449881	11.31250417119661300092
-0.06003001500750375363	11.09362551903365101680
-0.04802401200600300152	10.87502020600200225431
-0.03601800900450224940	10.65652015799128982110
-0.02401200600300150076	10.43795910898469792016
-0.01200600300150075038	10.21917293773570811766
0.00000000000000000000	10.00000000000000000000
