-24.00000000000000000000	50.00000000000000000000
-23.98799399699850098955	50.00000514271859231030
-23.97598799399699842638	50.00002083929512508575
-23.96398199099549941593	50.00004749409441728858
-23.95197598799399685277	50.00008551256131994478
-23.93996998499249784231	50.00013529961135105850
-23.92796398199099527915	50.00019725793190872309
-23.91595797898949626870	50.00027178618748280314
-23.90395197598799370553	50.00035927712200134465
-23.89194597298649469508	50.00046011555162550621
-23.87993996998499213191	50.00057467624194629252
-23.86793396698349312146	50.00070332166452402589
-23.85592796398199055830	50.00084639962876309482
-23.84392196098049154784	50.00100424078710403819
-23.83191595797898898468	50.00117715601300005801
-23.81990995497748997423	50.00136543365380958903
-23.80790395197598741106	50.00156933666280423267
-23.79589794897448840061	50.00178909961757511837
-23.78389194597298583744	50.00202492563457212782
-23.77188594297148682699	50.00227698319275049244
-23.75987993996998426383	50.00254540288225513223
-23.74787393696848525337	50.00283027409704317279
-23.73586793396698269021	50.00313164169336488385
-23.72386193096548367976	50.00344950263897914056
-23.71185592796398111659	50.00378380268052325164
-23.69984992496248210614	50.00413443305910732306
-23.68784392196097954297	50.00450122730628521595
-23.67583791895948053252	50.00488395815447972836
-23.66383191595797796936	50.00528233459741755951
-23.65182591295647895890	50.00569599913720253426
-23.63981990995497639574	50.00612452525520268409
-23.62781390695347738529	50.00656741514406178339
-23.61580790395197482212	50.00702409773776224711
-23.60380190095047581167	50.00749392707552232196
-23.59179589794897324850	50.00797618103402442102
-23.57978989494747423805	50.00847006046009113334
-23.56778389194597167489	50.00897468873360196540
-23.55577788894447266443	50.00948911178693379043
-23.54377188594297010127	50.01001229860371921632
-23.53176588294147109082	50.01054314221540408880
-23.51975987993996852765	50.01108046120955918923
-23.50775387693846951720	50.01162300175861474827
-23.49574787393696695403	50.01216944017253496213
-23.48374187093546794358	50.01271838597308772023
-23.47173586793396538042	50.01326838548148145946
-23.45972986493246636996	50.01381792590502328721
-23.44772386193096380680	50.01436543990245553459
-23.43571785892946479635	50.01490931060110511908
-23.42371185592796223318	50.01544787703340233520
-23.41170585292646322273	50.01597943995394501826
-23.39969984992496421228	50.01650226799290521740
-23.38769384692346164911	50.01701460409621802228
-23.37568784392196263866	50.01751467219786917440
-23.36368184092046007549	50.01800068406555510592
-23.35167583791896106504	50.01847084625664763280
-23.33966983491745850188	50.01892336711864572862
-23.32766383191595949143	50.01935646376541200198
-23.31565782891445692826	50.01976836895884304113
-23.30365182591295791781	50.02015733782470618962
-23.29164582291145535464	50.02052165433104846670
-23.27963981990995634419	50.02085963745839336525
-23.26763381690845378102	50.02116964699261103533
-23.25562781390695477057	50.02145008887352872762
-23.24362181090545220741	50.02169942003607161496
-23.23161580790395319696	50.02191615268457525190
-23.21960980490245063379	50.02209885794627552968
-23.20760380190095162334	50.02224616885555263934
-23.19559779889944906017	50.02235678262729123844
-23.18359179589795004972	50.02242946218497365862
-23.17158579289644748656	50.02246303691693185556
-23.15957978989494847610	50.02245640264269610498
-23.14757378689344591294	50.02240852078035260320
-23.13556778389194690249	50.02231841671490286672
-23.12356178089044433932	50.02218517737723146865
-23.11155577788894532887	50.02200794805290939848
-23.09954977488744276570	50.02178592844978055609
-23.08754377188594375525	50.02151836806275042591
-23.07553776888444119209	50.02120456088368172232
-23.06353176588294218163	50.02084383951339674468
-23.05152576288143961847	50.02043556874129137668
-23.03951975987994060802	50.01997913866622980095
-23.02751375687843804485	50.01947395743986390926
-23.01550775387693903440	50.01891944371995890606
-23.00350175087543647123	50.01831501892738174320
-22.99149574787393746078	50.01766009940501334086
-22.97948974487243489762	50.01695408858076064007
-22.96748374187093588716	50.01619636923950906748
-22.95547773886943332400	50.01538629601043339790
-22.94347173586793431355	50.01452318817639053350
-22.93146573286643175038	50.01360632291131480542
-22.91945972986493273993	50.01263492904919871762
-22.90745372686343017676	50.01160818148512987591
-22.89544772386193116631	50.01052519630396631101
-22.88344172086042860315	50.00938502672654095704
-22.87143571785892959269	50.00818665995624456855
-22.85942971485742702953	50.00692901500060116859
-22.84742371185592801908	50.00561094153349017688
-22.83541770885442545591	50.00423121985330965344
-22.82341170585292644546	50.00278856198157484414
-22.81140570285142743501	50.00128161393460146655
-22.79939969984992487184	49.99970895918866631291
-22.78739369684842586139	49.99806912334604191983
-22.77538769384692329822	49.99636057999630622817
-22.76338169084542428777	49.99458175775366441940
-22.75137568784392172461	49.99273104843784665263
-22.73936968484242271415	49.99080681635240352989
-22.72736368184092015099	49.98880740860152371852
-22.71535767883942114054	49.98673116637335311907
-22.70335167583791857737	49.98457643710611364440
-22.69134567283641956692	49.98234158744138966313
-22.67933966983491700375	49.98002501685891019179
-22.66733366683341799330	49.97762517187712205669
-22.65532766383191543014	49.97514056069572774277
-22.64332166083041641969	49.97256976814906437312
-22.63131565782891385652	49.96991147083328854706
-22.61930965482741484607	49.96716445226604719210
-22.60730365182591228290	49.96432761793438714903
-22.59529764882441327245	49.96140001008525644011
-22.58329164582291070928	49.95838082211340491767
-22.57128564282141169883	49.95526941240337492900
-22.55927963981990913567	49.95206531748572587048
-22.54727363681841012522	49.94876826437317873797
-22.53526763381690756205	49.94537818194876876987
-22.52326163081540855160	49.94189521128681974460
-22.51125562781390598843	49.93831971479717424245
-22.49924962481240697798	49.93465228409435496815
-22.48724362181090441482	49.93089374650586620419
-22.47523761880940540436	49.92704517014739451497
-22.46323161580790284120	49.92310786750735474016
-22.45122561280640383075	49.91908339749868872559
-22.43921960980490126758	49.91497356595193224393
-22.42721360680340225713	49.91078042454032726027
-22.41520760380189969396	49.90650626814466050973
-22.40320160080040068351	49.90215363068261211765
-22.39119559779889812035	49.89772527944444391323
-22.37918959479739910989	49.89322420799364721233
-22.36718359179589654673	49.88865362770727074349
-22.35517758879439753628	49.88401695804648738886
-22.34317158579289497311	49.87931781566236111303
-22.33116558279139596266	49.87456000245572340646
-22.31915957978989339949	49.86974749272216911322
-22.30715357678839438904	49.86488441952448624761
-22.29514757378689182588	49.85997506044395777280
-22.28314157078539281542	49.85502382286986744475
-22.27113556778389025226	49.85003522899246775069
-22.25912956478239124181	49.84501390066854042971
-22.24712356178088867864	49.83996454433066958245
-22.23511755877938966819	49.83489193611134737694
-22.22311155577789065774	49.82980090735075151542
-22.21110555277638809457	49.82469633065282721418
-22.19909954977488908412	49.81958310664773392773
-22.18709354677338652095	49.81446615161062396737
-22.17508754377188751050	49.80935038607584175452
-22.16308154077038494734	49.80424072457365980426
-22.15107553776888593688	49.79914206660237852020
-22.13906953476738337372	49.79405928893277888392
-22.12706353176588436327	49.78899723932475041011
-22.11505752876438180010	49.78396073171723656969
-22.10305152576288278965	49.77895454293292942793
-22.09104552276138022648	49.77398341091852529416
-22.07903951975988121603	49.76905203451992321106
-22.06703351675837865287	49.76416507477015471750
-22.05502751375687964241	49.75932715764584912677
-22.04302151075537707925	49.75454287822594778845
-22.03101550775387806880	49.74981680616522794480
-22.01900950475237550563	49.74515349237392314308
-22.00700350175087649518	49.74055747677483907410
-21.99499749874937393201	49.73603329699039221623
-21.98299149574787492156	49.73158549779439141503
-21.97098549274637235840	49.72721864114746637142
-21.95897948974487334795	49.72293731662099247615
-21.94697348674337078478	49.71874615200219693634
-21.93496748374187177433	49.71464982386348907539
-21.92296148074036921116	49.71065306787161830471
-21.91095547773887020071	49.70676068860739604816
-21.89894947473736763754	49.70297756866480654026
-21.88694347173586862709	49.69930867679876484999
-21.87493746873436606393	49.69575907489451793708
-21.86293146573286705348	49.69233392353792311269
-21.85092546273136449031	49.68903848597524586239
-21.83891945972986547986	49.68587813026312716147
-21.82691345672836291669	49.68285832942437707516
-21.81490745372686390624	49.67998465944281605289
-21.80290145072536134307	49.67726279495051500135
-21.79089544772386233262	49.67469850248335916376
-21.77888944472235976946	49.67229763120555929845
-21.76688344172086075901	49.67006610103055663785
-21.75487743871935819584	49.66800988809414008074
-21.74287143571785918539	49.66613500756548660320
-21.73086543271635662222	49.66444749381315659775
-21.71885942971485761177	49.66295337797459552576
-21.70685342671335504861	49.66165866301064113486
-21.69484742371185603815	49.66056929635876571183
-21.68284142071035347499	49.65969114033149622855
-21.67083541770885446454	49.65902994043823071024
-21.65882941470735545408	49.65859129183981934830
-21.64682341170585289092	49.65838060417483035280
-21.63481740870435388047	49.65840306502484935436
-21.62281140570285131730	49.65866360231206044773
-21.61080540270135230685	49.65916684594643015771
-21.59879939969984974368	49.65991708906092583220
-21.58679339669835073323	49.66091824919181618725
-21.57478739369684817007	49.66217382977593075566
-21.56278139069534915961	49.66368688234885553356
-21.55077538769384659645	49.66545996983603572517
-21.53876938469234758600	49.66749513133302684764
-21.52676338169084502283	49.66979384877168257617
-21.51475737868934601238	49.67235701586521656736
-21.50275137568784344921	49.67518490971750111385
-21.49074537268634443876	49.67827716546977256939
-21.47873936968484187560	49.68163275434218206783
-21.46673336668334286514	49.68524996540725169325
-21.45472736368184030198	49.68912639140851439379
-21.44272136068034129153	49.69325891890961344188
-21.43071535767883872836	49.69764372302784494195
-21.41870935467733971791	49.70227626697121081634
-21.40670335167583715474	49.70715130656039804080
-21.39469734867433814429	49.71226289987613711219
-21.38269134567283558113	49.71760442212964647979
-21.37068534267133657067	49.72316858580844467497
-21.35867933966983400751	49.72894746610317184832
-21.34667333666833499706	49.73493253157303684020
-21.33466733366683243389	49.74111467995862057023
-21.32266133066533342344	49.74748427900176039884
-21.31065532766383086027	49.75403121208326950864
-21.29864932466233184982	49.76074492844101371247
-21.28664332166082928666	49.76761449768360279222
-21.27463731865933027620	49.77462866826969190015
-21.26263131565782771304	49.78177592957920438721
-21.25062531265632870259	49.78904457716222253794
-21.23861930965482613942	49.79642278071326444433
-21.22661330665332712897	49.80389865428439577499
-21.21460730365182456580	49.81146032822008606900
-21.20260130065032555535	49.81909602227032962674
-21.19059529764882299219	49.82679411931673740810
-21.17858929464732398174	49.83454323912935279850
-21.16658329164582141857	49.84233231155998566919
-21.15457728864432240812	49.85015064857125111075
-21.14257128564281984495	49.85798801449914918749
-21.13056528264132083450	49.86583469395145584713
-21.11855927963981827133	49.87368155675392955573
-21.10655327663831926088	49.88152011937183516466
-21.09454727363681669772	49.88934260225515515685
-21.08254127063531768727	49.89714198258218402771
-21.07053526763381867681	49.90491204190775675897
-21.05852926463231611365	49.91264740825890555698
-21.04652326163081710320	49.92034359226180129099
-21.03451725862931454003	49.92799701692985792079
-21.02251125562781552958	49.93560504079203354877
-21.01050525262631296641	49.94316597409414981712
-20.99849924962481395596	49.95067908786210608696
-20.98649324662331139280	49.95814461567501041372
-20.97448724362181238234	49.96556374805770417424
-20.96248124062030981918	49.97293861946459969658
-20.95047523761881080873	49.98027228789076303883
-20.93846923461730824556	49.98756870721035738825
-20.92646323161580923511	49.99483269240654692567
-20.91445722861430667194	50.00206987792018509253
-20.90245122561280766149	50.00928666940654210293
-20.89044522261130509833	50.01649018924897660554
-20.87843921960980608787	50.02368821623587535896
-20.86643321660830352471	50.03088911986123576980
-20.85442721360680451426	50.03810178975958677938
-20.84242121060530195109	50.04533556083218570620
-20.83041520760380294064	50.05260013466306645569
-20.81840920460230037747	50.05990549785955323614
-20.80640320160080136702	50.06726183798319596008
-20.79439719859929880386	50.07467945776173934291
-20.78239119559779979340	50.08216868829168788579
-20.77038519259629723024	50.08973980195379027691
-20.75837918959479821979	50.09740292576933029522
-20.74637318659329565662	50.10516795592484839972
-20.73436718359179664617	50.11304447418514484980
-20.72236118059029408300	50.12104166690068041135
-20.71035517758879507255	50.12916824729465758992
-20.69834917458729250939	50.13743238168794391640
-20.68634317158579349893	50.14584162028680935919
-20.67433716858429093577	50.15440283311895086626
-20.66233116558279192532	50.16312215165844179410
-20.65032516258128936215	50.17200491663010097909
-20.63831915957979035170	50.18105563242860966966
-20.62631315657828778853	50.19027792852870817342
-20.61430715357678877808	50.19967452819941655662
-20.60230115057528621492	50.20924722476922852366
-20.59029514757378720446	50.21899686562035469706
-20.57828914457228464130	50.22892334401919356424
-20.56628314157078563085	50.23902559881842222467
-20.55427713856928306768	50.24930162199326133532
-20.54227113556778405723	50.25974847390217092880
-20.53026513256628149406	50.27036230609025579952
-20.51825912956478248361	50.28113839138386254035
-20.50625312656327992045	50.29207116095621898921
-20.49424712356178090999	50.30315424797936429968
-20.48224112056028189954	50.31438053741536009511
-20.47023511755877933638	50.32574222144244657784
-20.45822911455728032593	50.33723085995854518160
-20.44622311155577776276	50.34883744555687457023
-20.43421710855427875231	50.36055247232610554420
-20.42221110555277618914	50.37236600779150563767
-20.41020510255127717869	50.38426776728375955372
-20.39819909954977461553	50.39624718999958474797
-20.38619309654827560507	50.40829351600206109651
-20.37418709354677304191	50.42039586340024470701
-20.36218109054527403146	50.43254330494627879489
-20.35017508754377146829	50.44472494329411915714
-20.33816908454227245784	50.45692998417750629869
-20.32616308154076989467	50.46914780678520173751
-20.31415707853927088422	50.48136803063940902803
-20.30215107553776832106	50.49358057831725687947
-20.29014507253626931060	50.50577573339660375495
-20.27813906953476674744	50.51794419305402072951
-20.26613306653326773699	50.53007711479568797586
-20.25412706353176517382	50.54216615685983526873
-20.24212106053026616337	50.55420351189162175842
-20.23011505752876360020	50.56618193355821944124
-20.21810905452726458975	50.57809475584151215344
-20.20610305152576202659	50.58993590481880886500
-20.19409704852426301613	50.60169990281648466635
-20.18209104552276045297	50.61338186489775381460
-20.17008504252126144252	50.62497748772242545101
-20.15807903951975887935	50.63648303089293278845
-20.14607303651825986890	50.64789529097681253234
-20.13406703351675730573	50.65921156846975037524
-20.12206103051525829528	50.67042962803505901093
-20.11005502751375573212	50.68154765242414327986
-20.09804902451225672166	50.69256419054767803800
-20.08604302151075415850	50.70347810022757784054
-20.07403701850925514805	50.71428848621592067047
-20.06203101550775258488	50.72499463411696751791
-20.05002501250625357443	50.73559594089286406415
-20.03801900950475101126	50.74609184267145423064
-20.02601300650325200081	50.75648174060564343790
-20.01400700350174943765	50.76676492555783681837
-20.00200100050025042719	50.77694050239954037806
-19.98999499749874786403	50.78700731472542173606
-19.97798899449724885358	50.79696387078254815606
-19.96598299149574629041	50.80680827140952260379
-19.95397698849424727996	50.81653814076639008590
-19.94197098549274471679	50.82615056061521841002
-19.92996498249124570634	50.83564200888260842248
-19.91795897948974314318	50.84500830320003927909
-19.90595297648824413272	50.85424455007588306898
-19.89394697348674512227	50.86334510030440725359
-19.88194097048524255911	50.87230351116293292080
-19.86993496748374354866	50.88111251588867389728
-19.85792896448224098549	50.88976400086269791245
-19.84592296148074197504	50.89824899085969178714
-19.83391695847923941187	50.90655764265051175244
-19.82191095547774040142	50.91467924716965143261
-19.80990495247623783825	50.92260224038284377457
-19.79789894947473882780	50.93031422291164744820
-19.78589294647323626464	50.93780198839314721226
-19.77388694347173725419	50.94505156047361538185
-19.76188094047023469102	50.95204823825727658004
-19.74987493746873568057	50.95877664995438749429
-19.73786893446723311740	50.96522081439885454301
-19.72586293146573410695	50.97136421003373385474
-19.71385692846423154378	50.97718985089558429991
-19.70185092546273253333	50.98268036906448941181
-19.68984492246122997017	50.98781810298792294134
-19.67783891945973095972	50.99258519103273101791
-19.66583291645822839655	50.99696366957176252299
-19.65382691345672938610	51.00093557486959383596
-19.64182091045522682293	51.00448304799680698807
-19.62981490745372781248	51.00758844197339669790
-19.61780890445222524932	51.01023443032075022074
-19.60580290145072623886	51.01240411618685755002
-19.59379689844922367570	51.01408114120262382585
-19.58179089544772466525	51.01524979322701369711
-19.56978489244622210208	51.01589511214621808222
-19.55777888944472309163	51.01600299290623041770
-19.54577288644322052846	51.01556028497967787416
-19.53376688344172151801	51.01455488749535049919
-19.52176088044021895485	51.01297583929324730434
-19.50975487743871994439	51.01081340320794765830
-19.49774887443721738123	51.00805914392871898144
-19.48574287143571837078	51.00470599883557554222
-19.47373686843421580761	51.00074834126546363677
-19.46173086543271679716	50.99618203572212138397
-19.44972486243121423399	50.99100448460574597220
-19.43771885942971522354	50.98521466610377927964
-19.42571285642821266038	50.97881316295207199119
-19.41370685342671364992	50.97180218184446687246
-19.40170085042521108676	50.96418556333922111889
-19.38969484742371207631	50.95596878218080405532
-19.37768884442220951314	50.94715893802582939998
-19.36568284142071050269	50.93776473663096027167
-19.35367683841920793952	50.92779646162803430798
-19.34167083541770892907	50.91726593707743120376
-19.32966483241620636591	50.90618648105342458621
-19.31765882941470735545	50.89457285057502389236
-19.30565282641320834500	50.88244117825222190277
-19.29364682341170578184	50.86980890106973873799
-19.28164082041020677138	50.85669468177834318112
-19.26963481740870420822	50.84311832340738135372
-19.25762881440720519777	50.82910067745041260423
-19.24562281140570263460	50.81466354630970982953
-19.23361680840420362415	50.79982958061334841204
-19.22161080540270106098	50.78462217204187112429
-19.20960480240120205053	50.76906534231927281553
-19.19759879939969948737	50.75318362903558977450
-19.18559279639820047692	50.73700196897552672226
-19.17358679339669791375	50.72054557963021892419
-19.16158079039519890330	50.70383983956644158297
-19.14957478739369634013	50.68691016832050877383
-19.13756878439219732968	50.66978190647252233703
-19.12556278139069476651	50.65248019654130473555
-19.11355677838919575606	50.63502986532062521974
-19.10155077538769319290	50.61745530825520944518
-19.08954477238619418245	50.59978037642890313919
-19.07753876938469161928	50.58202826670946450349
-19.06553276638319260883	50.56422141556402038987
-19.05352676338169004566	50.54638139702689159094
-19.04152076038019103521	50.52852882526821787224
-19.02951475737868847204	50.51068326217716020210
-19.01750875437718946159	50.49286313033852735543
-19.00550275137568689843	50.47508563174638851478
-18.99349674837418788798	50.45736667256313978669
-18.98149074537268532481	50.43972079419798859590
-18.96948474237118631436	50.42216111094492703160
-18.95747873936968375119	50.40469925438740972368
-18.94547273636818474074	50.38734532474564531412
-18.93346673336668217758	50.37010784931204199211
-18.92146073036518316712	50.35299374809208927672
-18.90945472736368060396	50.33600830674100734541
-18.89744872436218159351	50.31915515686139883655
-18.88544272136067903034	50.30243626370406673232
-18.87343671835918001989	50.28585192129219194612
-18.86143071535767745672	50.26940075496962379020
-18.84942471235617844627	50.25307973135532790820
-18.83741870935467588311	50.23688417566943797965
-18.82541270635317687265	50.22080779638045555657
-18.81340670335167430949	50.20484271710883206197
-18.80140070035017529904	50.18897951570820481493
-18.78939469734867273587	50.17320727043251338273
-18.77738869434717372542	50.15751361308439726372
-18.76538269134567116225	50.14188478902751455735
-18.75337668834417215180	50.12630572393234018591
-18.74137068534266958864	50.11076009711174350514
-18.72936468234117057818	50.09523042128819980690
-18.71735867933967156773	50.07969812861944092219
-18.70535267633816900457	50.06414366279283711947
-18.69334667333666999411	50.04854657698084707818
-18.68134067033516743095	50.03288563743035410880
-18.66933466733366842050	50.01713893243746866801
-18.65732866433216585733	50.00128398643603588880
-18.64532266133066684688	49.98529787890296205433
-18.63331665832916428371	49.96915736775633121169
-18.62131065532766527326	49.95283901689322192397
-18.60930465232616271010	49.93631932748301238689
-18.59729864932466369964	49.91957487259938375246
-18.58529264632316113648	49.90258243473984833827
-18.57328664332166212603	49.88531914574604542167
-18.56128064032015956286	49.86776262860137620692
-18.54927463731866055241	49.84989114054518921648
-18.53726863431715798924	49.83168371690511122551
-18.52526263131565897879	49.81312031501154535817
-18.51325662831415641563	49.79418195752143105892
-18.50125062531265740517	49.77485087444259193035
-18.48924462231115484201	49.75511064311574926933
-18.47723861930965583156	49.73494632537961734897
-18.46523261630815326839	49.71434460111500186486
-18.45322661330665425794	49.69329389733866975121
-18.44122061030515169477	49.67178451199566779906
-18.42921460730365268432	49.64980873158221186259
-18.41720860430215012116	49.62736094171924605689
-18.40520260130065111071	49.60443772979096621611
-18.39319659829914854754	49.58103797876314899895
-18.38119059529764953709	49.55716295130309845263
-18.36918459229614697392	49.53281636333808535255
-18.35717858929464796347	49.50800444621118145960
-18.34517258629314540030	49.48273599662388022580
-18.33316658329164638985	49.45702241359395401332
-18.32116058029014382669	49.43087772170393634497
-18.30915457728864481624	49.40431857997204190269
-18.29714857428714225307	49.37736427574192532575
-18.28514257128564324262	49.35003670306100076459
-18.27313656828414067945	49.32236032509916867639
-18.26113056528264166900	49.29436212024971553092
-18.24912456228113910583	49.26607151165229225853
-18.23711855927964009538	49.23752027998329339198
-18.22511255627813753222	49.20874245947110381394
-18.21310655327663852177	49.17977421721241171326
-18.20110055027513595860	49.15065371598941368347
-18.18909454727363694815	49.12142096091636034316
-18.17708854427213438498	49.09211763037593101444
-18.16508254127063537453	49.06278689184070174178
-18.15307653826913281137	49.03347320331106118374
-18.14107053526763380091	49.00422210123746680210
-18.12906453226613479046	48.97507997593079664966
-18.11705852926463222730	48.94609383559762250115
-18.10505252626313321684	48.91731106026760755867
-18.09304652326163065368	48.88877914700523774627
-18.08104052026013164323	48.86054544791713993845
-18.06903451725862908006	48.83265690257787383644
-18.05702851425713006961	48.80515976659978605312
-18.04502251125562750644	48.77809933816519816219
-18.03301650825412849599	48.75151968442052918817
-18.02101050525262593283	48.72546336970054881021
-18.00900450225112692237	48.69997118760647225599
-17.99699849924962435921	48.67508189900152615337
-17.98499249624812534876	48.65083197801300940455
-17.97298649324662278559	48.62725536813771753941
-17.96098049024512377514	48.60438325053949171206
-17.94897448724362121197	48.58224382660075946205
-17.93696848424212220152	48.56086211674590202847
-17.92496248124061963836	48.54025977749119391547
-17.91295647823912062790	48.52045493859514380119
-17.90095047523761806474	48.50146206208330568188
-17.88894447223611905429	48.48329182480406274180
-17.87693846923461649112	48.46595102603664884100
-17.86493246623311748067	48.44944252152013319801
-17.85292646323161491750	48.43376518510347494839
-17.84092046023011590705	48.41891389903281606166
-17.82891445722861334389	48.40487957369376914585
-17.81690845422711433343	48.39164919741543968712
-17.80490245122561177027	48.37920591672018844065
-17.79289644822411275982	48.36752914717072115991
-17.78089044522261019665	48.35659471472528991853
-17.76888444222111118620	48.34637502726496904870
-17.75687843921960862303	48.33683927570567107068
-17.74487243621810961258	48.32795366385405344545
-17.73286643321660704942	48.31968166591279612021
-17.72086043021510803896	48.31198431028943218735
-17.70885442721360547580	48.30482048811553852374
-17.69684842421210646535	48.29814728464265982666
-17.68484242121060390218	48.29192033144985174431
-17.67283641820910489173	48.28609417717695606598
-17.66083041520760232856	48.28062267429088194604
-17.64882441220610331811	48.27545937920040586278
-17.63681840920460075495	48.27055796286084898838
-17.62481240620310174450	48.26587262885568208048
-17.61280640320159918133	48.26135853580858992018
-17.60080040020010017088	48.25697222086964899290
-17.58879439719859760771	48.25267202093334617530
-17.57678839419709859726	48.24841848818655876130
-17.56478239119559603409	48.24417479655186014043
-17.55277638819409702364	48.23990713558644216619
-17.54077038519259801319	48.23558508842106107295
-17.52876438219109545003	48.23118199037588027522
-17.51675837918959643957	48.22667526497242107553
-17.50475237618809387641	48.22204673417191855833
-17.49274637318659486596	48.21728289981079740301
-17.48074037018509230279	48.21237519337221044680
-17.46873436718359329234	48.20732019142870683481
-17.45672836418209072917	48.20211979431333304547
-17.44472236118059171872	48.19678136582382421693
-17.43271635817908915556	48.19131783203517471748
-17.42071035517759014510	48.18574773758809470792
-17.40870435217608758194	48.18009525813266691330
-17.39669834917458857149	48.17439016793510120351
-17.38469234617308600832	48.16866776199923094737
-17.37268634317158699787	48.16296873240966647245
-17.36068034017008443470	48.15733899896842729049
-17.34867433716858542425	48.15182949456752936612
-17.33666833416708286109	48.14649590611426788200
-17.32466233116558385063	48.14139837219975959215
-17.31265632816408128747	48.13660113907234716635
-17.30065032516258227702	48.13217217684177029469
-17.28864432216107971385	48.12818275819466151688
-17.27663831915958070340	48.12470700224398711953
-17.26463231615807814023	48.12182138646052464992
-17.25262631315657912978	48.11960422994154384924
-17.24062031015507656662	48.11813515155627385411
-17.22861430715357755616	48.11749450676776973523
-17.21660830415207499300	48.11776280716317444330
-17.20460230115057598255	48.11902012692686270157
-17.19259629814907341938	48.12134550066166127635
-17.18059029514757440893	48.12481631709952267784
-17.16858429214607184576	48.12950771334424615588
-17.15657828914457283531	48.13549197435221316255
-17.14457228614307027215	48.14283794238289715395
-17.13256628314157126169	48.15161044113763466612
-17.12056028014006869853	48.16186971925228021973
-17.10855427713856968808	48.17367091771745890583
-17.09654827413706712491	48.18706356566861614965
-17.08454227113556811446	48.20209110881855707476
-17.07253626813406555129	48.21879047459712808177
-17.06053026513256654084	48.23719167781938921280
-17.04852426213106397768	48.25731747042465968889
-17.03651825912956496722	48.27918303851777181990
-17.02451225612806240406	48.30279574960188426758
-17.01250625312656339361	48.32815495252264526016
-17.00050025012506083044	48.35525183224863354781
-16.98849424712356181999	48.38406932119615788679
-16.97648824412206280954	48.41458206837124578215
-16.96448224112056024637	48.44675646715098338291
-16.95247623811906123592	48.48055074206435222095
-16.94047023511755867275	48.51591509446333105871
-16.92846423211605966230	48.55279190650174570010
-16.91645822911455709914	48.59111600236651185014
-16.90445222611305808869	48.63081496523792424114
-16.89244622311155552552	48.67180950799556171660
-16.88044022011005651507	48.71401389523950342664
-16.86843421710855395190	48.75733641376578475501
-16.85642821410705494145	48.80167988822493896350
-16.84442221110555237829	48.84694223830639003836
-16.83241620810405336783	48.89301707343304315145
-16.82041020510255080467	48.93979432062305789941
-16.80840420210105179422	48.98716088088250586452
-16.79639819909954923105	49.03500130923617206236
-16.78439219609805022060	49.08319851328668903534
-16.77238619309654765743	49.13163446501685882595
-16.76038019009504864698	49.18019092041783579816
-16.74837418709354608382	49.22875014143884442319
-16.73636818409204707336	49.27719561471270282027
-16.72436218109054451020	49.32541276151693665497
-16.71235617808904549975	49.37328963348245025600
-16.70035017508754293658	49.42071758866072173078
-16.68834417208604392613	49.46759194270573090080
-16.67633816908454136296	49.51381259011694879746
-16.66433216608304235251	49.55928459072406866426
-16.65232616308153978935	49.60391871687004083924
-16.64032016008004077889	49.64763195706505882754
-16.62831415707853821573	49.69034797223709176706
-16.61630815407703920528	49.73199750109230876660
-16.60430215107553664211	49.77251871151721474007
-16.59229614807403763166	49.81185749540055951456
-16.58029014507253506849	49.84996770472320548606
-16.56828414207103605804	49.88681132725391620397
-16.55627813906953349488	49.92235860069428099450
-16.54427213606803448442	49.95658806463256951247
-16.53226613306653192126	49.98948655018942588413
-16.52026013006503291081	50.02104910776318291710
-16.50825412706353034764	50.05127887380537998752
-16.49624812406203133719	50.08018687807177116156
-16.48424212106052877402	50.10779179329783517005
-16.47223611805902976357	50.13411962973412272504
-16.46023011505752720041	50.15920337744316270800
-16.44822411205602818995	50.18308259970027052077
-16.43621810905452562679	50.20580298125261720088
-16.42421210605302661634	50.22741583556976507907
-16.41220610305152405317	50.24797757556171262650
-16.40020010005002504272	50.26754915254326760987
-16.38819409704852603227	50.28619546848465660105
-16.37618809404702346910	50.30398476680393571314
-16.36418209104552445865	50.32098800712601160967
-16.35217608804402189548	50.33727822955349040512
-16.34017008504252288503	50.35292991406545581867
-16.32816408204102032187	50.36801834068079841700
-16.31615807903952131142	50.38261895599210049568
-16.30415207603801874825	50.39680675159541323183
-16.29214607303651973780	50.41065565981038787413
-16.28014007003501717463	50.42423797190551226777
-16.26813406703351816418	50.43762378381636324320
-16.25612806403201560101	50.45088047407278253331
-16.24412206103051659056	50.46407221833583633952
-16.23211605802901402740	50.47725954459047414957
-16.22011005502751501695	50.49049893264828625661
-16.20810405202601245378	50.50384246118966302674
-16.19609804902451344333	50.51733750512057952164
-16.18409204602301088016	50.53102648553974063361
-16.17208604302151186971	50.54494667411177744043
-16.16008004002000930655	50.55913005312572749972
-16.14807403701851029609	50.57360323199062435151
-16.13606803401700773293	50.58838742038571467674
-16.12406203101550872248	50.60349845774739918625
-16.11205602801400615931	50.61894689824281812207
-16.10005002501250714886	50.63473814985659515742
-16.08804402201100458569	50.65087266570694879420
-16.07603801900950557524	50.66734618521564215143
-16.06403201600800301208	50.68415002228694987707
-16.05202601300650400162	50.70127139720934650313
-16.04002001000500143846	50.71869380858311160409
-16.02801400700350242801	50.73639744120224293056
-16.01600800400199986484	50.75435960548318803376
-16.00400200100050085439	50.77255520373917363486
-15.99199599799900006758	50.79095721835015808665
-15.97998999499749928077	50.80953721667725631050
-15.96798399199599849396	50.82826586741850150020
-15.95597798899449770715	50.84711346300188239411
-15.94397198599299692034	50.86605044256255325763
-15.93196598299149613354	50.88504791005422589478
-15.91995997998999534673	50.90407814210090009510
-15.90795397698849455992	50.92311508030253008883
-15.89594797398699377311	50.94213480286726536406
-15.88394197098549298630	50.96111597065112164273
-15.87193596798399219949	50.98004024294192504385
-15.85992996498249141268	50.99889265862560705500
-15.84792396198099062588	51.01766197871633323757
-15.83591795897948983907	51.03634098661477480618
-15.82391195597798905226	51.05492674287692977941
-15.81190595297648826545	51.07342079172542526067
-15.79989994997498747864	51.09182931701241159317
-15.78789394697348669183	51.11016324584223724514
-15.77588794397198590502	51.12843829857976629683
-15.76388194097048511821	51.14667498450018712219
-15.75187593796898433141	51.16489854287409855260
-15.73986993496748354460	51.18313882982208440353
-15.72786393196598275779	51.20143015181072598807
-15.71585792896448197098	51.21981104719166921768
-15.70385192596298118417	51.23832401770208377911
-15.69184592296148039736	51.25701521234323365661
-15.67983991995997961055	51.27593406652929530765
-15.66783391695847882374	51.29513289984630830531
-15.65582791395697803694	51.31466647617647680590
-15.64382191095547725013	51.33459153032238475589
-15.63181590795397646332	51.35496626560497190894
-15.61980990495247567651	51.37584982720450454963
-15.60780390195097488970	51.39730175626353769758
-15.59579789894947410289	51.41938142997084071339
-15.58379189594797331608	51.44214749299482036804
-15.57178589294647252927	51.46565728573154530068
-15.55977988994497174247	51.48996627487568389370
-15.54777388694347095566	51.51512749181147654554
-15.53576788394197016885	51.54119098425548628484
-15.52376188094046938204	51.56820328646409734574
-15.51175587793897037159	51.59620691314670892780
-15.49974987493746958478	51.62523988200334912335
-15.48774387193596879797	51.65533526953335297094
-15.47573786893446801116	51.68652080444396546000
-15.46373186593296722435	51.71881850262606405977
-15.45172586293146643754	51.75224434726294475695
-15.43971985992996565074	51.78680801720059889703
-15.42771385692846486393	51.82251266623869412342
-15.41570785392696407712	51.85935475550507334219
-15.40370185092546329031	51.89732394055760522633
-15.39169584792396250350	51.93640301432112238444
-15.37968984492246171669	51.97656790641904933636
-15.36768384192096092988	52.01778773890447382655
-15.35567783891946014307	52.06002493783955031859
-15.34367183591795935627	52.10323539962077177279
-15.33166583291645856946	52.14736871040592092186
-15.31965982991495778265	52.19236841647266800237
-15.30765382691345699584	52.23817234283303889697
-15.29564782391195620903	52.28471295694851050939
-15.28364182091045542222	52.33191777394126376066
-15.27163581790895463541	52.37970979928363135514
-15.25962981490745384860	52.42800800457329302162
-15.24762381190595306180	52.47672783167111987268
-15.23561780890445227499	52.52578172019461533182
-15.22361180590295148818	52.57507965312581177386
-15.21160580290145070137	52.62452971511110888514
-15.19959979989994991456	52.67403865790319628104
-15.18759379689844912775	52.72351246732445417820
-15.17558779389694834094	52.77285692611670242513
-15.16358179089544755413	52.82197816708561788346
-15.15157578789394676733	52.87078321104826272858
-15.13956978489244598052	52.91918048424881249048
-15.12756378189094519371	52.96708031011934281196
-15.11555777888944440690	53.01439537052736028500
-15.10355177588794362009	53.06104113196735028168
-15.09154577288644283328	53.10693623251719230893
-15.07953976988494204647	53.15200282578803125944
-15.06753376688344125967	53.19616687854457381945
-15.05552776388194047286	53.23935841915739075603
-15.04352176088043968605	53.28151173456479483548
-15.03151575787893889924	53.32256551396437771473
-15.01950975487743811243	53.36246293801796980460
-15.00750375187593732562	53.40115171293285101228
-14.99549774887443653881	53.43858404937111572508
-14.98349174587293575200	53.47471658673187988597
-14.97148574287143496520	53.50951026394174903089
-14.95947973986993417839	53.54293013847177462594
-14.94747373686843339158	53.57494515586756023140
-14.93546773386693260477	53.60552787262839302684
-14.92346173086543359432	53.63465413579403673339
-14.91145572786393280751	53.66230272309054782909
-14.89944972486243202070	53.68845494794220485346
-14.88744372186093123389	53.71309423407174676868
-14.87543771885943044708	53.73620566478046356451
-14.86343171585792966027	53.75777551231946205235
-14.85142571285642887347	53.77779075302976252715
-14.83941970985492808666	53.79623857413916709902
-14.82741370685342729985	53.81310587825482372182
-14.81540770385192651304	53.82837879168064176838
-14.80340170085042572623	53.84204218271659669881
-14.79139569784892493942	53.85407919606152660208
-14.77938969484742415261	53.86447080934222242377
-14.76738369184592336580	53.87319541763009311808
-14.75537768884442257900	53.88022845158294416024
-14.74337168584292179219	53.88554203456563840291
-14.73136568284142100538	53.88910468376172957505
-14.71935967983992021857	53.89088105989132060358
-14.70735367683841943176	53.89083176970191857436
-14.69534767383691864495	53.88891322490313484650
-14.68334167083541785814	53.88507756067650689147
-14.67133566783391707133	53.87927261631449482593
-14.65932966483241628453	53.87144197993197280994
-14.64732366183091549772	53.86152509855604364475
-14.63531765882941471091	53.84945745424097651721
-14.62331165582791392410	53.83517080618140937531
-14.61130565282641313729	53.81859349811482218229
-14.59929964982491235048	53.79965082961997779876
-14.58729364682341156367	53.77826548923926708312
-14.57528764382191077686	53.75435804668506278858
-14.56328164082040999006	53.72784750074083603977
-14.55127563781890920325	53.69865187884342105917
-14.53926963481740841644	53.66668888373871482145
-14.52726363181590762963	53.63187658204737573442
-14.51525762881440684282	53.59413412906295803850
-14.50325162581290605601	53.55338252364028051034
-14.49124562281140526920	53.50954538661972748059
-14.47923961980990448239	53.46254975587955016181
-14.46723361680840369559	53.41232689081611084703
-14.45522761380690290878	53.35881307882526414232
-14.44322161080540212197	53.30195043619993100492
-14.43121560780390133516	53.24168769577047299890
-14.41920960480240054835	53.17798097359876408063
-14.40720360180089976154	53.11079450709342353321
-14.39519759879939897473	53.04010135704392325806
-14.38319159579789818793	52.96588406627341072408
-14.37118559279639740112	52.88813526788450758431
-14.35917958979489661431	52.80685823641558584995
-14.34717358679339582750	52.72206737563573852867
-14.33516758379189681705	52.63378863718114075709
-14.32316158079039603024	52.54205986476976875110
-14.31115557778889524343	52.44693105932169885364
-14.29914957478739445662	52.34846456095258560026
-14.28714357178589366981	52.24673514449396805048
-14.27513756878439288300	52.14183002591870064180
-14.26313156578289209619	52.03384877780764838917
-14.25112556278139130939	51.92290315277738699251
-14.23911955977989052258	51.80911681459144801920
-14.22711355677838973577	51.69262497749203788544
-14.21510755377688894896	51.57357395510793196536
-14.20310155077538816215	51.45212062110984163610
-14.19109554777388737534	51.32843178458920618823
-14.17908954477238658853	51.20268348392305313155
-14.16708354177088580172	51.07506020364835563896
-14.15507753876938501492	50.94575401959718874423
-14.14307153576788422811	50.81496367823246629314
-14.13106553276638344130	50.68289361676550441871
-14.11905952976488265449	50.54975293122592461259
-14.10705352676338186768	50.41575430018481540628
-14.09504752376188108087	50.28111287229910431051
-14.08304152076038029406	50.14604512624310217461
-14.07103551775887950726	50.01076771191893044488
-14.05902951475737872045	49.87549628208684993069
-14.04702351175587793364	49.74044432372701862732
-14.03501750875437714683	49.60582199853330109818
-14.02301150575287636002	49.47183500194673655415
-14.01100550275137557321	49.33868345005961941752
-13.99899949974987478640	49.20656080356202011217
-13.98699349674837399959	49.07565283766076191796
-13.97498749374687321279	48.94613666657897965706
-13.96298149074537242598	48.81817983084413015149
-13.95097548774387163917	48.69193945509707788233
-13.93896948474237085236	48.56756148360851454981
-13.92696348174087006555	48.44518000007583680144
-13.91495747873936927874	48.32491663759868316674
-13.90295147573786849193	48.20688008400082935623
-13.89094547273636770512	48.09116568688545356736
-13.87893946973486691832	47.97785516198765520812
-13.86693346673336613151	47.86701640752851005800
-13.85492746373186534470	47.75870342638755516873
-13.84292146073036455789	47.65295635700211107633
-13.83091545772886377108	47.54980161298108498613
-13.81890945472736298427	47.44925213049554457712
-13.80690345172586219746	47.35130772158674261618
-13.79489744872436141065	47.25595553062273523892
-13.78289144572286062385	47.16317059024503066667
-13.77088544272135983704	47.07291647228564102079
-13.75887943971985905023	46.98514602830895370289
-13.74687343671836003978	46.89980221365097179387
-13.73486743371685925297	46.81681898809623021407
-13.72286143071535846616	46.73612228565838222494
-13.71085542771385767935	46.65763104531848881606
-13.69884942471235689254	46.58125829403266493500
-13.68684342171085610573	46.50691227285187778762
-13.67483741870935531892	46.43449759660597209177
-13.66283141570785453212	46.36391643729562872522
-13.65082541270635374531	46.29506972111179408103
-13.63881940970485295850	46.22785832886568613276
-13.62681340670335217169	46.16218428956375419148
-13.61480740370185138488	46.09795195690308844405
-13.60280140070035059807	46.03506915859193071583
-13.59079539769884981126	45.97344830861782583042
-13.57878939469734902445	45.91300747288917705191
-13.56678339169584823765	45.85367137906347068110
-13.55477738869434745084	45.79537236184278015116
-13.54277138569284666403	45.73805123556097385062
-13.53076538269134587722	45.68165808650226011878
-13.51875937968984509041	45.62615297807255387852
-13.50675337668834430360	45.57150656268660782189
-13.49474737368684351679	45.51770059502976550903
-13.48274137068534272998	45.46472834219534320255
-13.47073536768384194318	45.41259488708073632779
-13.45872936468234115637	45.36131732233845070823
-13.44672336168084036956	45.31092483311580565442
-13.43471735867933958275	45.26145866776891324434
-13.42271135567783879594	45.21297199669658084531
-13.41070535267633800913	45.16552966039721894731
-13.39869934967483722232	45.11920780880026882187
-13.38669334667333643552	45.07409343485328179213
-13.37468734367183564871	45.03028380624935067544
-13.36268134067033486190	44.98788580004870141238
-13.35067533766883407509	44.94701514577532464045
-13.33866933466733328828	44.90779558334782706197
-13.32666333166583250147	44.87035794292537360661
-13.31465732866433171466	44.83483915440984901579
-13.30265132566283092785	44.80138119493709325525
-13.29064532266133014105	44.77012998320905978744
-13.27863931965982935424	44.74123422996014198816
-13.26663331665832856743	44.71484425421135711076
-13.25462731365682778062	44.69111077524222963575
-13.24262131065532699381	44.67018369039958969324
-13.23061530765382620700	44.65221084896480618909
-13.21860930465232542019	44.63733683231388482682
-13.20660330165082463338	44.62570175052989185360
-13.19459729864932384658	44.61744006546436480676
-13.18259129564782305977	44.61267944999586632093
-13.17058529264632404931	44.61153969290198517683
-13.15857928964482326251	44.61413165834871108473
-13.14657328664332247570	44.62055630851305210172
-13.13456728364182168889	44.63090379729408851972
-13.12256128064032090208	44.64525264244132785052
-13.11055527763882011527	44.66366898274127095192
-13.09854927463731932846	44.68620592616137088271
-13.08654327163581854165	44.71290299406042123564
-13.07453726863431775485	44.74378566574407756207
-13.06253126563281696804	44.77886502678067870420
-13.05052526263131618123	44.81813752360332614444
-13.03851925962981539442	44.86158482601791774869
-13.02651325662831460761	44.90917379832085032376
-13.01450725362681382080	44.96085657881304342709
-13.00250125062531303399	45.01657076658644029976
-12.99049524762381224718	45.07623971356365188967
-12.97848924462231146038	45.13977291889816001458
-12.96648324162081067357	45.20706652199963571093
-12.95447723861930988676	45.27800388964315203566
-12.94247123561780909995	45.35245629185980931197
-12.93046523261630831314	45.43028366059515832376
-12.91845922961480752633	45.51133542446798685432
-12.90645322661330673952	45.59545141236932153106
-12.89444722361180595271	45.68246281811625664204
-12.88244122061030516591	45.77219321792061634824
-12.87043521760880437910	45.86445963205216003189
-12.85842921460730359229	45.95907362177339905429
-12.84642321160580280548	46.05584241239931486689
-12.83441720860430201867	46.15457003319279749576
-12.82241120560280123186	46.25505846474487015030
-12.81040520260130044505	46.35710878450893801528
-12.79839919959979965824	46.46052230125835791341
-12.78639319659829887144	46.56510166941596651213
-12.77438719359679808463	46.67065197446000723858
-12.76238119059529729782	46.77698178094034631158
-12.75037518759379651101	46.88390413503884701640
-12.73836918459229572420	46.99123751407321947227
-12.72636318159079493739	47.09880671587097111797
-12.71435717858929415058	47.20644368152289160889
-12.70235117558779336377	47.31398824565930283370
-12.69034517258629257697	47.42128880906972199227
-12.67833916958479179016	47.52820292920220168753
-12.66633316658329100335	47.63459782482568272144
-12.65432716358179021654	47.74035079190894492740
-12.64232116058028942973	47.84534952855829459395
-12.63031515757878864292	47.94949236765381783698
-12.61830915457728785611	48.05268841662483936261
-12.60630315157578706931	48.15485760460147446338
-12.59429714857428628250	48.25593063796429049717
-12.58229114557278727204	48.35584886608094734584
-12.57028514257128648524	48.45456405976047875583
-12.55827913956978569843	48.55203810566703737095
-12.54627313656828491162	48.64824262060886894687
-12.53426713356678412481	48.74315849024959845792
-12.52226113056528333800	48.83677533737295561878
-12.51025512756378255119	48.92909092536363857562
-12.49824912456228176438	49.02011050304257366861
-12.48624312156078097757	49.10984609741085904489
-12.47423711855928019077	49.19831576120984806266
-12.46223111555777940396	49.28554278249355746766
-12.45022511255627861715	49.37155486363162992802
-12.43821910955477783034	49.45638327731603567372
-12.42621310655327704353	49.54006200723133446218
-12.41420710355177625672	49.62262688106799402021
-12.40220110055027546991	49.70411470351089633368
-12.39019509754877468310	49.78456239672284056041
-12.37818909454727389630	49.86400615566719096705
-12.36618309154577310949	49.94248062537802468341
-12.35417708854427232268	50.02001810699265860194
-12.34217108554277153587	50.09664779901428488529
-12.33016508254127074906	50.17239507987591196070
-12.31815907953976996225	50.24728083743460871347
-12.30615307653826917544	50.32132085054267633950
-12.29414707353676838864	50.39452522732486272616
-12.28214107053526760183	50.46689790424267130220
-12.27013506753376681502	50.53843620945495729302
-12.25812906453226602821	50.60913049339276881256
-12.24612306153076524140	50.67896382886249284638
-12.23411705852926445459	50.74791178237973809928
-12.22211105552776366778	50.81594225782335172426
-12.21010505252626288097	50.88301541288979024102
-12.19809904952476209417	50.94908364822819635265
-12.18609304652326130736	51.01409166855131616103
-12.17408704352176052055	51.07797661445182768603
-12.16208104052025973374	51.14066826311232460966
-12.15007503751875894693	51.20208929558456389941
-12.13806903451725816012	51.26215562783345802700
-12.12606303151575737331	51.32077680229764382602
-12.11405702851425658650	51.37785643631387699770
-12.10205102551275579970	51.43329272338993973790
-12.09004502251125501289	51.48697898299275976797
-12.07803901950975422608	51.53880425424571143367
-12.06603301650825343927	51.58865392870409039006
-12.05402701350675265246	51.63641041720016744421
-12.04202101050525186565	51.68195384561981597926
-12.03001500750375107884	51.72516277439080312206
-12.01800900450225029203	51.76591493642825980714
-12.00600300150074950523	51.80408798829349592552
-11.99399699849925049477	51.83772116899800153078
-11.98199099549774970797	51.86660474441108448218
-11.96998499249624892116	51.89244506316919824940
-11.95797898949474813435	51.91514589811045965462
-11.94597298649324734754	51.93461549180390335323
-11.93396698349174656073	51.95076723225851367260
-11.92196098049024577392	51.96352030090100271309
-11.90995497748874498711	51.97280028944595642315
-11.89794897448724420030	51.97853978263701435480
-11.88594297148574341350	51.98067890420108483340
-11.87393696848424262669	51.97916582372577209981
-11.86193096548274183988	51.97395722253820338210
-11.84992496248124105307	51.96501871702802333175
-11.83791895947974026626	51.95232523821495362881
-11.82591295647823947945	51.93586136670737118948
-11.81390695347673869264	51.91562162253131162970
-11.80190095047523790583	51.89161070962425270636
-11.78989494747373711903	51.86384371508422219677
-11.77788894447223633222	51.83234626353815599487
-11.76588294147073554541	51.79715462724377061932
-11.75387693846923475860	51.75831579276307081727
-11.74187093546773397179	51.71588748524375489524
-11.72986493246623318498	51.66993815151470670344
-11.71785892946473239817	51.62054690334414175368
-11.70585292646323161136	51.56780342232336522557
-11.69384692346173082456	51.51180782792567924844
-11.68184092046023003775	51.45267051035028060824
-11.66983491745872925094	51.39051192979452764575
-11.65782891445722846413	51.32546238380815850633
-11.64582291145572767732	51.25766174436957101079
-11.63381690845422689051	51.18725916629075101127
-11.62181090545272610370	51.11441276850487724914
-11.60980490245122531690	51.03928928972234047023
-11.59779889944972453009	50.96206371985872607411
-11.58579289644822374328	50.88291890854565480140
-11.57378689344672295647	50.80204515193475600654
-11.56178089044522216966	50.71963975889897824345
-11.54977488744372138285	50.63590659762803625199
-11.53776888444222059604	50.55105562350713910291
-11.52576288144071980923	50.46530238906518661679
-11.51375687843921902243	50.37886753668110628723
-11.50175087543771823562	50.29197627464893116667
-11.48974487243621744881	50.20485783712549476832
-11.47773886943471666200	50.11774492842133099657
-11.46573286643321587519	50.03087315204779628175
-11.45372686343171508838	49.94448042490316908015
-11.44172086043021430157	49.85880637696912742740
-11.42971485742871351476	49.77409173689721910705
-11.41770885442721272796	49.69057770389434125491
-11.40570285142571371750	49.60850530636643895832
-11.39369684842421293069	49.52811474785132617171
-11.38169084542271214389	49.44964474086449968127
-11.36968484242121135708	49.37333182939481446283
-11.35767883941971057027	49.29940970092015817272
-11.34567283641820978346	49.22810848896425284238
-11.33366683341670899665	49.15965406738388310259
-11.32166083041520820984	49.09426733775875106858
-11.30965482741370742303	49.03216351145165674552
-11.29764882441220663623	48.97355138811276020760
-11.28564282141070584942	48.91863263261469541021
-11.27363681840920506261	48.86760105262382580804
-11.26163081540770427580	48.82064187923221965093
-11.24962481240620348899	48.77793105329330103359
-11.23761880940470270218	48.73963452031705401168
-11.22561280640320191537	48.70590753698601105270
-11.21360680340170112856	48.67689399254605575607
-11.20160080040020034176	48.65272574850504838651
-11.18959479739869955495	48.63352200023191329592
-11.17758879439719876814	48.61938866418770999189
-11.16558279139569798133	48.61041779463447909393
-11.15357678839419719452	48.60668703375417720736
-11.14157078539269640771	48.60825909916734133276
-11.12956478239119562090	48.61518131286518240586
-11.11755877938969483409	48.62748517555924365752
-11.10555277638819404729	48.64518599040655288945
-11.09354677338669326048	48.66828253998440345640
-11.08154077038519247367	48.69675682026673513292
-11.06953476738369168686	48.73057383519233098923
-11.05752876438219090005	48.76968145521389175201
-11.04552276138069011324	48.81401034297672225648
-11.03351675837918932643	48.86347394899614471342
-11.02151075537768853962	48.91796857988634172898
-11.00950475237618775282	48.97737354133970200110
-10.99749874937468696601	49.04155135766851003609
-10.98549274637318617920	49.11034806930116047852
-10.97348674337168539239	49.18359360917634148791
-10.96148074037018460558	49.26110225850322166252
-10.94947473736868381877	49.34267318185796113994
-10.93746873436718303196	49.42809104106942186263
-10.92546273136568224515	49.51712668681505391532
-10.91345672836418145835	49.60953792630463254909
-10.90145072536268067154	49.70507036488038465905
-10.88944472236117988473	49.80345831881103890737
-10.87743871935967909792	49.90442579600956918284
-10.86543271635817831111	50.00768754086472256404
-10.85342671335667752430	50.11295013884970472873
-10.84142071035517673749	50.21991317606265425866
-10.82941470735367772704	50.32827044836745500334
-10.81740870435217694023	50.43771121434504323133
-10.80540270135067615342	50.54792148583892696934
-10.79339669834917536662	50.65858534948863933778
-10.78139069534767457981	50.76938631229599252492
-10.76938469234617379300	50.88000866396374988199
-10.75737868934467300619	50.99013884849011901679
-10.74537268634317221938	51.09946683729647531891
-10.73336668334167143257	51.20768749601442237918
-10.72136068034017064576	51.31450193696245776209
-10.70935467733866985895	51.41961884930532278304
-10.69734867433716907215	51.52275579891079360095
-10.68534267133566828534	51.62364049000078836116
-10.67333666833416749853	51.72201198083627815549
-10.66133066533266671172	51.81762184587810082803
-10.64932466233116592491	51.91023527712818008695
-10.63731865932966513810	51.99963211767613557868
-10.62531265632816435129	52.08560782085297802269
-10.61330665332666356448	52.16797432882447083102
-10.60130065032516277768	52.24656086493868656362
-10.58929464732366199087	52.32121463467208855036
-10.57728864432216120406	52.39180143059220995383
-10.56528264132066041725	52.45820613736863435861
-10.55327663831915963044	52.52033313351276433423
-10.54127063531765884363	52.57810658720598695481
-10.52926463231615805682	52.63147064427966625999
-10.51725862931465727002	52.68038950713405910165
-10.50525262631315648321	52.72484740412025416845
-10.49324662331165569640	52.76484844965428777641
-10.48124062031015490959	52.80041639607919279342
-10.46923461730865412278	52.83159427903326132991
-10.45722861430715333597	52.85844395881470347831
-10.44522261130565254916	52.88104556094860697613
-10.43321660830415176235	52.89949681985518026295
-10.42121060530265097555	52.91391233018367756813
-10.40920460230115018874	52.92442271100765083247
-10.39719859929964940193	52.93117368866988670106
-10.38519259629814861512	52.93432510461420292813
-10.37318659329664782831	52.93404985504123771989
-10.36118059029514704150	52.93053276967306430834
-10.34917458729364625469	52.92396943730255287619
-10.33716858429214546788	52.91456498613462144931
-10.32516258129064468108	52.90253282719555727454
-10.31315657828914389427	52.88809336929059412569
-10.30115057528764310746	52.87147271412793259060
-10.28914457228614232065	52.85290134029744990585
-10.27713856928464153384	52.83261278479488964877
-10.26513256628314074703	52.81084233071671008020
-10.25312656328163996022	52.78782570961792686148
-10.24112056028014094977	52.76379782682679575601
-10.22911455727864016296	52.73899151774709537221
-10.21710855427713937615	52.71363634285448540595
-10.20510255127563858935	52.68795742871009935016
-10.19309654827413780254	52.66217436187594103103
-10.18109054527263701573	52.63650014212685590564
-10.16908454227113622892	52.61114020081679143459
-10.15707853926963544211	52.58629148967828115246
-10.14507253626813465530	52.56214164471778360621
-10.13306653326663386849	52.53886822922197552543
-10.12106053026513308168	52.51663805921668881638
-10.10905452726363229488	52.49560661402687600230
-10.09704852426213150807	52.47591753387887081317
-10.08504252126063072126	52.45770220577170306342
-10.07303651825912993445	52.44107943812831251762
-10.06103051525762914764	52.42615522402653738254
-10.04902451225612836083	52.41302259211009584305
-10.03701850925462757402	52.40176154359699722818
-10.02501250625312678721	52.39243907314351389459
-10.01300650325162600041	52.38510927069076927864
-10.00100050025012521360	52.37981350082446141414
-9.98899449724862442679	52.37658065562020937023
-9.97698849424712363998	52.37542747643334450913
-9.96498249124562285317	52.37635893962548294667
-9.95297648824412206636	52.37936870080606155398
-9.94097048524262127955	52.38443959180731468450
-9.92896448224112049274	52.39154416430935867766
-9.91695847923961970594	52.40064527379006875663
-9.90495247623811891913	52.41169669729389823942
-9.89294647323661813232	52.42464377839573330675
-9.88094047023511734551	52.43942409268088766794
-9.86893446723361655870	52.45596812707027822853
-9.85692846423211577189	52.47419996638968342495
-9.84492246123061498508	52.49403798071286786353
-9.83291645822911419828	52.51539550719829918535
-9.82091045522761341147	52.53818152038552113936
-9.80890445222611262466	52.56230128521736588709
-9.79689844922461183785	52.58765698740481298046
-9.78489244622311105104	52.61414833614777819548
-9.77288644322161026423	52.64167313466445818904
-9.76088044022010947742	52.67012781445802716007
-9.74887443721860869061	52.69940792975846477475
-9.73686843421710790381	52.72940860911361937724
-9.72486243121560711700	52.76002496166119470900
-9.71285642821410633019	52.79115243618753083865
-9.70085042521260554338	52.82268713166309481721
-9.68884442221110475657	52.85452605853311069950
-9.67683841920960396976	52.88656735062892977339
-9.66483241620810318295	52.91871042814532444254
-9.65282641320660417250	52.95085611269566072679
-9.64082041020510338569	52.98290669600496727298
-9.62881440720360259888	53.01476596432473797904
-9.61680840420210181207	53.04633918114858204262
-9.60480240120060102527	53.07753303126861510464
-9.59279639819910023846	53.10825552963534335049
-9.58079039519759945165	53.13841589886397542841
-9.56878439219609866484	53.16792441956473425080
-9.55677838919459787803	53.19669225795948364066
-9.54477238619309709122	53.22463127548077466145
-9.53276638319159630441	53.25165382522869350623
-9.52076038019009551761	53.27767254028487542428
-9.50875437718859473080	53.30260011895043703589
-9.49674837418709394399	53.32634911198501725949
-9.48474237118559315718	53.34883171687743441680
-9.47273636818409237037	53.36995958407578655169
-9.46073036518259158356	53.38964363994666229019
-9.44872436218109079675	53.40779393102214100963
-9.43671835917959000994	53.42431949383078659821
-9.42471235617808922314	53.43912825429832480495
-9.41270635317658843633	53.45212696034829491509
-9.40070035017508764952	53.46322115093583704493
-9.38869434717358686271	53.47231516431387632338
-9.37668834417208607590	53.47931218786417417732
-9.36468234117058528909	53.48411435133080971127
-9.35267633816908450228	53.48662286477607352708
-9.34067033516758371547	53.48673820204352580276
-9.32866433216608292867	53.48436032996542621731
-9.31665832916458214186	53.47938898299801024905
-9.30465232616308135505	53.47172398241287538667
-9.29264632316158056824	53.46126559862299387760
-9.28064032016007978143	53.44791495468175668293
-9.26863431715857899462	53.43157446846981883937
-9.25662831415707820781	53.41214833058177902103
-9.24462231115557742100	53.38954301444850614189
-9.23261630815407663420	53.36366781478627530078
-9.22061030515257584739	53.33443541005458143900
-9.20860430215107506058	53.30176244423626030766
-9.19659829914957427377	53.26557012292872883563
-9.18459229614807348696	53.22578481845812348183
-9.17258629314657270015	53.18233867850206308958
-9.16058029014507191334	53.13517023253300664010
-9.14857428714357112653	53.08422499027652463610
-9.13656828414207033973	53.02945602631687194162
-9.12456228114056955292	52.97082454497860481979
-9.11255627813906876611	52.90830041966671615228
-9.10055027513756797930	52.84186270095980120232
-9.08854427213606719249	52.77150008791948465614
-9.07653826913456640568	52.69721135730397065799
-9.06453226613306739523	52.61900574565250110481
-9.05252626313156660842	52.53690327953754035661
-9.04052026013006582161	52.45093504966098407749
-9.02851425712856503480	52.36114342489545947501
-9.01650825412706424800	52.26758220283810629780
-9.00450225112556346119	52.17031669394904724868
-8.99249624812406267438	52.06942373688366387796
-8.98049024512256188757	51.96499164319413210933
-8.96848424212106110076	51.85712007016424962558
-8.95647823911956031395	51.74591982114891663969
-8.94447223611805952714	51.63151257340855693201
-8.93246623311655874033	51.51403053405483234428
-8.92046023011505795353	51.39361602535090867150
-8.90845422711355716672	51.27042100123136236789
-8.89644822411205637991	51.14460649751845267019
-8.88444222111055559310	51.01634201890646380662
-8.87243621810905480629	50.88580486635938626705
-8.86043021510755401948	50.75317940911337188936
-8.84842421210605323267	50.61865630598953913477
-8.83641820910455244587	50.48243168119974910724
-8.82441220610305165906	50.34470626026323714086
-8.81240620310155087225	50.20568447204209405754
-8.80040020010005008544	50.06557352324362852869
-8.78839419709854929863	49.92458245202548283714
-8.77638819409704851182	49.78292116757155838513
-8.76438219109554772501	49.64079948268090447527
-8.75237618809404693820	49.49842614652673944420
-8.74037018509254615140	49.35600788479605682824
-8.72836418209104536459	49.21374845441288670145
-8.71635817908954457778	49.07184771997816596922
-8.70435217608804379097	48.93050075892829653412
-8.69234617308654300416	48.78989700222263081741
-8.68034017008504221735	48.65021941711966491084
-8.66833416708354143054	48.51164373829373488434
-8.65632816408204064373	48.37433775318200446236
-8.64432216108053985693	48.23846064703758429459
-8.63231615807903907012	48.10416241270278447928
-8.62031015507753828331	47.97158332961043214482
-8.60830415207603749650	47.84085351597519775169
-8.59629814907453670969	47.71209255755549349942
-8.58429214607303592288	47.58540921575480808769
-8.57228614307153513607	47.46090121719470289463
-8.56028014007003434926	47.33865512623486893062
-8.54827413706853356246	47.21874630124508342988
-8.53626813406703277565	47.10123893475507372841
-8.52426213106553198884	46.98618617692616794557
-8.51225612806403120203	46.87363034111063342380
-8.50025012506253041522	46.76360318959503103997
-8.48824412206103140477	46.65612629696916968669
-8.47623811905953061796	46.55121148792799345983
-8.46423211605802983115	46.44886134570514002462
-8.45222611305652904434	46.34906978675878974627
-8.44022011005502825753	46.25182269678885660369
-8.42821410705352747073	46.15709862266248819651
-8.41620810405202668392	46.06486951436799159865
-8.40420210105052589711	45.97510151070844841570
-8.39219609804902511030	45.88775576208956152868
-8.38019009504752432349	45.80278928345410349721
-8.36818409204602353668	45.72015583017059014992
-8.35617808904452274987	45.63980678949830860347
-8.34417208604302196306	45.56169208012619264991
-8.33216608304152117626	45.48576105221984278160
-8.32016008004002038945	45.41196338041042679379
-8.30815407703851960264	45.34024994222026094803
-8.29614807403701881583	45.27057367454274583451
-8.28414207103551802902	45.20289040097725319356
-8.27213606803401724221	45.13715962306146423089
-8.26013006503251645540	45.07334526874173974420
-8.24812406203101566859	45.01141639177453868115
-8.23611805902951488179	44.95134781615484342865
-8.22411205602801409498	44.89312072011826870721
-8.21210605302651330817	44.83672315475750735914
-8.20010005002501252136	44.78215049282749760096
-8.18809404702351173455	44.72940580388176812221
-8.17608804402201094774	44.67850015248134809553
-8.16408204102051016093	44.62945281684072540429
-8.15207603801900937412	44.58229142591916627225
-8.14007003501750858732	44.53705201362353705008
-8.12806403201600780051	44.49377898945587617163
-8.11605802901450701370	44.45252502560988716596
-8.10405202601300622689	44.41335086118935038257
-8.09204602301150544008	44.37632502488320085376
-8.08004002001000465327	44.34152347808116445549
-8.06803401700850386646	44.30902918104519017106
-8.05602801400700307966	44.27893158536040374429
-8.04402201100550229285	44.25132605647023353868
-8.03201600800400150604	44.22631323064943131840
-8.02001000500250071923	44.20399831128063539154
-8.00800400200099993242	44.18449030977287605992
-7.99599799899950003379	44.16790123688827662818
-7.98399199599799924698	44.15434525062476467383
-7.97198599299649846017	44.14393776713404804468
-7.95997998999499767336	44.13679454143367308916
-7.94797398699349688656	44.13303072489744494078
-7.93596798399199609975	44.13275990667845860571
-7.92396198099049531294	44.13609314633299618436
-7.91195597798899452613	44.14313800497026818448
-7.89994997498749373932	44.15399758225291293456
-7.88794397198599295251	44.16876956651697128109
-7.87593796898449216570	44.18754530516778089577
-7.86393196598299137889	44.21040890234228015743
-7.85192596298149059209	44.23743635060925072366
-7.83991995997998980528	44.26869470321020116899
-7.82791395697848901847	44.30424129302680569253
-7.81590795397698823166	44.34412300409912432997
-7.80390195097548744485	44.38837560111562652310
-7.79189594797398665804	44.43702312185482128370
-7.77988994497248587123	44.49007733708253198301
-7.76788394197098508442	44.54753728190326000913
-7.75587793896948518579	44.60938886203206266146
-7.74387193596798439899	44.67560453790004970642
-7.73186593296648361218	44.74614308893612246720
-7.71985992996498282537	44.82094945978433742084
-7.70785392696348203856	44.89995468962563762716
-7.69584792396198125175	44.98307592517831210444
-7.68384192096048046494	45.07021651735894351987
-7.67183591795897967813	45.16126620099861810331
-7.65982991495747889132	45.25610135643263021166
-7.64782391195597810452	45.35458535122003098650
-7.63581790895447731771	45.45656895970601141244
-7.62381190595297653090	45.56189085761958068588
-7.61180590295147574409	45.67037818840434226786
-7.59979989994997495728	45.78184719751585163294
-7.58779389694847417047	45.89610393048644709779
-7.57578789394697338366	46.01294499016260175495
-7.56378189094547259685	46.13215834816090676895
-7.55177588794397181005	46.25352420527087105029
-7.53976988494247102324	46.37681589525628567117
-7.52776388194097023643	46.50180082627391442429
-7.51575787893946944962	46.62824145393983599206
-7.50375187593796866281	46.75589627993019803398
-7.49174587293646787600	46.88452086990529465993
-7.47973986993496708919	47.01386888449318490757
-7.46773386693346630238	47.14369311706122545047
-7.45572786393196640375	47.27374653204086030200
-7.44372186093046561695	47.40378329765033527110
-7.43171585792896483014	47.53355980698169958032
-7.41970985492746404333	47.66283568157979999569
-7.40770385192596325652	47.79137475184072769707
-7.39569784892446246971	47.91894600879236065794
-7.38369184592296168290	48.04532452208859183429
-7.37168584292146089609	48.17029231934798616521
-7.35967983991996010928	48.29363922229506300710
-7.34767383691845932248	48.41516363551421875400
-7.33566783391695853567	48.53467328399995750488
-7.32366183091545774886	48.65198589607902590615
-7.31165582791395696205	48.76692982868708980959
-7.29964982491245617524	48.87934463240139137952
-7.28764382191095538843	48.98908155405774778046
-7.27563781890945460162	49.09600397521229098174
-7.26363181590795381481	49.19998778514209192281
-7.25162581290645302801	49.30092168751081516120
-7.23961980990495224120	49.39870744025294158064
-7.22761380690345145439	49.49326002864956564054
-7.21560780390195066758	49.58450777197788283956
-7.20360180090044988077	49.67239236451183614918
-7.19159579789894909396	49.75686885203116105458
-7.17958979489744830715	49.83790554535723060781
-7.16758379189594840852	49.91548387277517662142
-7.15557778889444762171	49.98959817352020706949
-7.14357178589294683491	50.06025543480071604563
-7.13156578289144604810	50.12747497509962357753
-7.11955977988994526129	50.19128807673811110135
-7.10755377688844447448	50.25173757090045967288
-7.09554777388694368767	50.30887737850527230421
-7.08354177088544290086	50.36277201046607387980
-7.07153576788394211405	50.41349603101314613696
-7.05952976488244132725	50.46113348784799512714
-7.04752376188094054044	50.50577731297344996619
-7.03551775887943975363	50.54752869808494608606
-7.02351175587793896682	50.58649644842450499027
-7.01150575287643818001	50.62279631898758935904
-6.99949974987493739320	50.65655033693684572427
-6.98749374687343660639	50.68788611401576815751
-6.97548774387193581958	50.71693615267228238963
-6.96348174087043503278	50.74383714949711787767
-6.95147573786893424597	50.76872929945803747387
-6.93946973486743345916	50.79175560426869395769
-6.92746373186593267235	50.81306118807314220476
-6.91545772886443188554	50.83279262345495652653
-6.90345172586293109873	50.85109727059607109823
-6.89144572286143031192	50.86812263221630558974
-6.87943971985992952511	50.88401572672242423323
-6.86743371685842962648	50.89892248178755096433
-6.85542771385692883968	50.91298715036922573063
-6.84342171085542805287	50.92635175095993105288
-6.83141570785392726606	50.93915553364901427358
-6.81940970485242647925	50.95153447336123520017
-6.80740370185092569244	50.96362079142689793798
-6.79539769884942490563	50.97554250643225515205
-6.78339169584792411882	50.98742301509962970840
-6.77138569284642333201	50.99938070375376497623
-6.75937968984492254521	51.01152859074768741721
-6.74737368684342175840	51.02397400004706895515
-6.73536768384192097159	51.03681826600876547673
-6.72336168084042018478	51.05015646923729377704
-6.71135567783891939797	51.06407720326308208314
-6.69934967483741861116	51.07866237165886502680
-6.68734367183591782435	51.09398701509601892212
-6.67533766883441703754	51.11011916774138796882
-6.66333166583291625074	51.12711974230633416028
-6.65132566283141546393	51.14504244298462509732
-6.63931965982991467712	51.16393370545287666573
-6.62731365682841389031	51.18383266305713874544
-6.61530765382691310350	51.20477113827065096530
-6.60330165082541231669	51.22677365848094410694
-6.59129564782391152988	51.24985749514785027259
-6.57928964482241163125	51.27403272536782452562
-6.56728364182091084444	51.29930231488201997081
-6.55527763881941005764	51.32566222157677060522
-6.54327163581790927083	51.35310151854238824853
-6.53126563281640848402	51.38160253578056568813
-6.51925962981490769721	51.41114101967934857385
-6.50725362681340691040	51.44168630940797015683
-6.49524762381190612359	51.47320152941964011006
-6.48324162081040533678	51.50564379728854191853
-6.47123561780890454997	51.53896444614582605936
-6.45922961480740376317	51.57310926101835235613
-6.44722361180590297636	51.60801872841116022528
-6.43521760880440218955	51.64362829851043557028
-6.42321160580290140274	51.67986865941600882479
-6.41120560280140061593	51.71666602284163616332
-6.39919959979989982912	51.75394242074547435095
-6.38719359679839904231	51.79161601237266410180
-6.37518759379689825550	51.82960140120582082091
-6.36318159079539746870	51.86780996132659993236
-6.35117558779389668189	51.90615017269303876901
-6.33916958479239589508	51.94452796483182765996
-6.32716358179089510827	51.98284706843226388173
-6.31515757878939432146	52.02100937430949301188
-6.30315157578789353465	52.05891529917856530574
-6.29114557278639363602	52.09646415764805738036
-6.27913956978489284921	52.13355453980256015711
-6.26713356678339206240	52.17008469369836376472
-6.25512756378189127560	52.20595291204524812656
-6.24312156078039048879	52.24105792229146771888
-6.23111555777888970198	52.27529927926831021523
-6.21910955477738891517	52.30857775948614118988
-6.20710355177588812836	52.34079575610650181261
-6.19509754877438734155	52.37185767354523591166
-6.18309154577288655474	52.40167032059063956240
-6.17108554277138576794	52.43014330084943708243
-6.15907953976988498113	52.45718939926279489327
-6.14707353676838419432	52.48272496336554127083
-6.13506753376688340751	52.50667027789553031880
-6.12306153076538262070	52.52894993129743284044
-6.11105552776388183389	52.54949317260736307844
-6.09904952476238104708	52.56823425715280251325
-6.08704352176088026027	52.58511277945670059353
-6.07503751875937947347	52.60007399169746378220
-6.06303151575787868666	52.61306910604722020253
-6.05102551275637789985	52.62405557919191068095
-6.03901950975487711304	52.63299737732755545494
-6.02701350675337632623	52.63986521992945455395
-6.01500750375187553942	52.64463680060523387283
-6.00300150075037475261	52.64729698336918062296
-5.99099549774887485398	52.64783797271484644398
-5.97898949474737406717	52.64625945591584610384
-5.96698349174587328037	52.64256871605137888537
-5.95497748874437249356	52.63678071433338345742
-5.94297148574287170675	52.62891814040662552543
-5.93096548274137091994	52.61901142940165954087
-5.91895947973987013313	52.60709874464213697820
-5.90695347673836934632	52.59322592504427262838
-5.89494747373686855951	52.57744639639425088262
-5.88294147073536777270	52.55982104585125824769
-5.87093546773386698590	52.54041805919663943314
-5.85892946473236619909	52.51931272053427335322
-5.84692346173086541228	52.49658717434184751482
-5.83491745872936462547	52.47233014997670608182
-5.82291145572786383866	52.44663664895215049455
-5.81090545272636305185	52.41960759551921711363
-5.79889944972486226504	52.39134945131357312675
-5.78689344672336147823	52.36197379505668436650
-5.77488744372186069143	52.33159686853186087774
-5.76288144072035990462	52.30033909028919225648
-5.75087543771885911781	52.26832453876617989863
-5.73886943471735833100	52.23568040674145152025
-5.72686343171585754419	52.20253642926617487774
-5.71485742871435675738	52.16902428743920694387
-5.70285142571285685875	52.13527699060631448447
-5.69084542271135607194	52.10142823976932646701
-5.67883941970985528513	52.06761177518534111641
-5.66683341670835449833	52.03396071131854228042
-5.65482741370685371152	52.00060686247495311818
-5.64282141070535292471	51.96768006260268180085
-5.63081540770385213790	51.93530748287481202397
-5.61880940470235135109	51.90361295078814407589
-5.60680340170085056428	51.87271627460631862050
-5.59479739869934977747	51.84273257704983706162
-5.58279139569784899066	51.81377164218645248184
-5.57078539269634820386	51.78593727950256209169
-5.55877938969484741705	51.75932670913861244344
-5.54677338669334663024	51.73402997224790311748
-5.53476738369184584343	51.71012937038894818897
-5.52276138069034505662	51.68769893778496538062
-5.51075537768884426981	51.66680395018092752935
-5.49874937468734348300	51.64750047389828324640
-5.48674337168584269619	51.62983495853023185873
-5.47473736868434190939	51.61384387653633609716
-5.46273136568284112258	51.59955341278542562122
-5.45072536268134033577	51.58697920686007876157
-5.43871935967983954896	51.57612615067597516827
-5.42671335667833876215	51.56698824368596945078
-5.41470735367683886352	51.55954850763313856987
-5.40270135067533807671	51.55377896249091662639
-5.39069534767383728990	51.54964066488331297933
-5.37868934467233650309	51.54708380991618099642
-5.36668334167083571629	51.54604789697333444565
-5.35467733866933492948	51.54646195964166821568
-5.34267133566783414267	51.54824485952906343300
-5.33066533266633335586	51.55130564333107656694
-5.31865932966483256905	51.55554396208890466369
-5.30665332666333178224	51.56085055116554372034
-5.29464732366183099543	51.56710776905183024610
-5.28264132066033020863	51.57419019270160731594
-5.27063531765882942182	51.58196526668982073716
-5.25862931465732863501	51.59029400309049862017
-5.24662331165582784820	51.59903172858719955229
-5.23461730865432706139	51.60802887495945157070
-5.22261130565282627458	51.61713180873763917589
-5.21060530265132548777	51.62618369548884800224
-5.19859929964982470096	51.63502539389025969285
-5.18659329664832391416	51.64349637446709095912
-5.17458729364682312735	51.65143565762198107905
-5.16258129064532234054	51.65868276536386360931
-5.15057528764382155373	51.66507868095978750489
-5.13856928464232076692	51.67046681058398860387
-5.12656328164081998011	51.67469394092758250281
-5.11455727863932008148	51.67761118666043529402
-5.10255127563781929467	51.67907492160551896632
-5.09054527263631850786	51.67894768749710721067
-5.07853926963481772106	51.67709907424718807079
-5.06653326663331693425	51.67340656574107526922
-5.05452726363181614744	51.66775634532275063293
-5.04252126063031536063	51.66004405531351295622
-5.03051525762881457382	51.65017550513263699941
-5.01850925462731378701	51.63806732285662803861
-5.00650325162581300020	51.62364754536151423281
-4.99449724862431221339	51.60685614254015263214
-4.98249124562281142659	51.58764547147186618758
-4.97048524262131063978	51.56598065684186593671
-4.95847923961980985297	51.54183989436181434485
-4.94647323661830906616	51.51521467442657353786
-4.93446723361680827935	51.48610992375351713690
-4.92246123061530749254	51.45454406328608598642
-4.91045522761380670573	51.42054898119904748910
-4.89844922461230591892	51.38416992041582886941
-4.88644322161080513212	51.34546528063357584415
-4.87443721860930434531	51.30450633544609928549
-4.86243121560780355850	51.26137686575366814168
-4.85042521260630277169	51.21617271124735992771
-4.83841920960480198488	51.16900124235044700072
-4.82641320660330208625	51.11998075558469878388
-4.81440720360180129944	51.06923979590192885780
-4.80240120060030051263	51.01691641007520416906
-4.79039519759879972582	50.96315733577615247896
-4.77838919459729893902	50.90811713146975137079
-4.76638319159579815221	50.85195725273216282858
-4.75437718859429736540	50.79484508103603701556
-4.74237118559279657859	50.73695291144780128434
-4.73036518259129579178	50.67845690603864738932
-4.71835917958979500497	50.61953602012248154551
-4.70635317658829421816	50.56037090869624250900
-4.69434717358679343135	50.50114282066854087816
-4.68234117058529264455	50.44203248861887090015
-4.67033516758379185774	50.38321902192983969826
-4.65832916458229107093	50.32487881117697980926
-4.64632316158079028412	50.26718445164446080753
-4.63431715857928949731	50.21030369375857560499
-4.62231115557778871050	50.15439842809489334741
-4.61030515257628792369	50.09962371241925183085
-4.59829914957478713688	50.04612684796793331543
-4.58629314657328635008	49.99404651186016934616
-4.57428714357178556327	49.94351195216709982105
-4.56228114057028477646	49.89464225173914257994
-4.55027513756878398965	49.84754566641932171933
-4.53826913456728320284	49.80231904274812393396
-4.52626313156578330421	49.75904731969777117229
-4.51425712856428251740	49.71780311836595700470
-4.50225112556278173059	49.67864642291376497951
-4.49024512256128094378	49.64162435535581607837
-4.47823911955978015698	49.60677104610599030821
-4.46623311655827937017	49.57410760145661043907
-4.45422711355677858336	49.54364216842601820190
-4.44222111055527779655	49.51537009665667454783
-4.43021510755377700974	49.48927419628798674012
-4.41820910455227622293	49.46532508997125887618
-4.40620310155077543612	49.44348165644505144201
-4.39419709854927464932	49.42369156235291427492
-4.38219109554777386251	49.40589187826927286551
-4.37018509254627307570	49.39000977420786853145
-4.35817908954477228889	49.37596328922767696668
-4.34617308654327150208	49.36366216912815474416
-4.33416708354177071527	49.35300876564568994809
-4.32216108054026992846	49.34389899003029711366
-4.31015507753876914165	49.33622331340148292611
-4.29814907453726835485	49.32986780585911645858
-4.28614307153576756804	49.32471520596315883722
-4.27413706853426678123	49.32064601189838271011
-4.26213106553276599442	49.31753958541120397285
-4.25012506253126520761	49.31527525944618872700
-4.23811905952976530898	49.31373344032347461052
-4.22611305652826452217	49.31279669528577613846
-4.21410705352676373536	49.31235081630586591928
-4.20210105052526294855	49.31228585118302731871
-4.19009504752376216175	49.31249709316930562863
-4.17808904452226137494	49.31288602065267667740
-4.16608304152076058813	49.31336117878265667969
-4.15407703851925980132	49.31383899535267545389
-4.14207103551775901451	49.31424452374918843134
-4.13006503251625822770	49.31451210633738213573
-4.11805902951475744089	49.31458595227267949213
-4.10605302651325665408	49.31442062440229534559
-4.09404702351175586728	49.31398143064600247953
-4.08204102051025508047	49.31324471601508463436
-4.07003501750875429366	49.31219805223721408538
-4.05802901450725350685	49.31084032279559892231
-4.04602301150575272004	49.30918170205762862679
-4.03401700850425193323	49.30724352805340515715
-4.02201100550275114642	49.30505806936133694762
-4.01000500250125035961	49.30266818745874246588
-3.99799899949975001689	49.30012689679281834287
-3.98599299649824923009	49.29749682571345914539
-3.97398699349674844328	49.29484958227723012669
-3.96198099049524765647	49.29226502977332557975
-3.94997498749374686966	49.28983047763055935775
-3.93796898449224608285	49.28763979413188422996
-3.92596298149074529604	49.28579244808341996986
-3.91395697848924450923	49.28439248725079835367
-3.90195097548774372243	49.28354746198214542119
-3.88994497248624293562	49.28336730297698409231
-3.87793896948474259290	49.28396316262986687207
-3.86593296648324180609	49.28544622977118905283
-3.85392696348174101928	49.28792652794147954864
-3.84192096048024023247	49.29151170756648525639
-3.82991495747873944566	49.29630584254535108357
-3.81790895447723865885	49.30240824182129699693
-3.80590295147573787204	49.30991228647226876092
-3.79389694847423708524	49.31890430273716674492
-3.78189094547273629843	49.32946248118214782608
-3.76988494247123551162	49.34165585191149716593
-3.75787893946973472481	49.35554332534101007468
-3.74587293646823393800	49.37117280758079118641
-3.73386693346673315119	49.38858039892233620094
-3.72186093046523280847	49.40778968329560427719
-3.70985492746373202166	49.42881111586005005165
-3.69784892446223123486	49.45164151512484096429
-3.68584292146073044805	49.47626366516360008063
-3.67383691845922966124	49.50264603260413309727
-3.66183091545772887443	49.53074260214157220616
-3.64982491245622808762	49.56049283335088517788
-3.63781890945472730081	49.59182174057028902325
-3.62581290645322651400	49.62464009659865382673
-3.61380690345172572719	49.65884475990633717402
-3.60180090045022494039	49.69431912400884243652
-3.58979489744872415358	49.73093368660455837471
-3.57778889444722381086	49.76854673504161752362
-3.56578289144572302405	49.80700514366246522968
-3.55377688844422223724	49.84614527758760971210
-3.54177088544272145043	49.88579399655075263809
-3.52976488244122066362	49.92576975149403040177
-3.51775887943971987681	49.96588376578340273682
-3.50575287643821909001	50.00594129211702920657
-3.49374687343671830320	50.04574293548181174174
-3.48174087043521751639	50.08508603187101471121
-3.46973486743371672958	50.12376607191620081494
-3.45772886443221594277	50.16157815811362752356
-3.44572286143071515596	50.19831848394495921184
-3.43371685842921481324	50.23378582290732197180
-3.42171085542771402643	50.26778301528252512753
-3.40970485242621323962	50.30011844039138679818
-3.39769884942471245282	50.33060746209832814202
-3.38569284642321166601	50.35907383545422533189
-3.37368684342171087920	50.38535106259172380305
-3.36168084042021009239	50.40928368631575295922
-3.34967483741870930558	50.43072851026015968046
-3.33766883441720851877	50.44955573500755008354
-3.32566283141570773196	50.46565000018804170168
-3.31365682841420694515	50.47891132328090435522
-3.30165082541270615835	50.48925592663392336590
-3.28964482241120581563	50.49661694508392173475
-3.27763881940970502882	50.50094500750027037839
-3.26563281640820424201	50.50220868657473261010
-3.25362681340670345520	50.50039481223677739763
-3.24162081040520266839	50.49550864517544113141
-3.22961480740370188158	50.48757390808743394928
-3.21760880440220109477	50.47663267343728676906
-3.20560280140070030797	50.46274510769885068839
-3.19359679839919952116	50.44598907323859293683
-3.18159079539769873435	50.42645959018981471900
-3.16958479239619794754	50.40426816184251634922
-3.15757878939469716073	50.37954196822703778480
-3.14557278639319681801	50.35242293368932564590
-3.13356678339169603120	50.32306667533363508937
-3.12156078039019524439	50.29164134023387333627
-3.10955477738869445758	50.25832634027941736576
-3.09754877438719367078	50.22331099441606028222
-3.08554277138569288397	50.18679308885990053568
-3.07353676838419209716	50.14897736659436588980
-3.06153076538269131035	50.11007395810077014175
-3.04952476238119052354	50.07029676581568367055
-3.03751875937968973673	50.02986181524829589762
-3.02551275637818894992	49.98898558602385833183
-3.01350675337668816312	49.94788333634167543096
-3.00150075037518737631	49.90676743444575436115
-2.98949474737368703359	49.86584571070159910278
-2.97748874437218624678	49.82531984375292211098
-2.96548274137068545997	49.78538379399869739927
-2.95347673836918467316	49.74622229728406352933
-2.94147073536768388635	49.70800943124227444514
-2.92946473236618309954	49.67090726616113727232
-2.91745872936468231273	49.63506461158147686774
-2.90545272636318152593	49.60061586907242769939
-2.89344672336168073912	49.56768000077413915960
-2.88144072036017995231	49.53635962236090506394
-2.86943471735867916550	49.50674022806364860116
-2.85742871435717837869	49.47888955430894952769
-2.84542271135567803597	49.45285708739133667677
-2.83341670835417724916	49.42867371940609899639
-2.82141070535267646235	49.40635155544119072601
-2.80940470235117567555	49.38588387376969990328
-2.79739869934967488874	49.36724523950926624138
-2.78539269634817410193	49.35039177093272400043
-2.77338669334667331512	49.33526155633639120879
-2.76138069034517252831	49.32177521810938713998
-2.74937468734367174150	49.30983661941031925835
-2.73736868434217095469	49.29933370765769495847
-2.72536268134067016788	49.29013948788688992408
-2.71335667833916938108	49.28211311793086935040
-2.70135067533766903836	49.27510111635255185547
-2.68934467233616825155	49.26893867310335650700
-2.67733866933466746474	49.26345105201340146550
-2.66533266633316667793	49.25845507344150320250
-2.65332666333166589112	49.25376066473475589191
-2.64132066033016510431	49.24917246557384942207
-2.62931465732866431750	49.24449147481664823545
-2.61730865432716353070	49.23951672510342802980
-2.60530265132566274389	49.23404697125478435282
-2.59329664832416195708	49.22788237838152980430
-2.58129064532266117027	49.22082619563385463834
-2.56928464232116038346	49.21268640164664986969
-2.55727863931966004074	49.20327730798712906335
-2.54527263631815925393	49.19242110727807215653
-2.53326663331665846712	49.17994935315201843196
-2.52126063031515768031	49.16570435978454867154
-2.50925462731365689351	49.14954050945350161328
-2.49724862431215610670	49.13132545736903011857
-2.48524262131065531989	49.11094122391093463875
-2.47323661830915453308	49.08828516538586939078
-2.46123061530765374627	49.06327081547027546549
-2.44922461230615295946	49.03582859062572651965
-2.43721860930465217265	49.00590635395169414323
-2.42521260630315138584	48.97346983316728596947
-2.41320660330165104313	48.93850288967614403646
-2.40120060030015025632	48.90100763695782859486
-2.38919459729864946951	48.86100440783219056584
-2.37718859429714868270	48.81853157144988841765
-2.36518259129564789589	48.77364520216012522269
-2.35317658829414710908	48.72641860368533173187
-2.34117058529264632227	48.67694169327957354199
-2.32916458229114553546	48.62532025175321592769
-2.31715857928964474866	48.57167504639889443752
-2.30515257628814396185	48.51614083494416007625
-2.29314657328664317504	48.45886525967380009661
-2.28114057028514238823	48.40000764180137338144
-2.26913456728364160142	48.33973768701621764876
-2.25712856428214125870	48.27823411388223462382
-2.24512256128064047189	48.21568321741069240716
-2.23311655827913968508	48.15227738066642615422
-2.22111055527763889827	48.08821354768925715462
-2.20910455227613811147	48.02369167131772798029
-2.19709854927463732466	47.95891314968654484119
-2.18509254627313653785	47.89407926523185921042
-2.17308654327163575104	47.82938963997806780526
-2.16108054027013496423	47.76504072069813844337
-2.14907453726863417742	47.70122430723669992858
-2.13706853426713339061	47.63812613686529573442
-2.12506253126563260381	47.57592453700535628514
-2.11305652826413226109	47.51478915801151003961
-2.10105052526263147428	47.45487979696184055456
-2.08904452226113068747	47.39634532255894328046
-2.07703851925962990066	47.33932271031394378724
-2.06503251625812911385	47.28393619617347809481
-2.05302651325662832704	47.23029655566531204158
-2.04102051025512754023	47.17850051449283199645
-2.02901450725362675342	47.12863029531077785350
-2.01700850425212596662	47.08075330417645432135
-2.00500250125062517981	47.03492195890213878329
-1.99299649824912461504	46.86163978549948438967
-1.98099049524762382823	46.59833476392479667538
-1.96898449224612304143	46.33761032395243262272
-1.95697848924462225462	46.07942213544475862363
-1.94497248624312146781	45.82371266969359169252
-1.93296648324162090304	45.57041224418865965617
-1.92096048024012011624	45.31944016085600424049
-1.90895447723861932943	45.07070592536683051321
-1.89694847423711854262	44.82411053450746862836
-1.88494247123561775581	44.57954781812159694709
-1.87293646823411696900	44.33690582178890338128
-1.86093046523261640424	44.09606821619210137442
-1.84892446223111561743	43.85691571904745700294
-1.83691845922961483062	43.61932751553202791683
-1.82491245622811404381	43.38318266333121897560
-1.81290645322661325700	43.14836146875066447137
-1.80090045022511247019	42.91474682078170133082
-1.78889444722361190543	42.68222547057465732223
-1.77688844422211111862	42.45068924445219948893
-1.76488244122061033181	42.22003617937833297447
-1.75287643821910954500	41.99017157067861205633
-1.74087043521760875819	41.76100892277484177839
-1.72886443221610797139	41.53247079474225955664
-1.71685842921460740662	41.30448953360836839011
-1.70485242621310661981	41.07700788947911263449
-1.69284642321160583300	40.84997950778814157502
-1.68084042021010504619	40.62336929520601103150
-1.66883441720860425939	40.39715365700704552410
-1.65682841420710347258	40.17132060495924861243
-1.64482241120560290781	39.94586973606507740442
-1.63281640820410212100	39.72081208372644312021
-1.62081040520260133420	39.49616984412359954604
-1.60880440220110054739	39.27197598177404103126
-1.59679839919959976058	39.04827371936269742037
-1.58479239619809897377	38.82511591799880079634
-1.57278639319659840901	38.60256435504823713245
-1.56078039019509762220	38.38068890760387574801
-1.54877438719359683539	38.15956665048314988553
-1.53676838419209604858	37.93928087837428364537
-1.52476238119059526177	37.71992006238483696734
-1.51275637818909447496	37.50157675177293015167
-1.50075037518759368815	37.28434643205974907687
-1.48874437218609312339	37.06832635102787776304
-1.47673836918459233658	36.85361432430285333339
-1.46473236618309154977	36.64030753229423709172
-1.45272636318159076296	36.42850132023764331279
-1.44072036018008997615	36.21828801293334265665
-1.42871435717858918935	36.00975575552097041054
-1.41670835417708862458	35.80298739127022855655
-1.40470235117558783777	35.59805938690526261325
-1.39269634817408705096	35.39504081542523294956
-1.38069034517258626416	35.19399240573832798873
-1.36868434217108547735	34.99496566770118732848
-1.35667833916958469054	34.79800210035657670460
-1.34467233616808412577	34.60313249029861992767
-1.33266633316658333896	34.41037630617574905045
-1.32066033016508255216	34.21974119437651040698
-1.30865432716358176535	34.03122257994189681085
-1.29664832416208097854	33.84480337572070141050
-1.28464232116058019173	33.66045380174115564387
-1.27263631815907962697	33.47813131572308975592
-1.26063031515757884016	33.29778065461079705756
-1.24862431215607805335	33.11933398597688693599
-1.23661830915457726654	32.94271116714158864625
-1.22461230615307647973	32.76782010888047835806
-1.21260630315157569292	32.59455723966335227715
-1.20060030015007512816	32.42280806548896521235
-1.18859429714857434135	32.25244781955939998852
-1.17658829414707355454	32.08334219528394726240
-1.16458229114557276773	31.91534815541929859251
-1.15257628814407198092	31.74831480954801676830
-1.14057028514257119411	31.58208435157428084494
-1.12856428214107062935	31.41649304847895507464
-1.11655827913956984254	31.25137227122821315106
-1.10455227613806905573	31.08654955847291034843
-1.09254627313656826892	30.92184970351108574960
-1.08054027013506748212	30.75709585491298625470
-1.06853426713356669531	30.59211062122726332291
-1.05652826413206613054	30.42671717029507760799
-1.04452226113056534373	30.26074031389511631573
-1.03251625812906455693	30.09400756872238602568
-1.02051025512756377012	29.92635018506345190303
-1.00850425212606298331	29.75760413496581335835
-0.99649824912456230752	29.58761105220368747837
-0.98449224612306152071	29.41621911691039770176
-0.97248624312156073390	29.24328387837265097460
-0.96048024012006005812	29.06866901015658655183
-0.94847423711855927131	28.89224699245252381274
-0.93646823411705848450	28.71389971727716883265
-0.92446223111555780871	28.53351901294983861135
-0.91245622811405702191	28.35100708505650501934
-0.90045022511255623510	28.16627687192214324341
-0.88844422211105555931	27.97925231342144058999
-0.87643821910955477250	27.78986853276145296832
-0.86443221610805398569	27.59807193165999095186
-0.85242621310655330991	27.40382020011252706126
-0.84042021010505252310	27.20708224268145869473
-0.82841420710355173629	27.00783802394763455368
-0.81640820410205106050	26.80607833642881843161
-0.80440220110055027369	26.60180449488802523206
-0.79239619809904948688	26.39502796152058294865
-0.78039019509754881110	26.18576990701839690701
-0.76838419209604802429	25.97406071295909057994
-0.75637818909454723748	25.75993942135371383984
-0.74437218609304656169	25.54345313750627965987
-0.73236618309154577489	25.32465639259111966908
-0.72036018009004498808	25.10361047253766741960
-0.70835417708854431229	24.88038271992746075512
-0.69634817408704352548	24.65504581565495456630
-0.68434217108554273867	24.42767704708354870036
-0.67233616808404206289	24.19835756934274684227
-0.66033016508254127608	23.96717166626432060639
-0.64832416208104048927	23.73420601724767919904
-0.63631815907953981348	23.49954897608096615613
-0.62431215607803902667	23.26328986742938553789
-0.61230615307653823987	23.02551830633972329565
-0.60030015007503756408	22.78632354570589058085
-0.58829414707353677727	22.54579385619929965401
-0.57628814407203599046	22.30401594269597609355
-0.56428214107053531468	22.06107440073533965119
-0.55227613806903452787	21.81705121602929153823
-0.54027013506753374106	21.57202530951108343515
-0.52826413206603306527	21.32607212987711164942
-0.51625812906453227846	21.07926329503735018989
-0.50425212606303149165	20.83166628335787962101
-0.49224612306153076036	20.58334417505648161750
-0.48024012006003002906	20.33435544360655100604
-0.46823411705852924225	20.08475379651896375321
-0.45622811405702851095	19.83458806441232624707
-0.44422211105552777965	19.58390213685233405272
-0.43221610805402699285	19.33273494304546602507
-0.42021010505252626155	19.08112047511398046140
-0.40820410205102553025	18.82908785136091722734
-0.39619809904952474344	18.57666141665836434527
-0.38419209604802401214	18.32386087686075626380
-0.37218609304652328085	18.07070146395922805027
-0.36018009004502249404	17.81719412855353112946
-0.34817408704352176274	17.56334575612433468450
-0.33616808404202103144	17.30915940354158166770
-0.32416208104052024463	17.05463455224139934785
-0.31215607803901951334	16.79976737454505553160
-0.30015007503751878204	16.54455100967464531436
-0.28814407203601799523	16.28897584614169602446
-0.27613806903451726393	16.03302980734046911948
-0.26413206603301653264	15.77669863736812061461
-0.25212606303151574583	15.51996618431124730364
-0.24012006003001501453	15.26281467848305872792
-0.22811405702851425548	15.00522500335931574966
-0.21610805402701349642	14.74717695724385713163
-0.20410205102551276513	14.48864950398811402010
-0.19209604802401200607	14.22962101139191304355
-0.18009004502251124702	13.97006947621872718912
-0.16808404202101051572	13.70997273506386093800
-0.15607803901950975667	13.44930866061448071491
-0.14407203601800899762	13.18805534313126592849
-0.13206603301650826632	12.92619125725971684915
-0.12006003001500750726	12.66369541454021430127
-0.10805402701350674821	12.40054750222711277274
-0.09604802401200600304	12.13672800924493522245
-0.08404202101050525786	11.87221834030184552944
-0.07203601800900449881	11.60700091934438482610
-0.06003001500750375363	11.34105928367140414537
-0.04802401200600300152	11.07437817012761094304
-0.03601800900450224940	10.80694359486736111364
-0.02401200600300150076	10.53874292821668312570
-0.01200600300150075038	10.26976496616625489366
0.00000000000000000000	10.00000000000000000000
