-24.00000000000000000000	50.00000000000000000000
-24.00000000000000000000	50.00000000000000000000
-23.98302238962800103650	49.99999168225431844803
-23.98302238962800103650	49.99999156925807142215
-23.94688487934699949733	49.99991695001338598559
-23.94688487934699949733	49.99991700517998793885
-23.89999999999999857891	49.99970811083679222975
-23.89999999999999857891	49.99971248305705273651
-23.85311512065300121321	49.99939349786129128006
-23.85311512065300121321	49.99941154026231515672
-23.81697761037199967404	49.99912058488506261256
-23.81697761037199967404	49.99916056836418221110
-23.80000000000000071054	49.99905162968320837535
-23.80000000000000071054	49.99911123548703528741
-23.80000000000000071054	49.99917567729633560702
-23.80000000000000071054	49.99924416133276849905
-23.78302238962800174704	49.99919478832910613164
-23.78302238962800174704	49.99928200275102341266
-23.74688487934700020787	49.99914413003296687066
-23.74688487934700020787	49.99926659316655275234
-23.69999999999999928946	49.99914184271943184967
-23.69999999999999928946	49.99931248412149642490
-23.65311512065299837104	49.99930511524073040164
-23.65311512065299837104	49.99952399013277215545
-23.61697761037200038459	49.99967822844161702278
-23.61697761037200038459	49.99992725889761402414
-23.60000000000000142109	50.00018084472010571062
-23.60000000000000142109	50.00042900016134694852
-23.60000000000000142109	50.00066491880284758054
-23.60000000000000142109	50.00088875219435635699
-23.58302238962799890487	50.00119643111275991032
-23.58302238962799890487	50.00141530960606672807
-23.54688487934700091841	50.00191715522421986861
-23.54688487934700091841	50.00215205606721013964
-23.50000000000000000000	50.00289519907970259283
-23.50000000000000000000	50.00316087920928964650
-23.45311512065299908159	50.00409111728459521373
-23.45311512065299908159	50.00439513269871127932
-23.41697761037200109513	50.00533691953241088868
-23.41697761037200109513	50.00567714233790184153
-23.39999999999999857891	50.00637317042599505612
-23.39999999999999857891	50.00673524016297477601
-23.39999999999999857891	50.00709933819104691111
-23.39999999999999857891	50.00746523417809896728
-23.38302238962799961541	50.00828138729839622556
-23.38302238962799961541	50.00866793964551249019
-23.34688487934700162896	50.01014179167079021227
-23.34688487934700162896	50.01056200970182885612
-23.30000000000000071054	50.01260017122424983427
-23.30000000000000071054	50.01304558587705173522
-23.25311512065299979213	50.01532559444459025144
-23.25311512065299979213	50.01575755075012352791
-23.21697761037199825296	50.01773771037542815066
-23.21697761037199825296	50.01808940088280053260
-23.19999999999999928946	50.01916894954842263132
-23.19999999999999928946	50.01936455247678026126
-23.19999999999999928946	50.01945922894467599917
-23.19999999999999928946	50.01944391934484457352
-23.18302238962800032596	50.02013899620913406352
-23.18302238962800032596	50.01987015889624643705
-23.14688487934699878679	50.02122635822349394630
-23.14688487934699878679	50.02063467508906313697
-23.10000000000000142109	50.02213643533913511874
-23.10000000000000142109	50.02113831071899596736
-23.05311512065300050267	50.02210905968476595262
-23.05311512065300050267	50.02064220435946140242
-23.01697761037199896350	50.02048499191783292872
-23.01697761037199896350	50.01855283537597784971
-23.00000000000000000000	50.01704045947285237617
-23.00000000000000000000	50.01474086202036772875
-23.00000000000000000000	50.01232112021985187766
-23.00000000000000000000	50.00980384651246879457
-22.98302238962800103650	50.00746019255682739413
-22.98302238962800103650	50.00473106094579378578
-22.94688487934699949733	50.00212217153121230240
-22.94688487934699949733	49.99917560252843173885
-22.89999999999999857891	49.99592223235811161430
-22.89999999999999857891	49.99281110178812070899
-22.85311512065300121321	49.98890836413190896792
-22.85311512065300121321	49.98576685480081494006
-22.81697761037199967404	49.98168685244425546443
-22.81697761037199967404	49.97871836734385908585
-22.80000000000000071054	49.97527922403411082541
-22.80000000000000071054	49.97270609418408326974
-22.80000000000000071054	49.97040026999582096323
-22.80000000000000071054	49.96837416275721466263
-22.78302238962800174704	49.96568526952049893453
-22.78302238962800174704	49.96419795109960659829
-22.74688487934700020787	49.96078162485541440674
-22.74688487934700020787	49.95983725161171662421
-22.69999999999999928946	49.95608838636166382230
-22.69999999999999928946	49.95571709379113656269
-22.65311512065299837104	49.95238800854108518479
-22.65311512065299837104	49.95261042302375642521
-22.61697761037200038459	49.95055810136161511537
-22.61697761037200038459	49.95134470638759438543
-22.60000000000000142109	49.95118598115642782886
-22.60000000000000142109	49.95243360576043301080
-22.60000000000000142109	49.95385212323953538771
-22.60000000000000142109	49.95540764501092212413
-22.58302238962799890487	49.95601889792465755136
-22.58302238962799890487	49.95779037989592552549
-22.54688487934700091841	49.95751466592989942228
-22.54688487934700091841	49.95942869950495435205
-22.50000000000000000000	49.95878569022018922396
-22.50000000000000000000	49.96075126666549692800
-22.45311512065299908159	49.96026656763287832064
-22.45311512065299908159	49.96216592362716113485
-22.41697761037200109513	49.96223172046468619101
-22.41697761037200109513	49.96393287183272491347
-22.39999999999999857891	49.96472233421319941726
-22.39999999999999857891	49.96610885000649204812
-22.39999999999999857891	49.96730865082551531486
-22.39999999999999857891	49.96831978353497305534
-22.38302238962799961541	49.96848590625725705650
-22.38302238962799961541	49.96914302599026314056
-22.34688487934700162896	49.96825178927654320660
-22.34688487934700162896	49.96858512155188236648
-22.30000000000000071054	49.96696805514744710308
-22.30000000000000071054	49.96701642159970901957
-22.25311512065299979213	49.96509794919630564891
-22.25311512065299979213	49.96492582912492252945
-22.21697761037199825296	49.96320852257454703249
-22.21697761037199825296	49.96291756059513033961
-22.19999999999999928946	49.96190479899799896657
-22.19999999999999928946	49.96162955350477830052
-22.19999999999999928946	49.96141720654497930809
-22.19999999999999928946	49.96130245852007334406
-22.18302238962800032596	49.96058616109458938581
-22.18302238962800032596	49.96077070297813804700
-22.14688487934699878679	49.95959366481805119520
-22.14688487934699878679	49.96023003574325116460
-22.10000000000000142109	49.95913977363756686145
-22.10000000000000142109	49.96039147664570378993
-22.05311512065300050267	49.96006865602252844383
-22.05311512065300050267	49.96208444380833668674
-22.01697761037199896350	49.96314160106970803099
-22.01697761037199896350	49.96601347755932920336
-22.00000000000000000000	49.96875292421403713661
-22.00000000000000000000	49.97247494901709075066
-22.00000000000000000000	49.97658426385905983125
-22.00000000000000000000	49.98106364085828801080
-21.98302238962800103650	49.98564897450837918313
-21.98302238962800103650	49.99087946941980220572
-21.94688487934699949733	49.99626592788673207224
-21.94688487934699949733	50.00223570346383894503
-21.89999999999999857891	50.00879940571422821449
-21.89999999999999857891	50.01541963837635051959
-21.85311512065300121321	50.02314036846660627589
-21.85311512065300121321	50.03020548782741627747
-21.81697761037199967404	50.03850866562602561771
-21.81697761037199967404	50.04568889881282700571
-21.80000000000000071054	50.05352428408472320598
-21.80000000000000071054	50.06040576682539011699
-21.80000000000000071054	50.06697910395958217578
-21.80000000000000071054	50.07318023740752011008
-21.78302238962800174704	50.08017305467686242082
-21.78302238962800174704	50.08553938634150171083
-21.74688487934700020787	50.09333542539435768504
-21.74688487934700020787	50.09772072160975397992
-21.69999999999999928946	50.10574093030562181639
-21.69999999999999928946	50.10896847955710597944
-21.65311512065299837104	50.11608977754359273149
-21.65311512065299837104	50.11799108280884951228
-21.61697761037200038459	50.12286361976089921200
-21.61697761037200038459	50.12334091390314938508
-21.60000000000000142109	50.12487076853579992530
-21.60000000000000142109	50.12395436779402047023
-21.60000000000000142109	50.12239934495182325236
-21.60000000000000142109	50.12025701506192376655
-21.58302238962799890487	50.11925437229872670741
-21.58302238962799890487	50.11607029867241180909
-21.54688487934700091841	50.11586766816719773487
-21.54688487934700091841	50.11181982000600498850
-21.50000000000000000000	50.11164348588890504743
-21.50000000000000000000	50.10693821019890492607
-21.45311512065299908159	50.10595553394328049990
-21.45311512065299908159	50.10084653894471529156
-21.41697761037200109513	50.09846079365399162953
-21.41697761037200109513	50.09324087336528208425
-21.39999999999999857891	50.08928472674271858978
-21.39999999999999857891	50.08424814089348586776
-21.39999999999999857891	50.07939890848746955498
-21.39999999999999857891	50.07476659027085474918
-21.38302238962799961541	50.07129437685587447504
-21.38302238962799961541	50.06709696961840450058
-21.34688487934700162896	50.06491598323476921450
-21.34688487934700162896	50.06113517668979540076
-21.30000000000000071054	50.05966735558703106790
-21.30000000000000071054	50.05627508009458637162
-21.25311512065299979213	50.05498263844675221890
-21.25311512065299979213	50.05194656719464774142
-21.21697761037199825296	50.05041844180662025110
-21.21697761037199825296	50.04770615516697773728
-21.19999999999999928946	50.04571892790809783946
-21.19999999999999928946	50.04330561732499660366
-21.19999999999999928946	50.04103732139597582318
-21.19999999999999928946	50.03890610429471763609
-21.18302238962800032596	50.03735839497098680795
-21.18302238962800032596	50.03547691679228393014
-21.14688487934699878679	50.03461541872138695908
-21.14688487934699878679	50.03300561178734540135
-21.10000000000000142109	50.03263072184427784350
-21.10000000000000142109	50.03138272304463640694
-21.05311512065300050267	50.03137527888116409258
-21.05311512065300050267	50.03063610232754143681
-21.01697761037199896350	50.03096765686402136453
-21.01697761037199896350	50.03090992033177286658
-21.00000000000000000000	50.03160660434560469412
-21.00000000000000000000	50.03237942217341327478
-21.00000000000000000000	50.03360149768275988436
-21.00000000000000000000	50.03528490239273196494
-20.98302238962800103650	50.03785677946002152794
-20.98302238962800103650	50.04048803266860545591
-20.94688487934699949733	50.04460749564405830370
-20.94688487934699949733	50.04816486485290738528
-20.89999999999999857891	50.05369856158124974854
-20.89999999999999857891	50.05805196926187505824
-20.85311512065300121321	50.06454546240558300951
-20.85311512065300121321	50.06941264786380685337
-20.81697761037199967404	50.07603192668130986931
-20.81697761037199967404	50.08096341631364367686
-20.80000000000000071054	50.08659758185008570308
-20.80000000000000071054	50.09101277185833822614
-20.80000000000000071054	50.09493467195561322569
-20.80000000000000071054	50.09822263648490547894
-20.78302238962800174704	50.10181063170447401944
-20.78302238962800174704	50.10344052651345947424
-20.74688487934700020787	50.10638399538674292444
-20.74688487934700020787	50.10581640873883912946
-20.69999999999999928946	50.10699551500344739452
-20.69999999999999928946	50.10371182216091057171
-20.65311512065299837104	50.10180950098229857304
-20.65311512065299837104	50.09540867555572418723
-20.61697761037200038459	50.08936375849817324024
-20.61697761037200038459	50.07968511199644012777
-20.60000000000000142109	50.06917492864410945685
-20.60000000000000142109	50.05639635124321529247
-20.60000000000000142109	50.04224689377739565543
-20.60000000000000142109	50.02684704520825675900
-20.58302238962799890487	50.01044343211405873717
-20.58302238962799890487	49.99281732191550986499
-20.54688487934700091841	49.97387514614849379768
-20.54688487934700091841	49.95449622832946090512
-20.50000000000000000000	49.93295228718447731353
-20.50000000000000000000	49.91248126266768281312
-20.45311512065299908159	49.88914912231762599504
-20.45311512065299908159	49.86845280606287644787
-20.41697761037200109513	49.84514008908035975765
-20.41697761037200109513	49.82523180900712844732
-20.39999999999999857891	49.80438563202387314277
-20.39999999999999857891	49.78628566888891526787
-20.39999999999999857891	49.76942380626933726262
-20.39999999999999857891	49.75392702296577596144
-20.38302238962799961541	49.73743640262122056583
-20.38302238962799961541	49.72482431551238590828
-20.34688487934700162896	49.70806152601126370882
-20.34688487934700162896	49.69847008448688541193
-20.30000000000000071054	49.68251778446767730202
-20.30000000000000071054	49.67599320429571463364
-20.25311512065299979213	49.66265468759304724244
-20.25311512065299979213	49.65910905086012405718
-20.21697761037199825296	49.65033930236130998992
-20.21697761037199825296	49.64950599564684097231
-20.19999999999999928946	49.64671787856614315615
-20.19999999999999928946	49.64814545063213557796
-20.19999999999999928946	49.65048934914316447475
-20.19999999999999928946	49.65360374735499959797
-20.18302238962800032596	49.65427845775787574212
-20.18302238962800032596	49.65855485521530710002
-20.14688487934699878679	49.65679901325665923650
-20.14688487934699878679	49.66180817985785722612
-20.10000000000000142109	49.65883513671845150839
-20.10000000000000142109	49.66423492113160165218
-20.05311512065300050267	49.66167190802602249278
-20.05311512065300050267	49.66721034692889702455
-20.01697761037199896350	49.66667759848027685621
-20.01697761037199896350	49.67220203792941646270
-20.00000000000000000000	49.67490992219570244970
-20.00000000000000000000	49.68037038699388574514
-20.00000000000000000000	49.68580950203315182989
-20.00000000000000000000	49.69126204915410482954
-19.98302238962800103650	49.69418866619104591109
-19.98302238962800103650	49.69983874183706973326
-19.94688487934699949733	49.70030828638394382324
-19.94688487934699949733	49.70638535998640605840
-19.89999999999999857891	49.70599426471631687718
-19.89999999999999857891	49.71268587614581946355
-19.85311512065300121321	49.71319831345692108471
-19.85311512065300121321	49.72060362854293202872
-19.81697761037199967404	49.72353470606412884081
-19.81697761037199967404	49.73163004903898354314
-19.80000000000000071054	49.73786027558458044950
-19.80000000000000071054	49.74649249975713871663
-19.80000000000000071054	49.75530394992429705781
-19.80000000000000071054	49.76425003661899637564
-19.78302238962800174704	49.77144762050406967546
-19.78302238962800174704	49.78059799692908882207
-19.74688487934700020787	49.78613094017024565119
-19.74688487934700020787	49.79540732065667896222
-19.69999999999999928946	49.80029582351463801615
-19.69999999999999928946	49.80965190305433765161
-19.65311512065299837104	49.81497695045334239694
-19.65311512065299837104	49.82443908753069905515
-19.61697761037200038459	49.83113886861890762248
-19.61697761037200038459	49.84085063235123413961
-19.60000000000000142109	49.84957682541293877421
-19.60000000000000142109	49.85982720377898402830
-19.60000000000000142109	49.87050090784385503184
-19.60000000000000142109	49.88174983832497133562
-19.58302238962799890487	49.89291841030966878634
-19.58302238962799890487	49.90592566894682846623
-19.54688487934700091841	49.91872629149684570393
-19.54688487934700091841	49.93438354634469789062
-19.50000000000000000000	49.95050566562967020445
-19.50000000000000000000	49.96971059186915908867
-19.45311512065299908159	49.99056878715857976658
-19.45311512065299908159	50.01407777479300875711
-19.41697761037200109513	50.04033634228628812934
-19.41697761037200109513	50.06858384093872871290
-19.39999999999999857891	50.09980181232881335518
-19.39999999999999857891	50.13273743076626942639
-19.39999999999999857891	50.16782497481093372471
-19.39999999999999857891	50.20493794280562127597
-19.38302238962799961541	50.24570112236099816982
-19.38302238962799961541	50.28657662335395173159
-19.34688487934700162896	50.33396476569951261126
-19.34688487934700162896	50.37788143946537644524
-19.30000000000000071054	50.43100936437875958518
-19.30000000000000071054	50.47672984638576565430
-19.25311512065299979213	50.53271493646943213207
-19.25311512065299979213	50.57844626313512037541
-19.21697761037199825296	50.63250638814892568007
-19.21697761037199825296	50.67600581700047257527
-19.19999999999999928946	50.72238421027810062469
-19.19999999999999928946	50.76122840096499544416
-19.19999999999999928946	50.79688470778961573160
-19.19999999999999928946	50.82892921547662723469
-19.18302238962800032596	50.86305755552502461114
-19.18302238962800032596	50.88696928916931483400
-19.14688487934699878679	50.91992501230651413380
-19.14688487934699878679	50.93465077483578795636
-19.10000000000000142109	50.96271591710558368504
-19.10000000000000142109	50.96749358320547429457
-19.05311512065300050267	50.98575663731864437977
-19.05311512065300050267	50.98031657769451641116
-19.01697761037199896350	50.98418600615357831884
-19.01697761037199896350	50.96895689732179590692
-19.00000000000000000000	50.95581304720587212387
-19.00000000000000000000	50.93202116679347568606
-19.00000000000000000000	50.90463588985556953048
-19.00000000000000000000	50.87413779458410800771
-18.98302238962800103650	50.84675730792540093717
-18.98302238962800103650	50.81133878280873972244
-18.94688487934699949733	50.78555884380940455003
-18.94688487934699949733	50.74700386124852968805
-18.89999999999999857891	50.72111752542713247749
-18.89999999999999857891	50.68126023761320908534
-18.85311512065300121321	50.65366582774047543580
-18.85311512065300121321	50.61431319269697581831
-18.81697761037199967404	50.58425436552620624298
-18.81697761037199967404	50.54701843877371203462
-18.80000000000000071054	50.51483538027638786616
-18.80000000000000071054	50.48091467573433277494
-18.80000000000000071054	50.44891542576743148629
-18.80000000000000071054	50.41883417331785466331
-18.78302238962800174704	50.39315264933740223796
-18.78302238962800174704	50.36645078720446377929
-18.74688487934700020787	50.34601674846012997477
-18.74688487934700020787	50.32178524381431827805
-18.69999999999999928946	50.30391631013641529080
-18.69999999999999928946	50.28098326256336036977
-18.65311512065299837104	50.26300845010140250224
-18.65311512065299837104	50.24006184745825720483
-18.61697761037200038459	50.21973277355533582522
-18.61697761037200038459	50.19549061475781570607
-18.60000000000000142109	50.17136760956089602814
-18.60000000000000142109	50.14478641571999872895
-18.60000000000000142109	50.11677202858688673359
-18.60000000000000142109	50.08717233091691412028
-18.58302238962799890487	50.05625112481715888180
-18.58302238962799890487	50.02307634406148650896
-18.54688487934700091841	49.98808952992286691597
-18.54688487934700091841	49.95123876719335243024
-18.50000000000000000000	49.91152193068181475155
-18.50000000000000000000	49.87152007337355996697
-18.45311512065299908159	49.82781319687607890501
-18.45311512065299908159	49.78586504540336932223
-18.41697761037200109513	49.74055090482018925968
-18.41697761037200109513	49.69847934186988425154
-18.39999999999999857891	49.65524703292278729805
-18.39999999999999857891	49.61527835993094726064
-18.39999999999999857891	49.57722751704598351807
-18.39999999999999857891	49.54156820643277825411
-18.38302238962799961541	49.50576124389804277826
-18.38302238962799961541	49.47599585486062068185
-18.34688487934700162896	49.44273851665933960930
-18.34688487934700162896	49.42019536201937057740
-18.30000000000000071054	49.39186115685352262972
-18.30000000000000071054	49.37757273037546212890
-18.25311512065299979213	49.35729198783099036518
-18.25311512065299979213	49.35179478564694477427
-18.21697761037199825296	49.34249666776534581913
-18.21697761037199825296	49.34562247041800731040
-18.19999999999999928946	49.34890494639657987364
-18.19999999999999928946	49.35965826397028877182
-18.19999999999999928946	49.37360103569567826298
-18.19999999999999928946	49.39023857487215707351
-18.18302238962800032596	49.40556084585812612886
-18.18302238962800032596	49.42603281649592616986
-18.14688487934699878679	49.44057906354360198975
-18.14688487934699878679	49.46261632366542926320
-18.10000000000000142109	49.47606129018046772217
-18.10000000000000142109	49.49721366985510684344
-18.05311512065300050267	49.50911267142820548770
-18.05311512065300050267	49.52688717881537883159
-18.01697761037199896350	49.53640173238604660355
-18.01697761037199896350	49.54849844627727861734
-18.00000000000000000000	49.55448447696814184837
-18.00000000000000000000	49.55908852616835247318
-18.00000000000000000000	49.55949041495492224385
-18.00000000000000000000	49.55551959714104270915
-17.98302238962800103650	49.54452372923993408449
-17.98302238962800103650	49.53156210191949071486
-17.94688487934699949733	49.50834448174746427185
-17.94688487934699949733	49.48647703616886417421
-17.89999999999999857891	49.45216439356708804098
-17.89999999999999857891	49.42202872973285110447
-17.85311512065300121321	49.37901941462961730167
-17.85311512065300121321	49.34187095102878828357
-17.81697761037199967404	49.29391195927946967004
-17.81697761037199967404	49.25162108078539091593
-17.80000000000000071054	49.20342556571887371319
-17.80000000000000071054	49.15835378739370753465
-17.80000000000000071054	49.11286280014927285720
-17.80000000000000071054	49.06752429264126647013
-17.78302238962800174704	49.01754259777222699768
-17.78302238962800174704	48.97394400483330656471
-17.74688487934700020787	48.91969205921856200803
-17.74688487934700020787	48.87972722599050712233
-17.69999999999999928946	48.82513886247597412193
-17.69999999999999928946	48.79069822716530069329
-17.65311512065299837104	48.74142428715599351108
-17.65311512065299837104	48.71433677164792896974
-17.61697761037200038459	48.67676008881999649702
-17.61697761037200038459	48.65866136747976611332
-17.60000000000000142109	48.63839643787901678706
-17.60000000000000142109	48.63056486050919602349
-17.60000000000000142109	48.62819602414437980542
-17.60000000000000142109	48.63142657806060498160
-17.58302238962799890487	48.63313387551649213947
-17.58302238962799890487	48.64790811680462212507
-17.54688487934700091841	48.65347236183052359593
-17.54688487934700091841	48.68020304213528959281
-17.50000000000000000000	48.69402436414824109079
-17.50000000000000000000	48.73297722542746157615
-17.45311512065299908159	48.76002172927871924912
-17.45311512065299908159	48.81115281807466033115
-17.41697761037200109513	48.85533205495181618971
-17.41697761037200109513	48.91811872708456832015
-17.39999999999999857891	48.98088706832162841920
-17.39999999999999857891	49.05422470597561357408
-17.39999999999999857891	49.13224784738314809829
-17.39999999999999857891	49.21462758091301736840
-17.38302238962799961541	49.29740241559054680920
-17.38302238962799961541	49.38784628639010065854
-17.34688487934700162896	49.47581278831373197136
-17.34688487934700162896	49.57326803588043162563
-17.30000000000000071054	49.66840760720586445132
-17.30000000000000071054	49.77142349996034198512
-17.25311512065299979213	49.87402058686611638905
-17.25311512065299979213	49.98064217180105117677
-17.21697761037199825296	50.08848585982349277401
-17.21697761037199825296	50.19628872450059020593
-17.19999999999999928946	50.30484142112234025035
-17.19999999999999928946	50.41113086399430898155
-17.19999999999999928946	50.51566237950824245218
-17.19999999999999928946	50.61799115359678324921
-17.18302238962800032596	50.72130104951486373466
-17.18302238962800032596	50.81854113284133944717
-17.14688487934699878679	50.92219319175067226979
-17.14688487934699878679	51.01356608276810078451
-17.10000000000000142109	51.11628446305743267430
-17.10000000000000142109	51.20112608913996155025
-17.05311512065300050267	51.29941321917668517472
-17.05311512065300050267	51.37721816188789603075
-17.01697761037199896350	51.46609895245022414656
-17.01697761037199896350	51.53661137431442540446
-17.00000000000000000000	51.61107314376965149449
-17.00000000000000000000	51.67436635032370162435
-17.00000000000000000000	51.73418996309217021690
-17.00000000000000000000	51.79078267218720554865
-16.98302238962800103650	51.85335030704091252574
-16.98302238962800103650	51.90447122858945760981
-16.94688487934899967513	51.97324486779429264516
-16.94688487934899967513	52.02002045564245236164
-16.90000000000300062197	52.09217791875349945485
-16.90000000000300062197	52.13533026702130968033
-16.85311512065700156882	52.20533135263477220178
-16.85311512065700156882	52.24502335407028397185
-16.81697761037699834219	52.30577221316421798747
-16.81697761037699834219	52.34150371676875579396
-16.80000000000600124395	52.38598682217426727448
-16.80000000000600124395	52.41657582175248109024
-16.80000000000600124395	52.44396087108862758441
-16.80000000000600124395	52.46767722786918142219
-16.78302238963399872773	52.49893811478500538215
-16.78302238963399872773	52.51374055077955205206
-16.74688487935399905382	52.54843510574801257462
-16.74688487935399905382	52.55173134260267886475
-16.70000000000899831321	52.58123515216541221662
-16.70000000000899831321	52.57002577783726593452
-16.65311512066299926005	52.58340245392008682757
-16.65311512066299926005	52.55464171632881686946
-16.61697761038299958614	52.54110632309249240279
-16.61697761038299958614	52.49219712080626720763
-16.60000000001100062264	52.44390898911629506074
-16.60000000001100062264	52.37322966534967605412
-16.60000000001100062264	52.29147471487743814578
-16.60000000001100062264	52.19862437557236489738
-16.58302238963999997168	52.10443075617074981665
-16.58302238963999997168	51.98940527287895463360
-16.54688487936000029777	51.88230011371934580211
-16.54688487936000029777	51.74597930845325777227
-16.50000000001400124461	51.62083874599974109287
-16.50000000001400124461	51.46544746382345891789
-16.45311512066799863874	51.31923969849240307894
-16.45311512066799863874	51.14860199755529635013
-16.41697761038900083008	50.98255968822850547895
-16.41697761038900083008	50.80210228957029272578
-16.40000000001699831387	50.62250352303243516872
-16.40000000001699831387	50.43889812033891217879
-16.40000000001699831387	50.25641439365764284730
-16.40000000001699831387	50.07657421822263188460
-16.38302238964499935037	49.90041894987679427231
-16.38302238964499935037	49.72949623349567360719
-16.34688487936600154171	49.56135619612192044769
-16.34688487936600154171	49.40401119249445116566
-16.30000000001999893584	49.24685256182918635659
-16.30000000001999893584	49.10743181913868227184
-16.25311512067399988268	48.96675509352144928243
-16.25311512067399988268	48.84895728191190755751
-16.21697761039400020877	48.73182174265362931465
-16.21697761039400020877	48.63821957370596749115
-16.20000000002299955781	48.55113083024471620774
-16.20000000002299955781	48.48270886597501316828
-16.20000000002299955781	48.42666811556063066746
-16.20000000002299955781	48.38249438589417650292
-16.18302238965100059431	48.34231915877741414533
-16.18302238965100059431	48.31960983001442144769
-16.14688487937100092040	48.29067463353957379013
-16.14688487937100092040	48.28581040966860626895
-16.10000000002499831453	48.26780768977439350920
-16.10000000002499831453	48.27657827312058458347
-16.05311512068000112663	48.27000673018026333239
-16.05311512068000112663	48.28777235753675256547
-16.01697761040000145272	48.29270849413180854981
-16.01697761040000145272	48.31467706603007172816
-16.00000000002799893650	48.32986710090673909690
-16.00000000002799893650	48.35150015898310726925
-16.00000000002799893650	48.37147061520357027575
-16.00000000002799893650	48.38897067493141435079
-15.98302238965599997300	48.39654147319526344972
-15.98302238965599997300	48.40726280165899453323
-15.94688487937500021019	48.39956818341169508813
-15.94688487937500021019	48.40189817838982122566
-15.90000000002699920287	48.38107536535008534884
-15.90000000002699920287	48.37443971559734023913
-15.85311512068000006082	48.34450600729131508615
-15.85311512068000006082	48.32940063222545745703
-15.81697761039900029800	48.29564619967571559300
-15.81697761039900029800	48.27360110421697214633
-15.80000000002699955814	48.24173679900150801814
-15.80000000002699955814	48.21515209653172462367
-15.80000000002699955814	48.18738768527753535409
-15.80000000002699955814	48.15918439863886391095
-15.78302238965500059464	48.12354896615192245690
-15.78302238965500059464	48.09661103591236042121
-15.74688487937400083183	48.05447249554620725576
-15.74688487937400083183	48.03163451145665874265
-15.70000000002599982452	47.98932888506671190498
-15.70000000002599982452	47.97328597459513588319
-15.65311512067900068246	47.93853743207960604877
-15.65311512067900068246	47.93167914237608329131
-15.61697761039799914329	47.91220773829675039224
-15.61697761039799914329	47.91642916019470277433
-15.60000000002500009089	47.91826649374193891617
-15.60000000002500009089	47.93480752279665324522
-15.60000000002500009089	47.95774731022796544266
-15.60000000002500009089	47.98716840605277411669
-15.58302238965299935103	48.01509980969113655647
-15.58302238965299935103	48.05769255115775706599
-15.54688487937199958822	48.09045019472471693689
-15.54688487937199958822	48.14634013273779800102
-15.50000000002500044616	48.18859926656983105886
-15.50000000002500044616	48.25770103571628766304
-15.45311512067699943884	48.31442382872439367247
-15.45311512067699943884	48.39637664820059370641
-15.41697761039599967603	48.47125711346325260820
-15.41697761039599967603	48.56535771763365971765
-15.40000000002400071253	48.65960311993253384344
-15.40000000002400071253	48.76477522841125278319
-15.40000000002400071253	48.87497466622539832315
-15.40000000002400071253	48.98996957491346648794
-15.38302238965199997267	49.10599083464911274177
-15.38302238965199997267	49.23029401074981592501
-15.34688487937100020986	49.35319435084939243552
-15.34688487937100020986	49.48624776428547988871
-15.30000000002299920254	49.61850663304907271822
-15.30000000002299920254	49.75926385101168847314
-15.25311512067600006048	49.90140813688547893889
-15.25311512067600006048	50.04808940155604801703
-15.21697761039500029767	50.19774344912197250324
-15.21697761039500029767	50.34771327376202521009
-15.20000000002299955781	50.49962342211083665688
-15.20000000002299955781	50.64944966131062642489
-15.20000000002299955781	50.79773940371210727562
-15.20000000002299955781	50.94365605386328610393
-15.18302238965000050541	51.09052899991621643494
-15.18302238965000050541	51.22961625691387865800
-15.14688487936900074260	51.37486703053628644966
-15.14688487936900074260	51.50404010317803482621
-15.10000000002199982418	51.64362834932518353526
-15.10000000002199982418	51.75946147997721880074
-15.05311512067500068213	51.88642782601893088668
-15.05311512067500068213	51.98538439502579677765
-15.01697761039300083041	52.09104102724327134410
-15.01697761039300083041	52.16987725926541941135
-15.00000000002100009056	52.24595797915655737143
-15.00000000002100009056	52.30220951171428112048
-15.00000000002100009056	52.34661143346875178395
-15.00000000002100009056	52.37906537615373281369
-14.98302238964899935070	52.40866999469388787247
-14.98302238964899935070	52.41750774425732117834
-14.94688487936799958788	52.43426552510881322178
-14.94688487936799958788	52.42048024444537901445
-14.90000000002100044583	52.42101336976378433974
-14.90000000002100044583	52.38641782569243332546
-14.85311512067299943851	52.36681078324744476049
-14.85311512067299943851	52.31411471918329425534
-14.81697761039199967570	52.27176787846119054848
-14.81697761039199967570	52.20453968689341905929
-14.80000000002000071220	52.13966340161771739758
-14.80000000002000071220	52.06210183378667721854
-14.80000000002000071220	51.98103095592905731337
-14.80000000002000071220	51.89743152109227963820
-14.78302238964799997234	51.81892280372490944274
-14.78302238964799997234	51.73264757803149649362
-14.74688487936700020953	51.65931171297430779532
-14.74688487936700020953	51.57302645239320781911
-14.70000000001899920221	51.50306258376767232221
-14.70000000001899920221	51.41875133074403692035
-14.65311512067200006015	51.34986421462511430036
-14.65311512067200006015	51.26871805045516339305
-14.61697761039100029734	51.19888020562369490563
-14.61697761039100029734	51.12119695405309016678
-14.60000000001799946858	51.04903508322980343337
-14.60000000001799946858	50.97419084699790658988
-14.60000000001799946858	50.90026342944080539610
-14.60000000001799946858	50.82670951938830938843
-14.58302238964600050508	50.75564622977484674493
-14.58302238964600050508	50.68071374210494894896
-14.54688487936500074227	50.60888191907097422018
-14.54688487936500074227	50.52959317924201343430
-14.50000000001799982385	50.45189621186832340527
-14.50000000001799982385	50.36545878745828019873
-14.45311512067000059290	50.27775658502292799312
-14.45311512067000059290	50.18199336971299828747
-14.41697761038900083008	50.08210110748004240122
-14.41697761038900083008	49.97587523294185984923
-14.40000000001700009022	49.86419400670216361959
-14.40000000001700009022	49.74774157752431591462
-14.40000000001700009022	49.62673382648765141312
-14.40000000001700009022	49.50163999464702158093
-14.38302238964499935037	49.37087657131964135715
-14.38302238964499935037	49.23921498469823632149
-14.34688487936399958755	49.09911152733201333831
-14.34688487936399958755	48.96411588139720549862
-14.30000000001600035660	48.81833123913142458150
-14.30000000001600035660	48.68459231348379034898
-14.25311512066899943818	48.54023387486147811387
-14.25311512066899943818	48.41355269368150970877
-14.21697761038799967537	48.28066648110674208283
-14.21697761038799967537	48.16765099429349561433
-14.20000000001600071187	48.05754070644255904199
-14.20000000001600071187	47.96496204144281705339
-14.20000000001600071187	47.88497929096543259675
-14.20000000001600071187	47.81892266244975076006
-14.18302238964299988311	47.76025890047691291329
-14.18302238964299988311	47.72540995007135222750
-14.14688487936200012030	47.69080614005500962094
-14.14688487936200012030	47.69098480578533383323
-14.10000000001499920188	47.68785329073990197912
-14.10000000001499920188	47.72579555861739208922
-14.05311512066699997092	47.76185772553785824357
-14.05311512066699997092	47.83877214277210043747
-14.01697761038600020811	47.91961078991150912998
-14.01697761038600020811	48.03476674326211792732
-14.00000000001399946825	48.16156139454885476425
-14.00000000001399946825	48.31208528586467565447
-14.00000000001399946825	48.47858044468592453313
-14.00000000001399946825	48.65982626783374342949
-13.98302238964200050475	48.85057626271340325275
-13.98302238964200050475	49.05785318801090966190
-13.94688487936100074194	49.27030598433104557898
-13.94688487936100074194	49.49841765463476406239
-13.90000000001299973462	49.73120467477007622392
-13.90000000001299973462	49.97419105534709871108
-13.85311512066600059256	50.22302041455666454794
-13.85311512066600059256	50.47419190163736857357
-13.81697761038500082975	50.73096198020491698344
-13.81697761038500082975	50.98313160861663817514
-13.80000000001300008989	51.23662711428121951940
-13.80000000001300008989	51.48255030146789579248
-13.80000000001300008989	51.72277782820194858004
-13.80000000001300008989	51.95600237946095489860
-13.78302238963999926114	52.18828425088096167883
-13.78302238963999926114	52.40470552789370373148
-13.74688487935899949832	52.62927959305569203252
-13.74688487935899949832	52.82547926728526732632
-13.70000000001200035626	53.03711650897523810499
-13.70000000001200035626	53.20986163427598114595
-13.65311512066499943785	53.39970585543753145430
-13.65311512066499943785	53.54591752792853043275
-13.61697761038399967504	53.70300657764512664016
-13.61697761038399967504	53.81987202911003009831
-13.60000000001100062264	53.93375751611163337884
-13.60000000001100062264	54.01891805893062326049
-13.60000000001100062264	54.08753598309164090097
-13.60000000001100062264	54.13932430418616092993
-13.58302238963899988278	54.18766401051604475470
-13.58302238963899988278	54.20510246017442312905
-13.54688487935800011996	54.23418439470266605440
-13.54688487935800011996	54.21615494619695141409
-13.50000000001099920155	54.21767073193704788991
-13.50000000001099920155	54.16296295602165145056
-13.45311512066299997059	54.12646315865665513911
-13.45311512066299997059	54.03410571506007897824
-13.41697761038200020778	53.95009962987865037576
-13.41697761038200020778	53.81977514708369625396
-13.40000000000999946792	53.68276246257782702287
-13.40000000000999946792	53.51517909029761455031
-13.40000000000999946792	53.32960727712671200607
-13.40000000000999946792	53.12645808449846640542
-13.38302238963800050442	52.91556022430200556528
-13.38302238963800050442	52.67813798517344991978
-13.34688487935700074161	52.44147883861419501272
-13.34688487935700074161	52.17152217101948252775
-13.30000000000899973429	51.90413758955965306541
-13.30000000000899973429	51.60446981902236274209
-13.25311512066200059223	51.30421065169294081443
-13.25311512066200059223	50.97910001963064985375
-13.21697761038100082942	50.64895449092032464478
-13.21697761038100082942	50.30424572553707207589
-13.20000000000800000066	49.95296343911891767675
-13.20000000000800000066	49.59587804004581101935
-13.20000000000800000066	49.23559003543439871464
-13.20000000000800000066	48.87376519403249375273
-13.18302238963599926080	48.50739524167956773226
-13.18302238963599926080	48.14637582174700014548
-13.14688487935499949799	47.77400892549473354620
-13.14688487935499949799	47.41913730562157525128
-13.10000000000800035593	47.04555240000778582043
-13.10000000000800035593	46.70252288712351429467
-13.05311512065999934862	46.33782119684848765928
-13.05311512065999934862	46.01260325295991293615
-13.01697761037899958581	45.67124407598060287228
-13.01697761037899958581	45.36977840342549228581
-13.00000000000700062230	45.06765904766375285817
-13.00000000000700062230	44.79539987672972500832
-13.00000000000700062230	44.53949605461787797367
-13.00000000000700062230	44.30066417194007755143
-12.98302238963499988245	44.06123243732112371163
-12.98302238963499988245	43.85767990062043253374
-12.94688487935400011963	43.63126932429208437725
-12.94688487935400011963	43.46443701651370616901
-12.90000000000599911232	43.26031914003996092788
-12.90000000000599911232	43.13172195436671785274
-12.85311512065899997026	42.96424290756620933962
-12.85311512065899997026	42.87545013698817086834
-12.81697761037800020745	42.76065725117321392190
-12.81697761037800020745	42.71313541917508160850
-12.80000000000599946759	42.66453928125597627741
-12.80000000000599946759	42.65943911483671513452
-12.80000000000599946759	42.67583130243626499123
-12.80000000000599946759	42.71385013008855935368
-12.78302238963300041519	42.75169757594915864729
-12.78302238963300041519	42.83358501731226652964
-12.74688487935200065237	42.89191957798225729448
-12.74688487935200065237	43.01873494964961253118
-12.70000000000499973396	43.11074896396859656988
-12.70000000000499973396	43.28345146491343342632
-12.65311512065800059190	43.42420452041819345368
-12.65311512065800059190	43.64306911220251095074
-12.61697761037700082909	43.84486401767483698677
-12.61697761037700082909	44.10886808045463425287
-12.60000000000400000033	44.37721684762541229929
-12.60000000000400000033	44.68356727496473013161
-12.60000000000400000033	45.00944259198509911357
-12.60000000000400000033	45.35377999376451896296
-12.58302238963199926047	45.70256709526365312968
-12.58302238963199926047	46.08105024930678439432
-12.54688487935099949766	46.45141678764132819879
-12.54688487935099949766	46.85917205381558403587
-12.50000000000400035560	47.25517542275372306904
-12.50000000000400035560	47.68548983294913057307
-12.45311512065599934829	48.10674204104812901051
-12.45311512065599934829	48.55084229289989394829
-12.41697761037499958547	48.99010403051779860562
-12.41697761037499958547	49.43735292935824077176
-12.40000000000300062197	49.88056654684218926832
-12.40000000000300062197	50.31914394881309959828
-12.40000000000300062197	50.74888586805657553214
-12.40000000000300062197	51.16732131631803781602
-12.38302238963099988212	51.57669839058603855619
-12.38302238963099988212	51.96673820824999268098
-12.34688487935000011930	52.35340312107233273764
-12.34688487935000011930	52.70792523086959135981
-12.30000000000199911199	53.06549587778440013608
-12.30000000000199911199	53.37826392879678394365
-12.25311512065499996993	53.69647726400378218159
-12.25311512065499996993	53.96263071364025165622
-12.21697761037400020712	54.22933837966077419424
-12.21697761037400020712	54.44602596262978266850
-12.20000000000099937836	54.65070743403268238580
-12.20000000000099937836	54.81765059887030844266
-12.20000000000099937836	54.96050987230297835140
-12.20000000000099937836	55.08039554645428381718
-12.18302238962900041486	55.19358217553779866194
-12.18302238962900041486	55.27205284522296580008
-12.14688487934800065204	55.36487480251528126018
-12.14688487934800065204	55.40891465792596193296
-12.10000000000099973363	55.48162071267543637987
-12.10000000000099973363	55.49902345578663442893
-12.05311512065300050267	55.54962232490865403634
-12.05311512065300050267	55.54859583696883618131
-12.01697761037200073986	55.57502208666193865838
-12.01697761037200073986	55.56366688243491580579
-12.00000000000000000000	55.56574047410465766461
-12.00000000000000000000	55.55140624336959120910
-12.00000000000000000000	55.53791952568226975018
-12.00000000000000000000	55.52652973788913470798
-11.98302238962799926014	55.51823808314084374160
-11.98302238962799926014	55.51378475940838796987
-11.94688487934699949733	55.51364229222450319412
-11.94688487934699949733	55.51801502752496730864
-11.90000000000000035527	55.52684467029779114000
-11.90000000000000035527	55.53982160880612184428
-11.85311512065299943686	55.55640162625176969868
-11.85311512065299943686	55.57582747548450896602
-11.81697761037199967404	55.59715468100495883164
-11.81697761037199967404	55.61928083890663998545
-11.80000000000000071054	55.64097761191437285788
-11.80000000000000071054	55.66092456509945662901
-11.80000000000000071054	55.67774395937914988508
-11.80000000000000071054	55.69003561509128985563
-11.78302238962799997068	55.69641097667382467762
-11.78302238962799997068	55.69552555102535507103
-11.74688487934700020787	55.68610895510246905360
-11.74688487934700020787	55.66699189076420140054
-11.69999999999999928946	55.63712946431851946727
-11.69999999999999928946	55.59562038171710440793
-11.65311512065300014740	55.54172167457369369004
-11.65311512065300014740	55.47485874355835733240
-11.61697761037200038459	55.39463064048693752284
-11.61697761037200038459	55.30081064475663765734
-11.59999999999999964473	55.19334231989496686310
-11.59999999999999964473	55.07233135826141534608
-11.59999999999999964473	54.93803363299595332592
-11.59999999999999964473	54.79083997312143594627
-11.58302238962800068123	54.63125825769051857606
-11.58302238962800068123	54.45989348593941059562
-11.54688487934699914206	54.27742652105354181913
-11.54688487934699914206	54.08459222445221570297
-11.50000000000000000000	53.88215769517515951748
-11.50000000000000000000	53.67090130535179781646
-11.45311512065300085794	53.45159317882045968418
-11.45311512065300085794	53.22497769729258010329
-11.41697761037199931877	52.99175853911688705011
-11.41697761037199931877	52.75258666225520443049
-11.40000000000000035527	52.50805153849405826350
-11.40000000000000035527	52.25867583344974320880
-11.40000000000000035527	52.00491361005277468621
-11.40000000000000035527	51.74715201549656029556
-11.38302238962799961541	51.48571629668069249419
-11.38302238962799961541	51.22087788043580047770
-11.34688487934699985260	50.95286515554167294795
-11.34688487934699985260	50.68187650668971144796
-11.30000000000000071054	50.40809507865281346994
-11.30000000000000071054	50.13170469409757856738
-11.25311512065299979213	49.85290631226775559526
-11.25311512065299979213	49.57193439917452337795
-11.21697761037200002932	49.28907258334048435700
-11.21697761037200002932	49.00466799434592246598
-11.19999999999999928946	48.71914372360446776611
-11.19999999999999928946	48.43300890656873036733
-11.19999999999999928946	48.14686600102351832220
-11.19999999999999928946	47.86141492488944493289
-11.18302238962700023706	47.57745381626215674942
-11.18302238962700023706	47.29587628517506203707
-11.14688487934700056314	47.01766513750334297583
-11.14688487934700056314	46.74388266311994755142
-11.09999999999999964473	46.47565768945285213931
-11.09999999999999964473	46.21416970465532614298
-11.05311512065300050267	45.96063044855692680812
-11.05311512065300050267	45.71626345156990112173
-11.01697761037200073986	45.48228206931301542681
-11.01697761037200073986	45.25986661185828552334
-11.00000000000000000000	45.05014119968500807545
-11.00000000000000000000	44.85415099267142124972
-11.00000000000000000000	44.67284043337356536085
-11.00000000000000000000	44.50703312162801239538
-10.98302238962699917124	44.35741389494280895178
-10.98302238962699917124	44.22451362953650999543
-10.94688487934699949733	44.10869720208465594169
-10.94688487934699949733	44.01015496452826880613
-10.90000000000000035527	43.92889798636213072314
-10.90000000000000035527	43.86475721362316448904
-10.85311512065199934796	43.81738658452130863452
-10.85311512065199934796	43.78627003158499064739
-10.81697761037199967404	43.77073219262988601486
-10.81697761037199967404	43.76995255100925419356
-10.79999999999900062164	43.78298263248479571530
-10.79999999999900062164	43.80876580440593670573
-10.79999999999900062164	43.84615915507620087510
-10.79999999999900062164	43.89395687915894939124
-10.78302238962699988178	43.95091456017765096931
-10.78302238962699988178	44.01577372451348679760
-10.74688487934700020787	44.08728604314789123464
-10.74688487934700020787	44.16423657752639542196
-10.69999999999899920056	44.24546550355824336975
-10.69999999999899920056	44.32988780160773956140
-10.65311512065200005850	44.41651046858097373615
-10.65311512065200005850	44.50444688863658626587
-10.61697761037200038459	44.59292808906002392177
-10.61697761037200038459	44.68131070456835374216
-10.59999999999899955583	44.76908157369574325912
-10.59999999999899955583	44.85585899179746149912
-10.59999999999899955583	44.94139074345347495409
-10.59999999999899955583	45.02554912961009137007
-10.58302238962700059233	45.10832328882246855528
-10.58302238962700059233	45.18980918489612008671
-10.54688487934600082951	45.27019769287831252313
-10.54688487934600082951	45.34976125996369944460
-10.49999999999899991110	45.42883964618107484057
-10.49999999999899991110	45.50782526097700753098
-10.45311512065200076904	45.58714860581070382750
-10.45311512065200076904	45.66726430998136265771
-10.41697761037099922987	45.74863820802224267936
-10.41697761037099922987	45.83173585352501078205
-10.39999999999900026637	45.91701279807870861305
-10.39999999999900026637	46.00490688740087108499
-10.39999999999900026637	46.09583274231744098870
-10.39999999999900026637	46.19017850287650617247
-10.38302238962699952651	46.28830482257772160892
-10.38302238962699952651	46.39054600954904827859
-10.34688487934599976370	46.49721312554852659105
-10.34688487934599976370	46.60859877482416635530
-10.29999999999900062164	46.72498324581363249308
-10.29999999999900062164	46.84664161177777685907
-10.25311512065199970323	46.97385135371960274142
-10.25311512065199970323	47.10690004186907486883
-10.21697761037099994041	47.24609260163664714582
-10.21697761037099994041	47.39175769673685323369
-10.19999999999899920056	47.54425278608384530799
-10.19999999999899920056	47.70396745143268191214
-10.19999999999899920056	47.87132464841162970970
-10.19999999999899920056	48.04677960288620397478
-10.18302238962700023706	48.23081615538269772969
-10.18302238962700023706	48.42394044605498493183
-10.14688487934600047424	48.62667192856830666869
-10.14688487934600047424	48.83953180023399198717
-10.09999999999899955583	49.06302903456786879133
-10.09999999999899955583	49.29764429793591062889
-10.05311512065200041377	49.54381212093723263479
-10.05311512065200041377	49.80190177466890588676
-10.01697761037100065096	50.07219736929290121452
-10.01697761037100065096	50.35487774500661828370
-9.99999999999909938708	50.64999676165581377063
-9.99999999999909938708	50.95746461136124594304
-9.99999999999909938708	51.27703077773814044349
-9.99999999999909938708	51.60826924522251601957
-9.98302238962699917124	51.95056652291901855278
-9.98302238962699917124	52.30311299007616554491
-9.94688487934620013675	52.66489799616698519458
-9.94688487934620013675	53.03470905952230651792
-9.89999999999909974235	53.41113540692180094993
-9.89999999999909974235	53.79257598529048323144
-9.85311512065199934796	54.17725195879545196931
-9.85311512065199934796	54.56322358354238133415
-9.81697761037120031347	54.94841123122043313742
-9.81697761037120031347	55.33062021595497270710
-9.79999999999910009763	55.70756896874338792713
-9.79999999999910009763	56.07692000443623925321
-9.79999999999900062164	56.43631304027508832633
-9.79999999999900062164	56.78339955513548176214
-9.78302238962690040580	57.11587802702837279867
-9.78302238962690040580	57.43152905475521663448
-9.74688487934609959495	57.72824955899540100290
-9.74688487934609959495	58.00408526903571271305
-9.69999999999899920056	58.25726073372069180323
-9.69999999999899920056	58.48620614828356423232
-9.65311512065190058252	58.68958036118846166573
-9.65311512065190058252	58.86628951509284490839
-9.61697761037109977167	59.01550088113540226686
-9.61697761037109977167	59.13665156314095838752
-9.59999999999899955583	59.22945187482382323196
-9.59999999999899955583	59.29388332521251925300
-9.59999999999899955583	59.33019128169319600374
-9.59999999999899955583	59.33887251259486106392
-9.58302238962679986400	59.32065793847966261865
-9.58302238962679986400	59.27649103976706612684
-9.54688487934600082951	59.20750247477228356274
-9.54688487934600082951	59.11498155377831409396
-9.49999999999890043512	59.00034528891496421465
-9.49999999999890043512	58.86510579440714252542
-9.45311512065180004072	58.71083684575199868050
-9.45311512065180004072	58.53914041874968887669
-9.41697761037099922987	58.35161401981982720599
-9.41697761037099922987	58.14981958807313588977
-9.39999999999890079039	57.93525469816611206397
-9.39999999999890079039	57.70932672260727969160
-9.39999999999890079039	57.47333052499039496297
-9.39999999999890079039	57.22843015414700573729
-9.38302238962669932221	56.97564489636672391271
-9.38302238962669932221	56.71583992185326650315
-9.34688487934590028772	56.44972163589738300971
-9.34688487934590028772	56.17783771838488604544
-9.29999999999879989332	55.90058171075072124268
-9.29999999999879989332	55.61820189076983211862
-9.25311512065169949892	55.33081406587195516522
-9.25311512065169949892	55.03841781792303322618
-9.21697761037090046443	54.74091564919734764771
-9.21697761037090046443	54.43813441269687558588
-9.19999999999880024859	54.12984836168295998959
-9.19999999999880024859	53.81580312435220037059
-9.19999999999880024859	53.49573990052896732550
-9.19999999999880024859	53.16941918800077360174
-9.18302238962660055677	52.83664337606031580208
-9.18302238962660055677	52.49727759176878549852
-9.14688487934579974592	52.15126824874477762251
-9.14688487934579974592	51.79865882679080613116
-9.09999999999869935152	51.43960250089491381686
-9.09999999999869935152	51.07437133728473810379
-9.05311512065170020946	50.70336187924809223659
-9.05311512065170020946	50.32709705322429272201
-9.01697761037089939862	49.94622443304091774507
-9.01697761037089939862	49.56151100401080356050
-8.99999999999869970679	49.17383466595741481342
-8.99999999999869970679	48.78417280238541309245
-8.99999999999869970679	48.39358831955460971130
-8.99999999999869970679	48.00321362212917364332
-8.98302238962650001497	47.61423303977571208634
-8.98302238962650001497	47.22786425046576397335
-8.94688487934569920412	46.84533926069482845378
-8.94688487934569920412	46.46788550026909803137
-8.89999999999870006206	46.09670757014733055712
-8.89999999999870006206	45.73297014696188256266
-8.85311512065159966767	45.37778249863534796305
-8.85311512065159966767	45.03218500371981747321
-8.81697761037080063318	44.69713799482163807397
-8.81697761037080063318	44.37351316612306106890
-8.79999999999859916500	44.06208769916103307196
-8.79999999999859916500	43.76354117238263796708
-8.79999999999859916500	43.47845523131400113925
-8.79999999999859916500	43.20731591015717043547
-8.78302238962650072551	42.95051841484428933882
-8.78302238962650072551	42.70837410440461923145
-8.74688487934569991467	42.48111934404362699524
-8.74688487934569991467	42.26892585136855728933
-8.69999999999859952027	42.07191211812137510151
-8.69999999999859952027	41.89015546458012551057
-8.65311512065149912587	41.72370427301156325939
-8.65311512065149912587	41.57258995030063886134
-8.61697761037070009138	41.43683818780355210265
-8.61697761037070009138	41.31647911780139281746
-8.59999999999850039956	41.21155600950767450286
-8.59999999999850039956	41.12213220188466777927
-8.59999999999850039956	41.04829603373060109561
-8.59999999999850039956	40.99016360154507765401
-8.58302238962640018372	40.94787925032284903182
-8.58302238962640018372	40.92161377931459753654
-8.54688487934559937287	40.91156042154546668144
-8.54688487934559937287	40.91792873014920672858
-8.49999999999850075483	40.94093657412039988230
-8.49999999999850075483	40.98080050884161096292
-8.45311512065140036043	41.03772484087390637342
-8.45311512065140036043	41.11188975045591575963
-8.41697761037059954958	41.20343886771329522389
-8.41697761037059954958	41.31246671886764687542
-8.39999999999839985776	41.43900646625755257446
-8.39999999999839985776	41.58301836063674272737
-8.39999999999839985776	41.74437930626742598861
-8.39999999999839985776	41.92287390942092173418
-8.38302238962629964192	42.11818734001333552897
-8.38302238962629964192	42.32990028553026462532
-8.34688487934550060743	42.55748621768228190376
-8.34688487934550060743	42.80031112714759444771
-8.29999999999840021303	43.05763581222284841488
-8.29999999999840021303	43.32862073523958912347
-8.25311512065129981863	43.61233338827245376024
-8.25311512065129981863	43.90775803900559992599
-8.21697761037050078414	44.21380766059394318290
-8.21697761037050078414	44.52933778778063356185
-8.19999999999840056830	44.85316198705275780867
-8.19999999999840056830	45.18406858264772552047
-8.19999999999840056830	45.52083824391743149818
-8.19999999999840056830	45.86226201378222100402
-8.18302238962620087648	46.20715934332366714443
-8.18302238962620087648	46.55439569422396317577
-8.14688487934540006563	46.90289927869772412805
-8.14688487934540006563	47.25167652541792762122
-8.09999999999829967123	47.59982588906542133600
-8.09999999999829967123	47.94654965963107429161
-8.05311512065119927684	48.29116347434669620498
-8.05311512065119927684	48.63310328880470478907
-8.01697761037040024235	48.97192962299448026897
-8.01697761037040024235	49.30732896107961238386
-7.99999999999830002650	49.63911224915876374553
-7.99999999999830002650	49.96721050137333719476
-7.99999999999830002650	50.29166758996505137702
-7.99999999999830002650	50.61263035773374951987
-7.98302238962610033468	50.93033625040156664454
-7.98302238962610033468	51.24509872039395474985
-7.94688487934530041201	51.55729070141097025726
-7.94688487934530041201	51.86732649397923466950
-7.89999999999820001761	52.17564243524261513585
-7.89999999999820001761	52.48267675107252472344
-7.85311512065109962322	52.78884900486825415555
-7.85311512065109962322	53.09453956508984617813
-7.81697761037029970055	53.40006951272746249515
-7.81697761037029970055	53.70568140084765218489
-7.79999999999820037289	54.01152126151112753405
-7.79999999999820037289	54.31762223130849775998
-7.79999999999820037289	54.62389013620268940485
-7.79999999999820037289	54.93009134008025284857
-7.78302238962599979288	55.23584312024138398556
-7.78302238962599979288	55.54060678788489724411
-7.74688487934519987022	55.84368372336702179837
-7.74688487934519987022	56.14421444553036621983
-7.69999999999810036400	56.44118078258427573246
-7.69999999999810036400	56.73341115971176407129
-7.65311512065099996960	57.01958896657244935113
-7.65311512065099996960	57.29826391690498610387
-7.61697761037020004693	57.56786626318510258216
-7.61697761037020004693	57.82672368238479521096
-7.59999999999809983109	58.07308060486363388009
-7.59999999999809983109	58.30511971780438784663
-7.59999999999809983109	58.52098533783187406243
-7.59999999999809983109	58.71880831492538987959
-7.58302238962590013927	58.89673210180962570348
-7.58302238962590013927	59.05293960000714292846
-7.54688487934510021660	59.18568037594351949338
-7.54688487934510021660	59.29329782817020344510
-7.49999999999799982220	59.37425588013476840388
-7.49999999999799982220	59.42716477217699377888
-7.45311512065099979196	59.45080553171921167177
-7.45311512065099979196	59.44415271206690221106
-7.41697761037019986929	59.40639500790676663655
-7.41697761037019986929	59.33695337949177428527
-7.39999999999800017747	59.23549634757340243141
-7.39999999999800017747	59.10195215723515360651
-7.39999999999800017747	58.93651755066204600553
-7.39999999999800017747	58.73966293620397038922
-7.38302238962589996163	58.51213379340271814044
-7.38302238962589996163	58.25494821037423065491
-7.34688487934510003896	57.96939051036844148257
-7.34688487934510003896	57.65700098763916514599
-7.29999999999799964456	57.31956183799572812632
-7.29999999999799964456	56.95907943551087271317
-7.25311512065090013834	56.57776317265808074808
-7.25311512065090013834	56.17800114539609523945
-7.21697761037010021568	55.76233302609686859341
-7.21697761037010021568	55.33342052437920699504
-7.19999999999789963567	54.89401588751710647784
-7.19999999999789963567	54.44692893682071144212
-7.19999999999789963567	53.99499317299239464774
-7.19999999999789963567	53.54103151079710443128
-7.18302238962580030801	53.08782222045877574601
-7.18302238962580030801	52.63806565918547164529
-7.14688487934500038534	52.19435237053614429215
-7.14688487934500038534	51.75913311161573204799
-7.09999999999789999094	51.33469133824141295008
-7.09999999999789999094	50.92311863646922631688
-7.05311512065079959655	50.52629353571865777894
-7.05311512065079959655	50.14586407500129894288
-7.01697761036999967388	49.78323442056829151170
-7.01697761036999967388	49.43955575204756058838
-6.99999999999779998205	49.11572154651692301286
-6.99999999999779998205	48.81236729785727845865
-6.99999999999779998205	48.52987461424461201887
-6.99999999999779998205	48.26837954200779989833
-6.98302238962569976621	48.02778487162412091038
-6.98302238962569976621	47.80777609369754088675
-6.94688487934489984355	47.60784059167832538151
-6.94688487934489984355	47.42728958604834588186
-6.89999999999780033733	47.26528228375521223370
-6.89999999999780033733	47.12085163864170311854
-6.85311512065069994293	46.99293109500242593413
-6.85311512065069994293	46.88038166838263265390
-6.81697761036990002026	46.78201871609867623647
-6.81697761036990002026	46.69663776506581598369
-6.79999999999770032844	46.62303879627636860050
-6.79999999999770032844	46.56004843312803131994
-6.79999999999770032844	46.50653954374585907772
-6.79999999999770032844	46.46144784401323590828
-6.78302238962560011259	46.42378517635008705611
-6.78302238962560011259	46.39264923709651355921
-6.74688487934480018993	46.36722963010138442996
-6.74688487934480018993	46.34681023294108825894
-6.69999999999769979553	46.33076797208718033971
-6.69999999999769979553	46.31856821118104505786
-6.65311512065060028931	46.30975705922632812417
-6.65311512065060028931	46.30395099991768148584
-6.61697761036980036664	46.30082432659865077085
-6.61697761036980036664	46.30009493684902110999
-6.59999999999770015080	46.30150909414993520841
-6.59999999999770015080	46.30482579958626132566
-6.59999999999770015080	46.30980143272444848890
-6.59999999999770015080	46.31617531678887189628
-6.58302238962549957080	46.32365683876243878103
-6.58302238962549957080	46.33191471036563058306
-6.54688487934469964813	46.34056889193201556054
-6.54688487934469964813	46.34918561949626081287
-6.49999999999760014191	46.35727587800307247790
-6.49999999999760014191	46.36429755300414967678
-6.45311512065049974751	46.36966137255825515240
-6.45311512065049974751	46.37274062368113902721
-6.41697761036969982484	46.37288449728172423647
-6.41697761036969982484	46.36943478592397838156
-6.39999999999759960900	46.36174553389339081377
-6.39999999999759960900	46.34920512280407223216
-6.39999999999759960900	46.33126017207809610454
-6.39999999999759960900	46.30744054551168886746
-6.38302238962539991718	46.27738468588290032812
-6.38302238962539991718	46.24086445174118864543
-6.34688487934459999451	46.19780860617608908569
-6.34688487934459999451	46.14832410787380467809
-6.29999999999749960011	46.09271438082949146064
-6.29999999999749960011	46.03149379065009583201
-6.25311512065040009389	45.96539763167474035299
-6.25311512065040009389	45.89538702863265484666
-6.21697761036960017123	45.82264827701970943963
-6.21697761036960017123	45.74858628490505907394
-6.19999999999749995538	45.67481193199128597371
-6.19999999999749995538	45.60312332545019131658
-6.19999999999749995538	45.53548110194799392048
-6.19999999999749995538	45.47397809668433410479
-6.18302238962530026356	45.42080386837039895909
-6.18302238962530026356	45.37820472901984913960
-6.14688487934450034089	45.34844007449945024746
-6.14688487934450034089	45.33373594152384100653
-6.09999999999739994649	45.33623682511119312721
-6.09999999999739994649	45.35795687389337160766
-6.05311512065039991626	45.40073163617186935426
-6.05311512065039991626	45.46617155503010110351
-6.01697761036959999359	45.55561840475296264685
-6.01697761036959999359	45.67010582271959862055
-5.99999999999740030177	45.81032502116155313843
-5.99999999999740030177	45.97659666294317304391
-5.99999999999740030177	46.16884975692159542859
-5.99999999999740030177	46.38660827440083522788
-5.98302238962519972176	46.62898601238746465469
-5.98302238962519972176	46.89469003612543929194
-5.94688487934439979909	47.18203282762929262617
-5.94688487934439979909	47.48895305396536059561
-5.89999999999739976886	47.81304465444634388405
-5.89999999999739976886	48.15159373542888232578
-5.85311512065030026264	48.50162256072896127534
-5.85311512065030026264	48.85993974029595676711
-5.81697761036950033997	49.22319555486598119387
-5.81697761036950033997	49.58794121450694802888
-5.79999999999729975997	49.95069073829814243481
-5.79999999999729975997	50.30798406413207146670
-5.79999999999729975997	50.65644995421462226659
-5.79999999999729975997	50.99286725477124804229
-5.78302238962520043231	51.31422309826923822129
-5.78302238962520043231	51.61776670266402788911
-5.74688487934439962146	51.90105752330228483515
-5.74688487934439962146	52.16200664673419140627
-5.69999999999730011524	52.39891047846783322939
-5.69999999999730011524	52.61047596448937468949
-5.65311512065019972084	52.79583679431637222024
-5.65311512065019972084	52.95456025601581018236
-5.61697761036939979817	53.08664464514009750928
-5.61697761036939979817	53.19250736378530319826
-5.59999999999720010635	53.27296407672617561957
-5.59999999999720010635	53.32919951267852809451
-5.59999999999720010635	53.36273070427097309221
-5.59999999999720010635	53.37536364477671924078
-5.58302238962509989051	53.36914449812812932805
-5.58302238962509989051	53.34630662698261005517
-5.54688487934429996784	53.30921479822238495672
-5.54688487934429996784	53.26030798376724817444
-5.49999999999719957344	53.20204219546404544872
-5.49999999999719957344	53.13683477562943835437
-5.45311512065010006722	53.06701151015032280611
-5.45311512065010006722	52.99475784050927273938
-5.41697761036930014455	52.92207532730516561514
-5.41697761036930014455	52.85074436430110722540
-5.39999999999709956455	52.78229396308525167569
-5.39999999999709956455	52.71797922909817657455
-5.39999999999709956455	52.65876693563604504789
-5.39999999999709956455	52.60532937944507381189
-5.38302238962500023689	52.55804647586550970573
-5.38302238962500023689	52.51701582939518431203
-5.34688487934420031422	52.48207030312748599954
-5.34688487934420031422	52.45280241357851025441
-5.29999999999709991982	52.42859470129068455435
-5.29999999999709991982	52.40865507700885217446
-5.25311512065000041360	52.39205602214633472613
-5.25311512065000041360	52.37777643381406278422
-5.21697761036919960276	52.36474485105556198050
-5.21697761036919960276	52.35188278129501071589
-5.19999999999710027510	52.33814686451883346763
-5.19999999999710027510	52.32256866649963455984
-5.19999999999710027510	52.30429097956666595337
-5.19999999999710027510	52.28259962722280107528
-5.18302238962489969509	52.25694991364915154008
-5.18302238962489969509	52.22698702642839663213
-5.14688487934409977242	52.19255988565195991669
-5.14688487934409977242	52.15372812948999126093
-5.09999999999700026621	52.11076212953200581524
-5.09999999999700026621	52.06413613285636188266
-5.05311512064989987181	52.01451482600544551360
-5.05311512064989987181	51.96273380318937284983
-5.01697761036909994914	51.90977459184598075126
-5.01697761036909994914	51.85673503840574483092
-4.99999999999699973330	51.80479598166105148493
-4.99999999999699973330	51.75518523720803898414
-4.99999999999699973330	51.70913998156542135121
-4.99999999999699973330	51.66786865725686794804
-4.98302238962480004147	51.63251351981366354948
-4.98302238962480004147	51.60411491472725487029
-4.94688487934400011881	51.58357830822359346712
-4.94688487934400011881	51.57164500261261252945
-4.89999999999689972441	51.56886734798278126846
-4.89999999999689972441	51.57558912098982517591
-4.85311512064980021819	51.59193158286206681851
-4.85311512064980021819	51.61778555741896212794
-4.81697761036900029552	51.65280969109777942094
-4.81697761036900029552	51.69643487609383214476
-4.79999999999690007968	51.74787464012746340813
-4.79999999999690007968	51.80614113728042724460
-4.79999999999690007968	51.87006621870276745767
-4.79999999999690007968	51.93832692422517283148
-4.78302238962470038786	52.00947461987703235309
-4.78302238962470038786	52.08196691516373988406
-4.74688487934389957701	52.15420143006488018500
-4.74688487934389957701	52.22455044659343315061
-4.69999999999680007079	52.29139547403143950532
-4.69999999999680007079	52.35316078035495479526
-4.65311512064969967639	52.40834499372658683569
-4.65311512064969967639	52.45554995527336927807
-4.61697761036889975372	52.49350610491996604878
-4.61697761036889975372	52.52109380237470759312
-4.59999999999680042606	52.53736012146733003192
-4.59999999999680042606	52.54153080347527549065
-4.59999999999680042606	52.53301720911971983696
-4.59999999999680042606	52.51141826468543882811
-4.58302238962459984606	52.47651755035101928115
-4.58302238962459984606	52.42827582359426941139
-4.54688487934379992339	52.36681940305171423233
-4.54688487934379992339	52.29242495448575311912
-4.49999999999670041717	52.20550131713093122698
-4.49999999999670041717	52.10656908288957822606
-4.45311512064970038693	51.99623869060579295365
-4.45311512064970038693	51.87518782173592768459
-4.41697761036889957609	51.74413888175354969690
-4.41697761036889957609	51.60383732400797640594
-4.39999999999669988426	51.45503152074147834583
-4.39999999999669988426	51.29845481157139630568
-4.39999999999669988426	51.13481026566661569177
-4.39999999999669988426	50.96475858340720321848
-4.38302238962459966842	50.78890944032274035180
-4.38302238962459966842	50.60781644474311491422
-4.34688487934379974575	50.42197574528721304432
-4.34688487934379974575	50.23182818957846507146
-4.29999999999670023954	50.03776480588009434314
-4.29999999999670023954	49.84013525896531149328
-4.25311512064959984514	49.63925882443139414590
-4.25311512064959984514	49.43543733533068973429
-4.21697761036879992247	49.22896948436643782543
-4.21697761036879992247	49.02016581627340485738
-4.19999999999660023065	48.80936371993350064713
-4.19999999999660023065	48.59694172905699360854
-4.19999999999660023065	48.38333246388374675462
-4.19999999999660023065	48.16903359352859581577
-4.18302238962450001480	47.95461626774455510258
-4.18302238962450001480	47.74073055572628021537
-4.14688487934370009214	47.52810753520023467900
-4.14688487934370009214	47.31755779397629169125
-4.09999999999659969774	47.10996623445736020130
-4.09999999999659969774	46.90628320509774340508
-4.05311512064950019152	46.70751211706380701116
-4.05311512064950019152	46.51469383494391962586
-4.01697761036870026885	46.32888825293763801483
-4.01697761036870026885	46.15115357843011167915
-3.99999999999660005301	45.98252393949701399833
-3.99999999999660005301	45.82398600844960157019
-3.99999999999660005301	45.67645538737105681548
-3.99999999999660005301	45.54075353174585671923
-3.98302238962449983717	45.41758599351449277037
-3.98302238962449983717	45.30752274475219820715
-3.94688487934390019873	45.21098129802442855407
-3.94688487934390019873	45.12821327045872976669
-3.89999999999700008857	45.05929494759237030621
-3.89999999999700008857	45.00412229271119457508
-3.85311512065000005833	44.96241072091217461093
-3.85311512065000005833	44.93369981825105696771
-3.81697761036939997581	44.91736303923874373822
-3.81697761036939997581	44.91262226507235766348
-3.79999999999730020406	44.91856695492391793323
-3.79999999999730020406	44.93417747796400618654
-3.79999999999730020406	44.95835207904119812383
-3.79999999999730020406	44.98993681026907864862
-3.78302238962519998822	45.02775765799464124939
-3.78302238962519998822	45.07065401301898077691
-3.74688487934459990569	45.11751257418267613275
-3.74688487934459990569	45.16730074348215850932
-3.69999999999769979553	45.21909856595596721718
-3.69999999999769979553	45.27212829007853400753
-3.65311512065080012945	45.32578067391509790696
-3.65311512065080012945	45.37963723761344425611
-3.61697761037020004693	45.43348776195355753771
-3.61697761037020004693	45.48734245295236178208
-3.59999999999809983109	45.54143833059948320852
-3.59999999999809983109	45.59623955182050991652
-3.59999999999809983109	45.65243153944415155365
-3.59999999999809983109	45.71090895571094847583
-3.58302238962600005934	45.77275772596879477305
-3.58302238962600005934	45.83923148089789378901
-3.54688487934539997681	45.91172293925977498930
-3.54688487934539997681	45.99173089339313236223
-3.49999999999849986665	46.08082358249026810881
-3.49999999999849986665	46.18059934058885573904
-3.45311512065160020057	46.29264548431632420034
-3.45311512065160020057	46.41849645752422759415
-3.41697761037100011805	46.55959227459241134284
-3.41697761037100011805	46.71723830070185812247
-3.39999999999889990221	46.89256737590801549231
-3.39999999999889990221	47.08650523133124465858
-3.39999999999889990221	47.29974006192011870553
-3.39999999999889990221	47.53269701345568165607
-3.38302238962680013046	47.78551821480765227079
-3.38302238962680013046	48.05804884353283057408
-3.34688487934610012786	48.34982955776712998386
-3.34688487934610012786	48.66009546437123844953
-3.29999999999920001770	48.98778162700122607021
-3.29999999999920001770	49.33153495280424039038
-3.25311512065219998746	49.68973213732184035507
-3.25311512065219998746	50.06050319825050820555
-3.21697761037149998486	50.44175999395888965182
-3.21697761037149998486	50.83122900565043522647
-3.19999999999940021311	51.22648756580235840374
-3.19999999999940021311	51.62500264239637459696
-3.19999999999940021311	52.02417124018823813003
-3.19999999999940021311	52.42136145781635292451
-3.18302238962729999727	52.81395324315325723319
-3.18302238962729999727	53.19937791843980789963
-3.14688487934650007460	53.57515560017224487410
-3.14688487934650007460	53.93892971452308415792
-3.09999999999940012430	54.28849790474382075445
-3.09999999999940012430	54.62183873946717937997
-3.05311512065230017399	54.93713375661454989540
-3.05311512065230017399	55.23278451291120205724
-3.01697761037149980723	55.50742444980153322831
-3.01697761037149980723	55.75992552873640306643
-2.99999999999940003548	55.98939972830618216904
-2.99999999999940003548	56.19519562860343597777
-2.99999999999940003548	56.37689043087076612437
-2.99999999999940003548	56.53427786964556389648
-2.98302238962719989956	56.66735256743717030758
-2.98302238962719989956	56.77629145618173822641
-2.94688487934639997690	56.86143294362884148541
-2.94688487934639997690	56.92325453536621182593
-2.89999999999939994666	56.96234963398389794520
-2.89999999999939994666	56.97940422616764521990
-2.85311512065229999635	56.97517413717728373967
-2.85311512065229999635	56.95046348168926186872
-2.81697761037150007368	56.90610487238035375412
-2.81697761037150007368	56.84294186538912185824
-2.79999999999929993777	56.76181402778260576270
-2.79999999999929993777	56.66354490953963107813
-2.79999999999929993777	56.54893309468811679608
-2.79999999999929993777	56.41874639653712364407
-2.78302238962720016602	56.27371915383672984490
-2.78302238962720016602	56.11455248146900487427
-2.74688487934639979926	55.94191723398793669730
-2.74688487934639979926	55.75645935573955114251
-2.69999999999929984895	55.55880721977408143175
-2.69999999999929984895	55.34958050122358486078
-2.65311512065219989864	55.12940009067307300938
-2.65311512065219989864	54.89889853017893273091
-2.61697761037139997597	54.65873044931037583183
-2.61697761037139997597	54.40958249068513197244
-2.59999999999919984006	54.15218224318289230723
-2.59999999999919984006	53.88730574509651205517
-2.59999999999919984006	53.61578317721783548677
-2.59999999999919984006	53.33850243516214817419
-2.58302238962710006831	53.05641034870493655262
-2.58302238962710006831	52.77051140089575653747
-2.54688487934640006571	52.48186388843319605257
-2.54688487934640006571	52.19157355438073864207
-2.49999999999940003548	51.90078481195024551198
-2.49999999999940003548	51.61066976106740611385
-2.45311512065240000524	51.32241527524581670150
-2.45311512065240000524	51.03720850268599917854
-2.41697761037170000264	50.75622118056480047699
-2.41697761037170000264	50.48059320365670288311
-2.39999999999959978680	50.21141591661775294142
-2.39999999999959978680	49.94971561280033967023
-2.39999999999959978680	49.69643772114377355820
-2.39999999999959978680	49.45243214674629683714
-2.38302238962750001505	49.21844020084978410523
-2.38302238962750001505	48.99508351324585930797
-2.34688487934680001246	48.78285526599070465181
-2.34688487934680001246	48.58211402355732388969
-2.29999999999979998222	48.39308036317019201533
-2.29999999999979998222	48.21583643225395121590
-2.25311512065279995198	48.05032847999511602666
-2.25311512065279995198	47.89637232931490018473
-2.21697761037200002932	47.75366167640345338441
-2.21697761037200002932	47.62177902959508912772
-2.19999999999989981347	47.50020902983106196871
-2.19999999999989981347	47.38835383310571813809
-2.19999999999989981347	47.28555018269880605430
-2.19999999999989981347	47.19108775693455015698
-2.18302238962780004172	47.10422834761365606937
-2.18302238962780004172	47.02422540572782594381
-2.14688487934700011905	46.95034348481838293310
-2.14688487934700011905	46.88187711826533643489
-2.10000000000000008882	46.81816868443688406387
-2.10000000000000008882	46.75862484223142701012
-2.05311512065290013851	46.70273115806830332986
-2.05311512065290013851	46.65006459255882020898
-2.01697761037210021584	46.60030356945760843246
-2.01697761037210021584	46.55323540946048410660
-2.00000000000000000000	46.50876097529668840025
-2.00000000000000000000	46.46689644064635871246
-2.00000000000000000000	46.42777216200113343803
-2.00000000000000000000	46.39162869804329147883
-1.98302238962780008613	46.05016722832262843212
-1.98302238962780008613	46.02135831795263243293
-1.94688487934690002135	45.34081097154368933388
-1.94688487934690002135	45.32144088068771026201
-1.89999999999969992892	44.45716648211670474211
-1.89999999999969992892	44.44938805539573678516
-1.85311512065250005854	43.59810549705744620042
-1.85311512065250005854	43.60393574511235215141
-1.81697761037169991383	42.96185227134224504653
-1.81697761037169991383	42.98316598173571634334
-1.79999999999949999996	42.70462561083699171149
-1.79999999999949999996	42.74326678989957173371
-1.79999999999949999996	42.79127205407147727101
-1.79999999999949999996	42.84891872398483769757
-1.78302238962730008609	42.60590902670620749859
-1.78302238962730008609	42.68250060821071656392
-1.74688487934640002130	42.10464606234901907555
-1.74688487934640002130	42.19848787405133805350
-1.69999999999919992888	41.43436305324945578832
-1.69999999999919992888	41.54270070044127294295
-1.65311512065200005850	40.78561872969491730601
-1.65311512065200005850	40.90528026411440265520
-1.61697761037109999371	40.35262200402164012303
-1.61697761037109999371	40.48057711782278289547
-1.59999999999890007985	40.29115937726339780056
-1.59999999999890007985	40.42474110022776301321
-1.59999999999890007985	40.56018436120159265101
-1.59999999999890007985	40.69633474758240510027
-1.58302238962680008605	40.50484581189547839131
-1.58302238962680008605	40.63740965515649605777
-1.54688487934590002126	40.06476272659151049993
-1.54688487934590002126	40.18758504112044960266
-1.49999999999869992884	39.38685033403404389674
-1.49999999999869992884	39.49519952160240876538
-1.45311512065150005846	38.67164708315552701379
-1.45311512065150005846	38.76260750120984965861
-1.41697761037059999367	38.12809975396945816328
-1.41697761037059999367	38.20041127803352054570
-1.39999999999840007980	37.92516209269302862594
-1.39999999999840007980	37.97869558845426496418
-1.39999999999840007980	38.02298199589711202862
-1.39999999999840007980	38.05803151188073485400
-1.38302238962619994389	37.74344208895540475623
-1.38302238962619994389	37.76047564621639196503
-1.34688487934540002122	37.04376175002406768044
-1.34688487934540002122	37.04509018411669529769
-1.29999999999819992880	36.09860131056220211576
-1.29999999999819992880	36.08807114571798990710
-1.25311512065100005842	35.13270428438607240196
-1.25311512065100005842	35.11490169892925905515
-1.21697761037009999363	34.37121151388301143470
-1.21697761037009999363	34.35079387207218815092
-1.19999999999790007976	33.99113380945802020960
-1.19999999999790007976	33.97254518246180765573
-1.19999999999790007976	33.95649603636188373912
-1.19999999999790007976	33.94413756546600069441
-1.18302238962569994385	33.59791771467502030646
-1.18302238962569994385	33.59620286612219786093
-1.14688487934480010111	32.88021865176951052945
-1.14688487934480010111	32.89227883487570380794
-1.09999999999760000868	31.97560315988398471632
-1.09999999999760000868	32.00286878368114429350
-1.05311512065050005837	31.09924636751412307945
-1.05311512065050005837	31.14172442706487231590
-1.01697761036959999359	30.46529226542913448839
-1.01697761036959999359	30.52222746200487080159
-0.99999999999738997669	30.24308554650177782719
-0.99999999999738997669	30.31358223985603572714
-0.99999999999738997669	30.39052924015277312719
-0.99999999999738997669	30.47320061105796185075
-0.98302238962528998290	30.21167031889545739887
-0.98302238962528998290	30.30156328490741302062
-0.94688487934460996431	29.64452223051139156951
-0.94688487934460996431	29.73540926932167849372
-0.89999999999766999714	28.84505304749494669636
-0.89999999999766999714	28.93123975269165626401
-0.85311512065073002997	28.02505056192719479213
-0.85311512065073002997	28.10235043059048720693
-0.81697761037005001139	27.40599521397269811018
-0.81697761037005001139	27.47195282170184782444
-0.79999999999795001759	27.16822268176686350216
-0.79999999999795001759	27.22159545915010170347
-0.79999999999795001759	27.26833514383973522399
-0.79999999999795001759	27.30790061771105214916
-0.78302238962586001580	26.97188403084850349956
-0.78302238962586001580	26.99545486404896266208
-0.74688487934517999722	26.22605979523383012975
-0.74688487934517999722	26.23348523596170522865
-0.69999999999824003005	25.21442689784095492200
-0.69999999999824003005	25.20763028358380353211
-0.65311512065131005489	24.17666700296603110587
-0.65311512065131005489	24.15861998398573717850
-0.61697761037063003631	23.35323337224659567823
-0.61697761037063003631	23.32681643404983162782
-0.59999999999853004251	22.93060871842303782842
-0.59999999999853004251	22.89787446106920398847
-0.59999999999853004251	22.86246548027407854420
-0.59999999999853004251	22.82495575794229125677
-0.58302238962644004072	22.42411706268534032915
-0.58302238962644004072	22.38519873555994266212
-0.54688487934576002214	21.58055731239667807131
-0.54688487934576002214	21.54352896706722830800
-0.49999999999881999946	20.52030066041127298604
-0.49999999999881999946	20.48722521773374083409
-0.45311512065189002429	19.47450627234908893115
-0.45311512065189002429	19.44591902606866185010
-0.41697761037121000571	18.66699310651205578893
-0.41697761037121000571	18.64211746724479112913
-0.39999999999912000392	18.26698414737489883919
-0.39999999999912000392	18.24419556494545702208
-0.39999999999912000392	18.22170601107044873856
-0.39999999999912000392	18.19930113385262870906
-0.38302238962702001013	17.82968092336798449082
-0.38302238962702001013	17.80765897440801026619
-0.34688487934632000753	17.05045602561594364488
-0.34688487934632000753	17.02902527722143588562
-0.29999999999936999284	16.05949146422762652264
-0.29999999999936999284	16.03884655910208323348
-0.25311512065241997815	15.07654158247201436893
-0.25311512065241997815	15.05676656457049134019
-0.21697761037172999532	14.31671564534782348233
-0.21697761037172999532	14.29743800382888885281
-0.19999999999963000152	13.94230575596233379088
-0.19999999999963000152	13.92234571001404042079
-0.19999999999963000152	13.90135749781121710100
-0.19999999999963000152	13.87943363313964617589
-0.18302238962751998796	13.52931434976808766635
-0.18302238962751998796	13.50792250056533561064
-0.14688487934680000135	12.79778962470462033707
-0.14688487934680000135	12.78012504096622770078
-0.09999999999981500076	11.88070921769046606187
-0.09999999999981500076	11.86884110360175625942
-0.05311512065283000017	10.98648690885676693085
-0.05311512065283000017	10.98056825113595458276
-0.01697761037211200155	10.31163433839375009882
-0.01697761037211200155	10.30996610588519502016
0.00000000000000003891	10.00000000000000000000
0.00000000000000003891	10.00000000000000000000
