400.00000000	0.00000000
400.00000000	-400.00000000
0.00000000	-400.00000000
0.00000000	0.00000000
0.00000000	-24.00000000
0.00000000	-17.00000000
0.00000000	-12.00000000
0.00000000	-2.00000000
0.20970961	0.00000000
0.44679560	0.00000000
0.71483175	0.00000000
1.01785852	0.00000000
1.36044367	0.00000000
1.74775140	0.00000000
2.18561982	0.00000000
2.68064942	0.00000000
3.24030233	0.00000000
3.87301466	0.00000000
4.58832410	0.00000000
5.39701286	0.00000000
6.31127116	0.00000000
7.34488081	0.00000000
8.51342218	0.00000000
9.83450987	0.00000000
11.32805783	0.00000000
13.01658022	0.00000000
14.92552912	0.00000000
17.08368005	0.00000000
19.52356559	0.00000000
22.28196393	0.00000000
25.40045544	0.00000000
28.92604785	0.00000000
32.91188554	0.00000000
37.41805183	0.00000000
42.51247199	0.00000000
48.27193989	0.00000000
54.78327159	0.00000000
62.14462159	0.00000000
70.46695224	0.00000000
79.87571526	0.00000000
90.51273820	0.00000000
102.53836227	0.00000000
116.13386501	0.00000000
131.50417859	0.00000000
148.88099821	0.00000000
168.52626345	0.00000000
190.73610300	0.00000000
215.84531174	0.00000000
244.23237636	0.00000000
276.32521509	0.00000000
312.60758243	0.00000000
353.62640684	0.00000000
400.00000000	-50.00000000
400.00000000	-100.00000000
400.00000000	-150.00000000
400.00000000	-200.00000000
400.00000000	-250.00000000
400.00000000	-300.00000000
400.00000000	-350.00000000
350.00000000	-400.00000000
300.00000000	-400.00000000
250.00000000	-400.00000000
200.00000000	-400.00000000
150.00000000	-400.00000000
100.00000000	-400.00000000
50.00000000	-400.00000000
0.00000000	-24.21215479
0.00000000	-24.45411649
0.00000000	-24.73007284
0.00000000	-25.04480003
0.00000000	-25.40374521
0.00000000	-25.81312066
0.00000000	-26.28001188
0.00000000	-26.81249941
0.00000000	-27.41979944
0.00000000	-28.11242273
0.00000000	-28.90235691
0.00000000	-29.80327373
0.00000000	-30.83076598
0.00000000	-32.00261685
0.00000000	-33.33910819
0.00000000	-34.86337158
0.00000000	-36.60178774
0.00000000	-38.58444442
0.00000000	-40.84565705
0.00000000	-43.42456124
0.00000000	-46.36579153
0.00000000	-49.72025325
0.00000000	-53.54600313
0.00000000	-57.90925657
0.00000000	-62.88553010
0.00000000	-68.56095166
0.00000000	-75.03374646
0.00000000	-82.41594431
0.00000000	-90.83531184
0.00000000	-100.43756798
0.00000000	-111.38890356
0.00000000	-123.87886006
0.00000000	-138.12360774
0.00000000	-154.36968524
0.00000000	-172.89827260
0.00000000	-194.03005716
0.00000000	-218.13077589
0.00000000	-245.61754904
0.00000000	-276.96610785
0.00000000	-312.71901627
0.00000000	-353.49507160
0.00000000	-17.20000000
0.00000000	-17.40000000
0.00000000	-17.60000000
0.00000000	-17.80000000
0.00000000	-18.00000000
0.00000000	-18.20000000
0.00000000	-18.40000000
0.00000000	-18.60000000
0.00000000	-18.80000000
0.00000000	-19.00000000
0.00000000	-19.20000000
0.00000000	-19.40000000
0.00000000	-19.60000000
0.00000000	-19.80000000
0.00000000	-20.00000000
0.00000000	-20.20000000
0.00000000	-20.40000000
0.00000000	-20.60000000
0.00000000	-20.80000000
0.00000000	-21.00000000
0.00000000	-21.20000000
0.00000000	-21.40000000
0.00000000	-21.60000000
0.00000000	-21.80000000
0.00000000	-22.00000000
0.00000000	-22.20000000
0.00000000	-22.40000000
0.00000000	-22.60000000
0.00000000	-22.80000000
0.00000000	-23.00000000
0.00000000	-23.20000000
0.00000000	-23.40000000
0.00000000	-23.60000000
0.00000000	-23.80000000
0.00000000	-12.20000000
0.00000000	-12.40000000
0.00000000	-12.60000000
0.00000000	-12.80000000
0.00000000	-13.00000000
0.00000000	-13.20000000
0.00000000	-13.40000000
0.00000000	-13.60000000
0.00000000	-13.80000000
0.00000000	-14.00000000
0.00000000	-14.20000000
0.00000000	-14.40000000
0.00000000	-14.60000000
0.00000000	-14.80000000
0.00000000	-15.00000000
0.00000000	-15.20000000
0.00000000	-15.40000000
0.00000000	-15.60000000
0.00000000	-15.80000000
0.00000000	-16.00000000
0.00000000	-16.20000000
0.00000000	-16.40000000
0.00000000	-16.60000000
0.00000000	-16.80000000
0.00000000	-2.20000000
0.00000000	-2.40000000
0.00000000	-2.60000000
0.00000000	-2.80000000
0.00000000	-3.00000000
0.00000000	-3.20000000
0.00000000	-3.40000000
0.00000000	-3.60000000
0.00000000	-3.80000000
0.00000000	-4.00000000
0.00000000	-4.20000000
0.00000000	-4.40000000
0.00000000	-4.60000000
0.00000000	-4.80000000
0.00000000	-5.00000000
0.00000000	-5.20000000
0.00000000	-5.40000000
0.00000000	-5.60000000
0.00000000	-5.80000000
0.00000000	-6.00000000
0.00000000	-6.20000000
0.00000000	-6.40000000
0.00000000	-6.60000000
0.00000000	-6.80000000
0.00000000	-7.00000000
0.00000000	-7.20000000
0.00000000	-7.40000000
0.00000000	-7.60000000
0.00000000	-7.80000000
0.00000000	-8.00000000
0.00000000	-8.20000000
0.00000000	-8.40000000
0.00000000	-8.60000000
0.00000000	-8.80000000
0.00000000	-9.00000000
0.00000000	-9.20000000
0.00000000	-9.40000000
0.00000000	-9.60000000
0.00000000	-9.80000000
0.00000000	-10.00000000
0.00000000	-10.20000000
0.00000000	-10.40000000
0.00000000	-10.60000000
0.00000000	-10.80000000
0.00000000	-11.00000000
0.00000000	-11.20000000
0.00000000	-11.40000000
0.00000000	-11.60000000
0.00000000	-11.80000000
0.00000000	-0.20000000
0.00000000	-0.40000000
0.00000000	-0.60000000
0.00000000	-0.80000000
0.00000000	-1.00000000
0.00000000	-1.20000000
0.00000000	-1.40000000
0.00000000	-1.60000000
0.00000000	-1.80000000
0.16448018	-23.68333333
0.17320508	-21.10000000
0.19356313	-18.71260670
0.17484292	-16.49598511
0.16315437	-14.29835157
0.43274369	-26.54625564
0.21255171	-12.30171813
0.16163778	-10.51750638
0.18363972	-8.88886655
1.11883791	-31.35893857
0.17617795	-7.50000000
0.17320508	-6.10000000
0.13775506	-4.90429767
0.17633542	-19.89962336
0.19414070	-22.32377790
2.02178167	-39.86358001
0.17320508	-3.90000000
0.17320508	-13.30000000
0.17320508	-15.30000000
0.18245748	-17.50749737
3.07510965	-51.55939789
4.66756374	-71.38146457
20.92506664	-2.06342126
12.19811205	-1.54424572
9.29577340	-105.36352082
159.18268956	-15.65103516
0.16425370	-2.89409529
39.96526191	-4.15717588
0.22426509	-24.59209466
0.19219850	-2.07879004
6.85180749	-0.83373552
0.19857306	-9.69959795
0.17575922	-11.29609931
85.58838856	-9.20811781
19.63002892	-205.89510649
4.32441771	-0.64937374
58.03246823	-6.01750806
13.22057823	-146.04227077
232.38106196	-22.53086372
0.64028198	-28.49506297
2.44565374	-0.39101604
0.17320508	-1.50000000
0.17383656	-5.50779589
0.17177421	-6.70000000
0.17320508	-8.10000000
0.20247965	-15.92025224
0.17747271	-18.08160762
0.15880260	-19.30028281
0.17638537	-20.50000000
0.18569564	-21.69367715
0.19363829	-22.91766175
0.17595391	-0.91783607
173.19563205	-356.84705887
360.68124348	-174.87590675
1.23007385	-0.27390152
9.17396602	-1.07804101
15.63145113	-1.88862369
27.07811215	-2.72782991
288.25291903	-32.23291069
26.96422850	-260.72928018
109.33611364	-11.09427334
6.99535457	-86.31077264
3.79085587	-60.05761599
2.41855867	-44.75777045
1.24568195	-34.07643948
0.29170869	-25.22427262
0.16785442	-24.10321313
0.20903220	-2.47179503
0.16553549	-3.32398922
0.16720992	-4.29394418
0.18856123	-7.08898038
0.16250839	-8.46505297
0.17998427	-9.31862621
0.17320508	-10.10000000
0.20560210	-10.90632923
0.17531602	-11.71488432
0.19780786	-12.72178232
0.17258514	-13.71077942
0.18964021	-23.30295468
360.84888832	-276.39147508
0.16842966	-0.50143292
273.05320757	-356.49886705
0.58978539	-0.21502372
71.23865175	-353.05647996
355.75376345	-72.33679097
29.83722574	-331.62315322
5.75422450	-0.80738863
6.31552262	-1.61123281
5.44390938	-1.66050205
5.86982099	-2.36951072
5.06532205	-2.41947852
5.47785922	-3.10215857
4.70105890	-3.11143177
5.08281497	-3.78930774
5.87943414	-3.80626941
5.47273740	-4.49047025
6.30482483	-4.52953700
5.83373744	-5.32484887
6.76327962	-5.30520722
6.32829986	-6.13836248
7.24889647	-6.11289530
6.64345994	-7.06733166
7.72486273	-6.99451544
7.23077717	-7.90818323
8.29396067	-7.88537833
7.75546324	-8.84956980
8.88285865	-8.84258227
8.29615884	-9.83637727
9.51656667	-9.86391610
8.90111409	-10.97465444
10.20748776	-10.98594432
9.52785289	-12.22641959
10.97452308	-12.21337242
10.21085298	-13.52554588
11.82166440	-13.56064807
10.98227237	-15.01774453
12.78825214	-15.06037786
11.81712560	-16.74006184
13.86692701	-16.72794970
12.80232575	-18.52780292
15.32012416	-18.65368672
13.47400817	-20.80146265
16.75007390	-20.96088206
15.09039918	-23.38009667
18.35437628	-23.48929141
7.09858180	-9.81412276
16.58044832	-26.40458751
20.05487316	-26.27722787
5.79565601	-6.89489501
8.84076473	-13.46706505
4.64556759	-4.38623060
18.23644129	-29.66961618
22.35075723	-29.68772592
10.69540251	-18.35863682
20.19494869	-33.43345284
24.97873054	-33.52086062
12.47466321	-12.08267434
22.43991374	-37.91367081
27.85907049	-38.42176292
16.62350338	-16.44323119
22.11353191	-22.81048509
30.74646748	-33.05657291
34.18952416	-38.25702565
30.83654101	-44.32935212
38.20437225	-44.17848649
34.41333227	-50.86461241
42.56571237	-50.81840686
38.40478056	-58.79344997
47.80949509	-58.48822932
9.28766476	-7.95239288
43.01551592	-67.72211080
54.36874321	-67.31770806
48.66292479	-78.00461042
61.60646023	-79.43700448
68.49837815	-65.14807241
76.21198947	-78.78554754
68.86397686	-93.10216220
85.47162039	-92.50375469
76.49424379	-109.11557047
97.45151408	-107.60525248
85.99214243	-126.61438466
108.45104413	-125.59524016
97.25095817	-145.26690710
121.05336023	-145.32811601
132.48404193	-123.92361454
147.28414091	-144.05403596
134.21998554	-168.24579608
162.30207660	-167.78770958
13.37181707	-26.06071103
46.71769968	-43.03688412
92.79275844	-77.43106906
175.87640824	-141.39970529
192.25628161	-166.30244482
206.82245808	-137.69066687
7.67607147	-5.19547058
148.16342823	-193.56895625
15.45168333	-33.60166393
26.29094633	-51.33601951
185.58790567	-109.35074949
6.78769225	-3.72881230
115.01088700	-193.74588377
131.74913231	-221.02516247
165.07480471	-220.74917528
224.83063418	-165.33870785
240.30935644	-134.39489218
10.87212871	-9.76747157
4.30268340	-2.46098109
3.97990704	-3.09683391
3.63468353	-2.51463808
3.33250676	-3.05572330
3.02646239	-2.57514053
2.76002002	-3.03891760
2.48882087	-2.61747235
2.25290357	-3.04186561
2.49303169	-3.46070842
2.02248383	-3.45146942
2.23517403	-3.84833060
2.01210424	-2.64074006
1.79685461	-3.84347592
1.99814726	-4.21846215
1.60686970	-4.21152308
1.77910724	-4.56435323
2.18180079	-4.59407560
1.96094561	-4.95926165
2.38739085	-4.97771205
2.15652351	-5.34938580
2.61715202	-5.37047174
2.36270752	-5.77980022
2.83735817	-5.79212351
2.57634008	-6.19739437
2.10734883	-6.17984177
2.30348281	-6.60932552
2.78917824	-6.63557611
2.50030488	-7.05535582
3.00898201	-7.09633169
2.70292674	-7.49988539
2.21734395	-7.45633455
2.39792949	-7.90981808
2.88845268	-7.96104533
2.57634342	-8.36894727
3.08978595	-8.43719264
2.76251122	-8.86758098
3.30156679	-8.93541693
2.95520990	-9.35373985
2.44011162	-9.28307535
2.61486898	-9.76381718
3.12731376	-9.85448582
2.78030800	-10.26653499
3.31877170	-10.37216170
2.95402712	-10.75819951
3.50928332	-10.90544260
3.04616015	-11.31507910
3.72622056	-11.43228434
3.30361349	-11.91645548
2.72455940	-11.81284478
2.91677765	-12.32783834
3.47745758	-12.51162753
2.98783777	-12.90421126
3.65503387	-13.10001953
3.21881410	-13.55604285
3.85453179	-13.72225647
3.39179651	-14.21341540
4.05660937	-14.37864646
3.59770949	-14.85240573
4.27314296	-15.05919744
3.67681995	-15.56687250
4.49596147	-15.79233386
3.93536430	-16.34405265
2.92312977	-14.66332885
3.21843274	-16.17376151
3.40164425	-16.88625275
4.11521736	-17.09983166
3.55966271	-17.63151476
4.30435260	-17.86172695
3.75590952	-18.39758998
4.50590404	-18.65535921
3.78799581	-19.24663763
4.69813304	-19.49954378
4.02759320	-20.12727824
4.91501807	-20.38239044
4.21765345	-21.05752111
2.47154411	-10.64984060
2.62599343	-13.40260587
5.18806505	-21.37850120
4.41360741	-22.11032209
2.38817722	-12.17315721
2.75141447	-16.66905931
3.03025615	-18.22157088
2.13298168	-9.65708319
1.96682006	-9.23736552
3.23891998	-19.94582246
1.95310767	-7.85711152
5.46155137	-22.43550928
4.62034466	-23.23303866
1.85639546	-6.55666367
3.46038062	-21.82650532
1.67363768	-6.18004227
4.34173763	-13.25577887
5.79723839	-23.59660210
4.88902816	-24.41467766
1.69434979	-9.56153884
1.60883598	-3.48744295
1.54634415	-9.19494842
1.54762530	-4.91874020
5.09951785	-18.03849694
6.17587301	-24.87969554
4.89513112	-25.84645182
3.84502767	-10.42034313
6.53562684	-26.32698126
5.38762987	-27.42660121
7.05851351	-27.86228626
3.31996358	-6.65777232
3.55959612	-7.16625851
1.45305939	-6.49816288
2.21890205	-2.23551122
1.77924993	-2.26529122
3.67704729	-24.01678109
6.60977720	-22.61018749
2.70408109	-3.92449523
5.52764441	-29.21719292
1.28753999	-6.17538653
5.09545483	-15.20493768
1.95889545	-1.88557027
1.50840032	-1.92252875
2.38546265	-1.83378111
1.42097584	-2.34350588
1.71568081	-1.56062983
1.33943091	-1.57160577
1.25933490	-9.46844551
1.42852338	-9.83812312
3.65040942	-8.52568056
1.17146028	-9.11442044
59.54416535	-107.50419333
2.88864317	-4.93841149
37.09949535	-32.31313899
5.85787621	-19.55696292
7.76166923	-25.21193645
7.67197501	-29.67512252
6.02806658	-31.32377865
1.09486395	-6.46889790
1.24211929	-6.77748557
1.39005590	-8.85356135
1.04162056	-8.81718704
74.19630848	-145.40170699
1.07042487	-9.77898502
1.18622357	-10.09702779
33.66343756	-66.55265910
3.86111211	-26.93208037
1.23608963	-8.54534031
2.57676314	-16.03737406
2.18347842	-16.46089787
2.04323750	-15.94114739
1.62478375	-16.31578077
1.78982198	-16.78269882
1.55719786	-15.84229842
1.35036770	-16.67834645
1.45090799	-17.06776584
1.07243899	-16.94202160
1.15572001	-17.32396814
1.52793164	-17.45051059
1.16788086	-17.72435188
1.58969317	-17.84776905
1.28018629	-18.10905890
1.67040873	-18.25194493
1.35531008	-18.51567127
1.76050050	-18.66892128
1.41815226	-18.95124319
1.85491236	-15.50404315
1.42925499	-15.43066115
1.70213679	-15.10158920
1.24722838	-15.05193094
1.55696391	-14.71598010
1.16950296	-14.65710565
1.41962041	-14.35981194
1.01114879	-14.31431933
1.28697284	-14.02086297
1.14926662	-15.73875805
1.50715806	-1.25009514
1.15132811	-1.28495228
0.99949623	-1.57496710
3.89879409	-6.68622636
0.97755532	-16.60074216
148.77021068	-249.87162077
185.30663892	-247.66571063
0.94585890	-6.16392432
1.11764834	-5.88305877
114.37424590	-249.42476126
33.49685346	-27.80198224
39.89995157	-26.48950692
35.35391838	-21.72269768
42.43233495	-20.48647733
46.72158400	-25.98530123
0.94054240	-13.96025801
1.19067754	-13.72841941
1.83503283	-19.10345762
1.48981909	-19.37744890
8.18207157	-31.93342801
6.47378909	-33.63635095
0.91172857	-8.51409327
1.08492637	-8.25093417
0.89525000	-14.89478732
0.19295482	-14.70338971
2.21395176	-11.74219259
1.90289519	-12.08057295
1.75402868	-11.68154109
1.42573918	-11.96801654
1.34773251	-11.57816115
1.58975747	-12.37880275
1.20353859	-12.29712216
1.30997987	-12.64601233
1.59928169	-11.30450315
1.21432203	-11.25882972
1.00004661	-11.49995442
0.82677016	-1.31023812
8.88900137	-34.41550840
0.99265734	-18.35524345
1.08936170	-19.23440347
1.15311320	-19.61996963
1.54727814	-19.79441332
1.14353209	-20.03542756
1.58327395	-20.22131320
1.23935069	-20.47714502
1.63811563	-20.65412836
1.22387597	-20.94133700
1.69239106	-21.10831652
1.32543355	-21.38419172
1.76280562	-21.57114197
1.30486483	-21.87205057
1.81684534	-22.05578671
1.42036776	-22.35416493
1.89798847	-22.55803464
1.40761011	-22.89398548
2.15058614	-20.68763502
4.16723009	-7.23884681
0.87415573	-11.21971111
0.96980378	-12.56545009
0.89641332	-12.25073817
0.90809946	-6.73629715
1.03575304	-7.03686679
1.96542059	-23.09259568
1.52179125	-23.43007366
3.89028843	-9.05342955
4.27136987	-8.54454669
4.53720047	-9.17017242
4.97228289	-8.60865478
1.65495626	-14.06548809
0.79689456	-5.87332781
0.94975803	-5.59778480
0.83161704	-13.62636103
1.44800119	-10.97650701
1.54730672	-10.20536416
0.96531673	-1.03253696
5.36035480	-16.05952659
6.03071714	-15.37112662
6.32745003	-16.37642582
7.04295002	-36.18136093
9.85961525	-37.20239062
7.07923327	-39.13448739
10.75197590	-40.40262980
1.66772137	-12.77238248
0.84978854	-9.05582978
259.78278216	-164.67773386
237.96977819	-200.29838297
1.92042854	-17.57736242
1.02889591	-22.61175730
0.86609262	-10.03820448
0.96530798	-10.33749627
5.67468660	-14.56744499
275.56876788	-132.48543990
255.56384676	-102.08683752
0.71969314	-16.88230349
0.17235243	-17.10000000
0.89968724	-20.69321405
2.06327459	-23.65741207
1.59201914	-24.00836889
2.16445864	-24.27038333
1.54512836	-24.66284651
2.26619058	-24.94831013
1.68905915	-25.38107540
1.35907556	-7.08480237
1.15054712	-7.34701500
0.80098077	-7.26477065
1.26443002	-5.59816958
131.51087563	-279.98621571
96.27257089	-278.88392333
0.94262214	-21.60152472
1.88409450	-1.20960467
1.56510140	-8.55622007
0.77885488	-8.22591387
0.85477966	-17.51713493
1.05816400	-12.89086298
7.10272930	-15.55997291
7.44115430	-16.68474149
0.74979231	-9.74158111
0.80777219	-19.46361611
0.73583864	-19.15458328
1.65860921	-0.89460744
1.10848081	-23.73598014
3.29317315	-2.05064773
5.26889521	-9.29718944
3.62601734	-3.63348165
49.57988248	-19.35633164
54.20957642	-25.41650053
2.32808660	-22.75428361
0.69590303	-1.58450802
0.84938681	-1.83352782
0.74903115	-12.81299223
1.93150488	-19.96857389
0.95235846	-7.59465206
9.80126533	-29.98177972
279.85852882	-196.93242612
262.42902173	-232.00952849
0.68461235	-11.46180961
7.37422879	-1.79517443
0.69068467	-14.21258484
0.67156356	-10.28061247
0.76415844	-10.54296782
8.17341380	-42.83792447
11.95761927	-44.10975800
0.66609954	-1.06791182
0.78505980	-0.80111069
1.09435670	-5.32488857
0.78974663	-5.32731069
0.93068184	-5.06392621
38.81163525	-15.23609655
32.90354229	-16.06012531
4.25780826	-30.69197731
1.25501921	-7.65554579
0.59595041	-5.05126115
0.76088955	-4.80611502
0.61313215	-16.51063475
0.61573862	-7.52340593
82.11672392	-248.06691312
2.20200065	-18.80523349
9.06811258	-46.85516568
13.14249769	-48.24820662
0.64715662	-6.15415566
85.46065137	-165.17386258
62.40202791	-163.82141156
72.96368685	-183.12194639
52.06472957	-144.64561272
42.91933909	-158.75296612
1.98329419	-14.76530662
0.56291186	-1.83040709
0.69278486	-2.09104909
0.49080450	-5.89719725
16.37489630	-44.87626718
5.75629078	-8.68066446
10.02768773	-51.29875437
15.20692964	-53.06367638
0.58555212	-11.18351804
2.44776323	-25.71956348
1.78480971	-26.18580798
3.63327979	-6.18840506
4.24082596	-6.17397273
3.90109105	-5.63798589
0.85601078	-16.29110072
0.56680938	-16.19704855
8.29410350	-15.77725130
291.39773014	-99.49328052
0.62051849	-8.48875659
2.36160890	-19.32460953
1.07167628	-0.75822666
2.27969190	-21.74810853
57.64618744	-18.41801250
62.70133344	-25.00468635
65.82753272	-16.91578378
73.16983114	-23.90396443
68.05077008	-33.41414744
79.34252130	-33.25309872
73.89999860	-43.41439212
86.38531257	-42.84729781
91.30230646	-30.60636304
100.28333726	-41.90875022
0.82684613	-13.10472122
0.54686067	-13.02090517
4.58244772	-5.62023481
0.53391862	-7.29434817
2.73284071	-18.87168406
35.34738433	-11.21421940
30.17585842	-11.56055582
27.99861990	-16.00668325
25.72930809	-12.09528624
23.80617975	-15.75082376
21.84144739	-12.43055106
23.47881492	-9.03572469
20.00757454	-9.68046530
32.19371952	-7.08592934
18.59161259	-12.36431631
16.70215248	-9.76266541
18.18137223	-7.46469273
15.62047421	-7.49078018
16.45419654	-5.54854109
14.32228180	-5.79706676
13.47756154	-7.48419726
12.42987856	-5.98845280
13.06171474	-4.33016135
11.38739739	-4.62059928
0.82424171	-11.75960955
4.57172703	-35.27396054
1.04654554	-4.79638801
0.88254171	-4.54566967
0.60573193	-4.56423650
0.72533653	-4.30966049
1.00332535	-4.27209714
0.84190547	-4.04237623
0.53905599	-4.07380323
0.66425966	-3.82345428
0.99992233	-3.75597872
0.76178574	-3.55059246
0.49859749	-3.61472662
0.54911237	-3.34212750
0.84058689	-3.28607054
0.66138918	-3.07374945
0.94322717	-3.02216737
0.75349726	-2.80057243
1.03924076	-2.74456011
1.23023344	-2.97166232
0.83537001	-2.53679593
0.58556052	-2.59366022
113.01751867	-310.54165135
1.83234289	-10.99978524
304.12480178	-229.57249585
286.10057048	-274.35141112
245.75440553	-267.92639267
3.06234553	-25.18249047
0.51631279	-5.34873010
1.10556576	-13.17357125
4.82396358	-9.90816251
5.56058827	-10.03969327
5.08676580	-10.68113098
5.87247818	-10.81493179
5.32739125	-11.47964821
6.17647362	-11.62333337
5.61444678	-12.31306250
6.52912477	-12.50097667
7.13953848	-11.79037208
10.82585708	-6.06963947
9.93427356	-4.75028905
10.46562014	-3.49061186
8.96965148	-3.70016974
4.71804438	-12.14554573
312.67842577	-128.67801788
1.05356657	-10.62869879
1.07421875	-25.16272697
10.80821650	-56.92742327
16.65016044	-58.73002850
12.73221542	-63.22103636
18.68048133	-65.18118567
2.97960503	-15.59860793
15.63395833	-12.34427788
23.14861026	-59.37800273
0.99664588	-22.20185845
0.65679298	-22.44495821
0.65521797	-22.09588560
0.69746081	-22.79385577
0.52676257	-0.82861588
61.53744421	-43.75243736
1.06010247	-23.27368393
0.74690058	-23.49824232
0.69226758	-23.92738260
1.08897870	-24.23754260
9.48638635	-5.97128911
0.40788766	-16.79139711
0.49929358	-16.99926359
0.75542940	-15.98580295
0.92742276	-21.25488805
0.64456155	-21.43711651
0.63666993	-21.14633579
6.65642568	-17.53012704
7.78530630	-17.90790244
0.49356129	-8.19895160
0.64949712	-7.98260908
0.62390503	-0.59770866
13.31804642	-37.72827674
0.68660058	-24.34513724
19.04619910	-5.24442373
2.46633038	-11.37210656
0.61687960	-13.32984083
1.81124427	-7.45714294
25.32160784	-19.74936985
1.38016674	-3.86675234
0.73203615	-10.96009730
1.03578146	-15.36861668
0.69807321	-15.23829002
0.40382681	-22.66036138
2.04127023	-0.86208957
2.29557205	-1.17965115
270.17078094	-69.47236248
235.25118781	-73.16950372
0.50372417	-19.36135771
0.55187409	-19.63590630
0.47973074	-19.05841702
0.68584046	-18.84324928
0.83725683	-14.62932016
0.52837489	-14.47033165
0.58936363	-14.84453701
0.41605267	-15.10099942
1.04913166	-12.00103622
1.79929172	-0.56469073
4.90768954	-6.19951361
3.71749928	-22.85700163
0.87975934	-17.99932217
0.60993168	-17.81565729
0.65656761	-18.22437535
14.42594915	-10.22285931
0.47812889	-2.85453341
0.65516224	-5.61518766
93.65389578	-53.89711455
109.75900504	-53.56218482
115.87254286	-38.47474860
127.11246022	-52.43811708
119.77816545	-68.82014661
138.97042138	-67.24080352
146.45611003	-50.09924483
160.02817046	-65.02375774
151.62458140	-84.03895763
166.46676425	-46.20649151
182.66133945	-62.25139425
188.47494547	-38.89046906
0.82623294	-17.21653837
0.56666921	-17.41527219
0.98427252	-2.08829896
27.49328237	-8.40690544
3.29938774	-20.78706198
0.50967659	-11.68526688
0.58625900	-11.92861808
0.87181983	-20.34234622
0.57960432	-20.55741193
0.55520363	-20.20194385
58.52227742	-277.35452150
1.99487498	-7.01277899
5.38286655	-7.97945750
0.65366773	-12.48136077
0.72524458	-8.78312204
0.56928981	-9.01508460
0.71917509	-9.26553902
0.42970082	-8.76659251
0.89022898	-9.50695327
0.63121044	-13.90490236
0.45603898	-14.07642499
0.50552148	-10.48138274
0.42271018	-3.10325506
2.54062289	-26.53442592
1.86949463	-27.03965773
2.89076119	-27.57295655
1.91282018	-28.10362680
3.07280212	-28.73251031
1.93467958	-29.35205272
0.54224887	-10.00137723
0.46232280	-9.72872189
0.45997038	-15.91187865
0.66924553	-15.72644829
0.40577087	-15.63981248
1.29551573	-16.08586509
19.75621246	-15.50255915
1.78869801	-3.03241989
200.65221694	-218.42076188
1.63797885	-2.64985396
2.78009556	-13.99931604
2.22198803	-13.81256487
2.12321565	-13.30488066
2.40941344	-12.92235040
2.83127007	-17.39141236
0.78475263	-20.04475494
49.27804979	-33.69555972
0.77821032	-6.43607107
0.51569471	-6.41011049
0.57708384	-6.69811403
0.71995806	-6.95891586
0.43854536	-6.93388226
1.03904738	-18.74510611
1.62279584	-10.61325876
0.45800985	-10.93141250
2.21003407	-8.80174357
2.10456257	-8.30734908
1.85900834	-5.76495975
1.74511094	-5.31706440
0.46382774	-12.75464848
0.30784540	-12.94469041
0.36024606	-12.52197753
0.45551316	-12.30525034
4.42806411	-41.69528554
0.37339079	-12.08295827
2.71215116	-20.36931347
0.51502833	-1.34750013
0.37908576	-1.05169484
11.80484123	-7.44060571
14.15886079	-69.97988847
20.78299748	-72.58097218
13.79097247	-78.45866118
23.36590364	-81.05275420
0.47118356	-4.34621015
0.36459463	-4.55230430
0.47481255	-4.76590089
4.64810057	-1.79697392
4.92815288	-1.09849510
6.93224572	-18.79207567
8.15842314	-19.22476244
7.13520953	-20.07313075
8.26236708	-20.77925826
150.37846577	-316.94306576
5.92400074	-13.13332476
6.93299984	-13.55975819
41.08990240	-9.68845944
0.35676747	-5.16139546
0.52361500	-13.62364944
11.93912782	-3.18141967
13.60668362	-2.66303484
14.97630665	-3.96496022
0.37055172	-21.29836848
3.50830451	-0.54487766
3.84661533	-1.16793985
3.26104816	-1.10086365
2.90196975	-0.69874564
121.99531571	-354.45170909
193.36675525	-317.44699093
3.78733689	-7.66784113
4.17067956	-32.96229070
0.32944387	-0.20805857
0.34014026	-19.56200571
1.06926022	-25.83691221
2.71434634	-31.73837678
2.26706793	-10.17146247
2.28654260	-16.98984978
220.18269336	-106.75187155
221.35947278	-356.17821170
0.42006176	-1.60569112
0.31547489	-1.86059990
24.70205288	-5.59261708
306.51570457	-66.45867196
330.63153136	-34.18323527
0.39508508	-10.24781409
2.30634076	-14.37608745
1.25829834	-3.50632110
16.44180742	-183.21792341
35.33040520	-192.98729802
42.22701635	-216.05514237
52.41166845	-11.87115754
0.40070740	-11.41421640
4.31182900	-3.71242366
3.84525260	-4.25005167
245.48220855	-309.63874004
0.41838707	-2.04871115
0.33704633	-2.27154894
9.86819680	-16.55219189
11.98916455	-130.72042906
25.73886005	-136.67271892
23.84513445	-122.33576071
41.40120575	-128.95587701
35.57832627	-113.38835410
75.98805419	-8.23268329
1.39268893	-0.60995108
0.93510808	-7.99751663
3.94578352	-1.83947724
140.28867672	-14.52691207
4.10595773	-4.90844512
3.44933002	-5.19369338
10.51615561	-1.23879788
261.22289998	-36.68314533
4.50832078	-7.91921880
5.04725754	-7.26864184
4.49261282	-11.31102995
45.28023520	-14.39718144
0.35751510	-13.83694607
17.51718720	-37.56795375
18.23404582	-1.81689653
16.12965948	-88.27503247
26.57790417	-90.85200030
32.59632783	-83.50802914
37.65389501	-93.84048975
18.13385887	-98.44774128
0.36678642	-5.61817787
0.24903154	-5.85833419
0.88236903	-0.27527474
23.75478156	-2.48589584
12.13731815	-23.37452799
9.98948015	-25.50033173
9.82077459	-23.05323316
10.99402770	-21.39312091
21.65836222	-18.86539680
26.35534469	-23.99641240
29.64762772	-20.42344597
291.37677331	-318.59286609
26.77797255	-291.94870437
352.48723749	-226.67538243
2.38895887	-15.56927634
0.38673674	-7.97591124
99.72919566	-222.72317662
0.31969529	-16.13150998
30.91896670	-3.19965531
35.13199572	-3.63060590
2.70514441	-23.85270267
9.54704101	-2.30475222
8.23329755	-2.63760725
0.40100186	-17.63557834
356.01041984	-124.63290140
323.39892265	-351.10724956
1.61127181	-37.59311608
3.85944145	-38.64764867
3.21501860	-4.05897460
0.72247029	-18.54008956
0.42679758	-18.42346389
1.06578994	-10.93920291
1.44791478	-4.53980503
45.12052827	-4.80442631
51.14787118	-5.35772779
0.97322675	-30.21034589
0.57557883	-27.75242569
63.00150242	-127.78557836
66.69107201	-8.47415439
14.36866323	-29.60448337
0.36875500	-26.04570719
207.73746480	-57.42479805
197.56140543	-83.81857949
12.49320393	-9.16914524
96.79111819	-10.17255396
123.61520522	-12.71539851
14.01299500	-163.49543735
9.36854039	-14.74750358
1.13852846	-26.53932384
179.61560667	-17.15821771
5.56333700	-17.11175159
2.41582877	-17.88718214
10.02951699	-117.06994269
80.46412959	-17.19574979
8.42577439	-94.94499117
101.69444656	-21.09458660
7.88543179	-3.62140849
7.20037388	-2.86833986
5.65910059	-78.33867666
0.43352713	-22.90518173
0.66701342	-23.12010592
4.28576765	-65.24078238
157.95924253	-120.39189981
1.74818309	-8.23921079
3.35677352	-55.51882082
2.85612381	-47.75419445
1.77368089	-42.11737086
21.26007593	-6.97246753
0.41185441	-3.84427605
0.22202935	-3.67405567
0.37480417	-16.35988044
1.39774746	-35.72706161
0.41011064	-18.80693231
7.85812539	-14.46180581
3.94627549	-12.05033130
203.23023602	-19.42850456
1.24225448	-32.61775118
6.73870295	-8.86295293
6.27415691	-8.00180445
0.76080876	-29.29143214
0.28205068	-8.28736127
79.33082699	-310.20797674
0.54678832	-27.06954151
7.74428744	-10.93450435
1.80644079	-13.67551321
1.67085072	-13.20658909
11.49753983	-28.08138855
0.23159288	-18.96462976
0.45809195	-23.33368087
0.39799240	-21.57433280
0.60304266	-21.77060258
4.09647957	-9.76915639
0.36700857	-0.60364230
0.33232392	-25.60549231
0.21851764	-14.07411298
1.97659413	-30.49170415
0.40235099	-22.23794775
0.39613218	-21.98202767
0.34522416	-23.11326416
0.30504434	-23.50000000
1.30351524	-0.98936694
23.46547039	-231.54411149
0.17320508	-0.70000000
0.33634891	-11.12162837
0.33483986	-10.67577569
12.72738239	-32.19213598
1.22286316	-7.96828830
0.15770279	-1.12825515
0.28013593	-1.29743093
2.08117433	-12.53994882
1.83159241	-9.94765843
0.87231927	-0.55342711
0.17320508	-2.70000000
1.86049674	-10.32787831
0.20384641	-3.11006566
129.93774210	-26.82604577
0.17114962	-4.09586553
0.39523732	-18.16016942
0.41286631	-9.24173411
0.21276906	-4.72057017
0.17087591	-5.29486522
0.25630545	-24.88578364
0.17558486	-6.29414945
0.16976333	-6.49902491
0.34381960	-6.58454157
0.17809200	-6.89531479
0.17373214	-7.69928498
0.36339940	-7.61247969
0.17638783	-7.29816340
0.19413143	-8.66847164
0.17320508	-9.10000000
0.32944339	-9.50145650
0.29932195	-9.90000000
0.17347837	-10.30396747
0.17869805	-7.89311920
0.17320508	-11.50000000
0.17482384	-11.90811938
0.17320508	-13.50000000
0.36320854	-13.41056945
0.16631023	-15.06683324
0.41893512	-15.37341756
0.30835262	-14.88930286
0.41908952	-14.69438461
0.19518603	-15.50220501
0.17320508	-15.70000000
0.16837424	-16.28122925
0.18528388	-16.68916003
0.17883219	-17.71941584
0.33821226	-17.88041091
0.19545212	-18.29420682
0.18042545	-18.50183901
0.17707256	-20.09993723
0.36098989	-20.00973747
0.17748912	-20.70000000
0.18563076	-20.90513238
0.36806745	-20.80000000
0.14339238	-21.29967370
0.18746736	-21.89390582
0.17320508	-21.50000000
0.17320508	-22.50000000
0.17710055	-22.70663462
0.19283453	-23.90859885
0.37250057	-23.80000000
24.62125350	-43.71189924
2.76345303	-1.11587164
2.92368849	-1.62157399
52.13773981	-91.58902119
1.61541539	-6.82700752
18.47300060	-18.55820682
0.17320508	-16.90000000
0.17989852	-14.47599130
69.72174033	-220.66136493
50.92252066	-242.52615352
2.72275160	-2.15568782
0.17756000	-20.29998954
0.36462526	-20.40000000
0.17818002	-17.30124956
0.38213204	-17.20272078
0.19668187	-22.10627652
118.34825731	-106.02289804
1.37889895	-12.98039902
362.56278827	-322.96935677
1.26976142	-10.40420383
2.79252800	-21.39508241
3.02177925	-3.52871680
2.84217960	-4.40593737
3.39106362	-4.62591894
7.92915149	-0.84778015
1.16791183	-1.83909602
85.66111139	-65.81990955
1.47153315	-5.87540951
0.65797078	-2.35885586
4.25156206	-28.21359867
1.23228095	-5.05084521
0.19266731	-24.33313564
0.68432702	-25.38190150
2.41640936	-4.27232807
1.77582948	-8.88751281
0.39930536	-6.16489670
6.30733572	-3.03184248
68.30075382	-51.87160748
9.26961007	-27.50908099
1.09707958	-2.39318143
2.01917015	-11.36132400
5.54841405	-45.17965230
3.50102845	-9.48785030
20.41387092	-109.89650603
3.21427142	-7.56213578
165.95350223	-279.57192688
4.97129939	-12.87295643
8.27211643	-12.27450617
130.89856311	-86.12296297
106.76038313	-86.38080188
17.30019979	-3.64174098
4.71373100	-16.59510587
0.32233449	-3.45938700
108.26730002	-167.19015424
0.52618165	-7.77027176
0.36055565	-13.18433431
0.48510598	-0.40062454
1.79098916	-14.42031492
3.07671336	-6.21422846
320.59024440	-193.17717196
2.11597010	-15.17357421
295.21296815	-162.92680214
5.17064500	-13.73289252
6.04181370	-49.31304251
6.04070267	-9.41464513
0.16686883	-19.69322820
2.43485365	-14.83244292
1.55036983	-7.83852609
27.34593677	-28.44874010
5.03836543	-5.06753436
179.53204078	-192.88124530
0.63439168	-20.84698868
6.65734462	-14.59262428
1.11635361	-3.24591123
4.58567932	-6.71478838
30.19451091	-58.95250032
1.56875314	-0.27557734
1.11250698	-4.02540552
0.50727173	-24.66226292
114.46433158	-23.72208920
2.13730297	-1.52390442
0.16756555	-5.09488263
0.58615930	-9.50406275
2.37466069	-33.19102724
2.71872661	-34.78431250
8.70481667	-5.02394623
6.74356513	-10.88626003
208.38133242	-277.72848363
0.41998852	-24.09413387
2.44904757	-0.80847512
14.86623613	-14.85457319
19.74301466	-48.35416266
326.23501829	-97.06832655
3.03757833	-5.40773156
0.16011641	-12.50464061
42.72157894	-31.28029661
1.13387893	-27.34694505
8.26463664	-6.04525955
7.16750682	-4.53546401
0.15660767	-0.30745541
0.16899566	-4.49770827
173.32737499	-82.22292797
2.82599390	-21.98325423
6.13205490	-20.75013899
6.34564809	-10.16327169
1.90368255	-19.54674696
0.61050298	-10.72492154
17.04683963	-14.17704079
0.37608533	-8.48464432
0.39502293	-21.03079427
0.17051496	-1.70789179
7.06288685	-21.40545058
58.47905413	-56.09275818
4.78151894	-14.50732370
2.52129555	-18.38407389
2.64626622	-19.78178952
10.02696085	-8.72642705
8.61819706	-16.98121458
2.08209841	-18.38597720
149.33460496	-31.80020193
4.18497472	-12.65604323
142.28086605	-103.85056716
1.83400302	-17.18589482
1.44622734	-13.51875468
1.40125558	-8.23308662
2.22546373	-11.01486096
0.36253055	-7.40338062
0.37653824	-7.18371985
4.44100855	-13.91937960
1.93569153	-17.99004715
30.69991944	-101.59937877
40.60881398	-37.91797618
0.15702848	-5.68347256
0.36759895	-2.64183415
0.61300862	-15.50808127
3.45406173	-1.55610049
21.52452926	-4.29097101
58.44892537	-33.06194416
27.68005773	-153.10168195
0.35776807	-19.78050853
5.19130064	-5.69532121
20.20793227	-54.17237796
0.87973837	-13.35778226
0.16150939	-13.08817079
230.14752333	-48.42736488
3.99694218	-24.99843434
11.66872064	-10.80126204
2.01280926	-12.92752393
13.61065520	-13.25820156
19.49311807	-41.41534831
0.35406605	-21.78290920
0.14579583	-9.50281152
89.95369051	-19.00971135
9.10654266	-18.09979975
0.34551673	-17.40454215
1.42562717	-3.20047807
0.83190736	-19.78037078
0.15225300	-2.29432464
0.77311218	-7.76048479
2.21541672	-21.22944430
4.77798659	-17.33734017
1.40458987	-5.30271799
1.92503058	-20.33824253
9.68097374	-19.81820841
80.22784339	-53.49812450
0.14354205	-11.10481138
8.13137897	-22.51541338
0.33323431	-20.59148239
0.32709027	-20.20232162
93.42099395	-182.52936423
49.22336182	-116.82260376
5.23757227	-18.81894720
0.35374035	-9.00245555
3.14188005	-29.79880677
13.97105467	-1.20075964
14.90214053	-41.01670563
0.13890343	-17.89628688
2.03372079	-10.70164770
0.14972358	-13.88436769
0.90478740	-24.68210188
3.43674669	-8.05377791
8.74678618	-6.97344062
0.14341771	-10.69994447
0.36387164	-11.83978346
11.69678048	-34.82345645
2.36263269	-22.28047589
0.80749526	-12.01157033
1.46185492	-7.41689537
3.46731951	-25.86890773
2.54175699	-1.46437671
7.04303065	-23.87344102
47.01004110	-9.22379050
0.14594206	-3.49689737
0.34593624	-18.60978068
37.21789869	-7.29256249
367.72533220	-32.09458603
3.57772423	-9.98079947
44.13956795	-104.12400682
0.14814294	-12.10000000
2.53259031	-23.21872611
227.64890826	-237.55736151
0.57374928	-19.90887031
1.29649657	-4.23493728
3.29595972	-18.85924599
3.31362365	-5.77787017
207.04819034	-188.64830856
1.29198299	-10.71237426
0.33764202	-4.18974958
3.22740131	-36.53036335
53.26832587	-40.70506397
31.24161385	-368.24832740
2.76674664	-24.46873252
102.58180310	-66.15952927
58.87723670	-200.04079994
0.90047870	-21.90838438
6.69830252	-53.65176966
2.70129185	-15.16619289
25.64697478	-66.36599223
323.87730662	-261.84000560
6.02643020	-18.34437314
0.36949351	-14.30530581
5.59426309	-6.26447439
0.13563767	-1.88945635
28.48813765	-74.42710325
61.02185508	-12.31673299
2.62160999	-20.87633982
0.13810983	-16.10659829
0.32271233	-13.61170634
23.56759134	-26.11698078
4.99476685	-0.47809331
0.86144391	-15.56196369
0.14375220	-19.13278592
13.02833878	-10.78451978
2.32926761	-17.44913552
7.33281311	-12.72323379
1.32492684	-2.67414103
10.18367406	-7.40448812
362.28713717	-362.28713717
1.65576717	-7.13932208
50.04157123	-178.68326771
0.59002947	-17.20326014
8.43963411	-1.68484018
4.00788625	-10.93206573
0.97221655	-22.93867768
1.97416249	-0.26790703
0.85969228	-2.29287010
0.31691583	-5.38619291
1.12069516	-0.51266123
0.86440952	-20.97655271
0.15744488	-19.49196986
0.32355591	-0.80000000
0.32574960	-7.79021337
0.13295655	-9.90000000
0.31792925	-19.19905113
4.46628690	-10.59122862
1.12699113	-28.10452752
0.32579343	-11.60000000
0.64759079	-12.16344440
1.30291045	-28.71369377
0.44552109	-2.43101625
1.99600646	-14.12128706
212.32838730	-37.99147688
0.13306100	-23.49804115
0.61976984	-24.99984159
19.79634098	-21.09331220
38.20290645	-76.04633661
0.57594164	-18.01598703
0.69069694	-0.40841175
0.33584725	-6.77312181
1.49365278	-2.91610290
0.35343220	-16.55871753
6.61345640	-2.33522006
0.35220768	-10.06527175
6.56096575	-57.49143923
328.68553316	-157.61492803
4.38094069	-1.30229871
3.11941988	-23.33817135
0.36617559	-22.44647404
0.99215083	-3.47519424
13.83471293	-11.73850657
2.94109542	-22.60121463
1.01688692	-16.05155202
0.12900747	-12.90284483
10.97934937	-2.40617516
1.49793937	-13.80479987
11.61950428	-19.77611874
9.38388340	-21.58825989
1.15849305	-4.52310721
0.94116681	-18.99153675
0.12355283	-8.29048285
0.61836765	-14.62057848
0.14570053	-23.10677612
1.19912052	-16.38469552
9.18590661	-73.36598737
0.34335457	-3.27843189
51.33816144	-49.14787697
0.13915223	-0.14310280
0.31388282	-10.41178917
85.28569946	-202.64848323
31.07102928	-171.70642909
50.96401233	-311.26798351
6.18194923	-13.93065159
327.33027522	-299.06712837
0.13352353	-14.89190516
2.14162425	-0.56878535
6.07720812	-21.70574358
1.54658581	-5.58199903
0.30163056	-2.81100692
0.86240219	-10.75822756
28.72363460	-5.20324658
8.00752666	-26.67469185
5.20549347	-37.15608070
0.52969460	-18.64871082
0.50681489	-23.61327060
10.39470497	-32.36619826
0.32697416	-16.99867630
1.14694384	-18.98040169
8.86349909	-67.41512093
0.32427002	-4.94971800
0.51184181	-2.22525961
0.31035650	-15.79298584
0.32130362	-4.01481348
1.88181261	-8.58748356
1.06507080	-7.79530298
0.32808662	-6.00510703
0.11818212	-1.30000000
8.54926672	-24.03087115
1.12675529	-11.74418579
251.14206873	-56.99417870
19.45899947	-3.38700062
11.86776429	-30.26994215
3.01059856	-19.33829820
0.34439455	-1.44322123
162.15599413	-99.97102041
95.76119809	-332.54813007
2.53869026	-4.64137256
0.75944229	-26.20179374
105.91174195	-31.87597915
1.29514686	-4.77903671
0.89045447	-15.81290500
1.12261589	-13.44508583
0.30555116	-22.79818562
0.64282169	-25.81436139
38.27003831	-142.71014421
2.28504810	-20.14767645
0.30131915	-0.40424275
4.14436752	-29.35888874
0.56678707	-7.10579034
0.91264757	-15.14869992
0.32083357	-6.39054462
0.41559922	-24.42871445
1.23172610	-2.10467878
2.57418157	-12.54746279
0.97653319	-9.27104793
7.92894680	-61.60442590
2.63270510	-11.02201735
168.48537277	-29.56887304
0.34978550	-14.52934333
134.56083610	-40.46480961
0.72619102	-14.42827841
0.30131878	-4.38462539
3.97476483	-8.16185848
7.80514386	-13.44024294
8.02190709	-4.41733775
73.11448107	-15.60420228
0.82478246	-17.75049177
30.30073535	-24.62915044
5.86946044	-7.48679567
2.95787387	-0.29116704
0.63904019	-15.04575309
42.11942626	-85.01650015
82.84649580	-24.79377747
3.21649790	-15.17260287
5.18610910	-6.66846264
0.31737755	-19.37918146
11.08503610	-8.55762595
0.33646070	-8.13951232
260.33192431	-15.74093925
0.62306191	-17.62464637
2.24547049	-19.72724848
0.31411395	-2.95459127
14.49512348	-8.70838461
1.39682170	-13.24720715
