-24.00000000000000000000	50.00000000000000000000
-23.98799399699850098955	49.99999909686140853182
-23.97598799399699842638	49.99999622780023855739
-23.96398199099549941593	49.99999121295523707431
-23.95197598799399685277	49.99998393853055489444
-23.93996998499249784231	49.99997433777582500625
-23.92796398199099527915	49.99996237012263833321
-23.91595797898949626870	49.99994799954369995021
-23.90395197598799370553	49.99993117323118951845
-23.89194597298649469508	49.99991180168075999291
-23.87993996998499213191	49.99988974121757934199
-23.86793396698349312146	49.99986477991156874623
-23.85592796398199055830	49.99983662770437575773
-23.84392196098049154784	49.99980491141344884909
-23.83191595797898898468	49.99976917509486185054
-23.81990995497748997423	49.99972888604130361045
-23.80790395197598741106	49.99968344647277973536
-23.79589794897448840061	49.99963221075093855461
-23.78389194597298583744	49.99957450772264877514
-23.77188594297148682699	49.99950966758082415708
-23.75987993996998426383	49.99943705242946379030
-23.74787393696848525337	49.99935608956122479185
-23.73586793396698269021	49.99926630630777424358
-23.72386193096548367976	49.99916736520977877944
-23.71185592796398111659	49.99905909818100013808
-23.69984992496248210614	49.99894153831195353632
-23.68784392196097954297	49.99881494797601533264
-23.67583791895948053252	49.99867984196508530204
-23.66383191595797796936	49.99853700449270377248
-23.65182591295647895890	49.99838749905747192770
-23.63981990995497639574	49.99823267035510809819
-23.62781390695347738529	49.99807413765927321947
-23.61580790395197482212	49.99791377935188307902
-23.60380190095047581167	49.99775370856717415791
-23.59179589794897324850	49.99759624021087489609
-23.57978989494747423805	49.99744384991804935225
-23.56778389194597167489	49.99729912581126001214
-23.55577788894447266443	49.99716471420475016885
-23.54377188594297010127	49.99704326066083837077
-23.53176588294147109082	49.99693734803334876915
-23.51975987993996852765	49.99684943332000131022
-23.50775387693846951720	49.99678178528488814436
-23.49574787393696695403	49.99673642489664615596
-23.48374187093546794358	49.99671507065269082659
-23.47173586793396538042	49.99671909082189102946
-23.45972986493246636996	49.99674946453564672311
-23.44772386193096380680	49.99680675349031844235
-23.43571785892946479635	49.99689108579537588639
-23.42371185592796223318	49.99700215321436047589
-23.41170585292646322273	49.99713922270652233237
-23.39969984992496421228	49.99730116279305036642
-23.38769384692346164911	49.99748648485199709057
-23.37568784392196263866	49.99769339900150555422
-23.36368184092046007549	49.99791988377275231414
-23.35167583791896106504	49.99816376831473263564
-23.33966983491745850188	49.99842282542624616326
-23.32766383191595949143	49.99869487328806627602
-23.31565782891445692826	49.99897788338478932246
-23.30365182591295791781	49.99927009177224590530
-23.29164582291145535464	49.99957011057556144351
-23.27963981990995634419	49.99987703640380942716
-23.26763381690845378102	50.00019055224977648777
-23.25562781390695477057	50.00051101941364350978
-23.24362181090545220741	50.00083955605252583609
-23.23161580790395319696	50.00117809911627375641
-23.21960980490245063379	50.00152944668363375058
-23.20760380190095162334	50.00189727805936712457
-23.19559779889944906017	50.00228614942748350813
-23.18359179589795004972	50.00270146336996646141
-23.17158579289644748656	50.00314941114577038661
-23.15957978989494847610	50.00363688726754674008
-23.14757378689344591294	50.00417137660110000752
-23.13556778389194690249	50.00476081492800517481
-23.12356178089044433932	50.00541342463866101298
-23.11155577788894532887	50.00613752794309618821
-23.09954977488744276570	50.00694134068165652707
-23.08754377188594375525	50.00783275046870102187
-23.07553776888444119209	50.00881908349164461924
-23.06353176588294218163	50.00990686479758551286
-23.05152576288143961847	50.01110157731509531231
-23.03951975987994060802	50.01240742516483095415
-23.02751375687843804485	50.01382710699840572488
-23.01550775387693903440	50.01536160516041462643
-23.00350175087543647123	50.01700999638804034930
-22.99149574787393746078	50.01876928954276024797
-22.97948974487243489762	50.02063429550936035639
-22.96748374187093588716	50.02259753390260499373
-22.95547773886943332400	50.02464918059816056939
-22.94347173586793431355	50.02677705936220320382
-22.93146573286643175038	50.02896668000708757518
-22.91945972986493273993	50.03120132456488278194
-22.90745372686343017676	50.03346218196553252255
-22.89544772386193116631	50.03572853065363545966
-22.88344172086042860315	50.03797796749984883036
-22.87143571785892959269	50.04018668028496108491
-22.85942971485742702953	50.04232975998093024828
-22.84742371185592801908	50.04438154805023941663
-22.83541770885442545591	50.04631601305619881259
-22.82341170585292644546	50.04810715004744281487
-22.81140570285142743501	50.04972939547082688705
-22.79939969984992487184	50.05115804979921279028
-22.78739369684842586139	50.05236969965002913341
-22.77538769384692329822	50.05334263093239854925
-22.76338169084542428777	50.05405722450370120669
-22.75137568784392172461	50.05449632594817899189
-22.73936968484242271415	50.05464558141164133076
-22.72736368184092015099	50.05449373193553697092
-22.71535767883942114054	50.05403285942380620099
-22.70335167583791857737	50.05325857823528679091
-22.69134567283641956692	50.05217016740817825848
-22.67933966983491700375	50.05077063967141270950
-22.66733366683341799330	50.04906674465772908889
-22.65532766383191543014	50.04706890507888061848
-22.64332166083041641969	50.04479108602589576549
-22.63131565782891385652	50.04225059898617189447
-22.61930965482741484607	50.03946784359206390036
-22.60730365182591228290	50.03646599150065554795
-22.59529764882441327245	50.03327061811867082497
-22.58329164582291070928	50.02990928909899537302
-22.57128564282141169883	50.02641110961599935081
-22.55927963981990913567	50.02280624534900965728
-22.54727363681841012522	50.01912542484221546601
-22.53526763381690756205	50.01539943344462102459
-22.52326163081540855160	50.01165860935005724741
-22.51125562781390598843	50.00793235234181821625
-22.49924962481240697798	50.00424865569456045478
-22.48724362181090441482	50.00063367129559566138
-22.47523761880940540436	49.99711131742365921582
-22.46323161580790284120	49.99370293777557350268
-22.45122561280640383075	49.99042701927554332997
-22.43921960980490126758	49.98729897495789487039
-22.42721360680340225713	49.98433099680808311405
-22.41520760380189969396	49.98153198190723855987
-22.40320160080040068351	49.97890753358589677191
-22.39119559779889812035	49.97646003758859478694
-22.37918959479739910989	49.97418881152086100883
-22.36718359179589654673	49.97209032413285711982
-22.35517758879439753628	49.97015847932990340041
-22.34317158579289497311	49.96838495822736803120
-22.33116558279139596266	49.96675961112543262743
-22.31915957978989339949	49.96527089000163357468
-22.30715357678839438904	49.96390631103975010774
-22.29514757378689182588	49.96265293585965849843
-22.28314157078539281542	49.96149785950853328131
-22.27113556778389025226	49.96042869293709998146
-22.25912956478239124181	49.95943402762802065809
-22.24712356178088867864	49.95850387027316230615
-22.23511755877938966819	49.95763003591203244014
-22.22311155577789065774	49.95680648873823770373
-22.21110555277638809457	49.95602962084094400552
-22.19909954977488908412	49.95529846045428001844
-22.18709354677338652095	49.95461480281376509538
-22.17508754377188751050	49.95398325843343201313
-22.16308154077038494734	49.95341121548537444141
-22.15107553776888593688	49.95290871494335505076
-22.13906953476738337372	49.95248823920154279676
-22.12706353176588436327	49.95216441695222897579
-22.11505752876438180010	49.95195364915542057815
-22.10305152576288278965	49.95187366291121122686
-22.09104552276138022648	49.95194300190680536389
-22.07903951975988121603	49.95218046380862375599
-22.06703351675837865287	49.95260449646568190474
-22.05502751375687964241	49.95323256604453376895
-22.04302151075537707925	49.95408051119683534580
-22.03101550775387806880	49.95516189804077811232
-22.01900950475237550563	49.95648739109580560580
-22.00700350175087649518	49.95806415533431987797
-21.99499749874937393201	49.95989530419621615920
-21.98299149574787492156	49.96197940775520862644
-21.97098549274637235840	49.96431007423796444300
-21.95897948974487334795	49.96687561679554079319
-21.94697348674337078478	49.96965881583518154230
-21.93496748374187177433	49.97263678537030529014
-21.92296148074036921116	49.97578094977514240327
-21.91095547773887020071	49.97905713508012581769
-21.89894947473736763754	49.98242577656318275103
-21.88694347173586862709	49.98584224193086100740
-21.87493746873436606393	49.98925726689610371523
-21.86293146573286705348	49.99261749750098715595
-21.85092546273136449031	49.99586613115840094679
-21.83891945972986547986	49.99894364615009578756
-21.82691345672836291669	50.00178860727199037228
-21.81490745372686390624	50.00433853350833857121
-21.80290145072536134307	50.00653081208879058295
-21.79089544772386233262	50.00830364207310196889
-21.77888944472235976946	50.00959698974897804646
-21.76688344172086075901	50.01035353764257251896
-21.75487743871935819584	50.01051960884372959981
-21.74287143571785918539	50.01004604864650104901
-21.73086543271635662222	50.00888904619740316093
-21.71885942971485761177	50.00701087991910753772
-21.70685342671335504861	50.00438057191577456706
-21.69484742371185603815	50.00097443834058452694
-21.68284142071035347499	49.99677652478028022642
-21.67083541770885446454	49.99177891804286133492
-21.65882941470735545408	49.98598192827372344027
-21.64682341170585289092	49.97939413801841368468
-21.63481740870435388047	49.97203231763771213991
-21.62281140570285131730	49.96392120930254776567
-21.61080540270135230685	49.95509318458841363508
-21.59879939969984974368	49.94558778339006721581
-21.58679339669835073323	49.93545114442451904324
-21.57478739369684817007	49.92473533992607315213
-21.56278139069534915961	49.91349762920631150109
-21.55077538769384659645	49.90179964750545593688
-21.53876938469234758600	49.88970654795674875004
-21.52676338169084502283	49.87728611548746471271
-21.51475737868934601238	49.86460787206249278825
-21.50275137568784344921	49.85174219282112773044
-21.49074537268634443876	49.83875945235815407841
-21.47873936968484187560	49.82572921965744683348
-21.46673336668334286514	49.81271951901354810843
-21.45472736368184030198	49.79979617269552250036
-21.44272136068034129153	49.78702223914944369199
-21.43071535767883872836	49.77445755824201967243
-21.41870935467733971791	49.76215841246624904670
-21.40670335167583715474	49.75017731021620193133
-21.39469734867433814429	49.73856289425434340501
-21.38269134567283558113	49.72735997540608821055
-21.37068534267133657067	49.71660968839323402335
-21.35867933966983400751	49.70634976363025714363
-21.34667333666833499706	49.69661490582736007582
-21.33466733366683243389	49.68743726744018118779
-21.32266133066533342344	49.67884700244566431593
-21.31065532766383086027	49.67087288366774089354
-21.29864932466233184982	49.66354296498184339725
-21.28664332166082928666	49.65688526824211379562
-21.27463731865933027620	49.65092847373924911381
-21.26263131565782771304	49.64570259244126049225
-21.25062531265632870259	49.64123959821431242290
-21.23861930965482613942	49.63757399867473907307
-21.22661330665332712897	49.63474332428609869794
-21.21460730365182456580	49.63278851677193159730
-21.20260130065032555535	49.63175419984271030671
-21.19059529764882299219	49.63168881759894190964
-21.17858929464732398174	49.63264462872605520261
-21.16658329164582141857	49.63467754768694817358
-21.15457728864432240812	49.63784682748182319756
-21.14257128564281984495	49.64221458211312665298
-21.13056528264132083450	49.64784515059120195701
-21.11855927963981827133	49.65480430806476874750
-21.10655327663831926088	49.66315833337876028963
-21.09454727363681669772	49.67297294596916401588
-21.08254127063531768727	49.68431212841934296875
-21.07053526763381867681	49.69723685414894731593
-21.05852926463231611365	49.71180374251101596883
-21.04652326163081710320	49.72806366597052374345
-21.03451725862931454003	49.74606033596857912471
-21.02251125562781552958	49.76582889549290911191
-21.01050525262631296641	49.78739454723694990435
-20.99849924962481395596	49.81077124651007181910
-20.98649324662331139280	49.83596048774328579611
-20.97448724362181238234	49.86295021251595471767
-20.96248124062030981918	49.89171386551731757208
-20.95047523761881080873	49.92220962277488638392
-20.93846923461730824556	49.95437981386233161629
-20.92646323161580923511	49.98815055668901408126
-20.91445722861430667194	50.02343161992659759107
-20.90245122561280766149	50.06011652421140212255
-20.89044522261130509833	50.09808288904805806396
-20.87843921960980608787	50.13719302791140108866
-20.86643321660830352471	50.17729478948497501278
-20.85442721360680451426	50.21822263837615452076
-20.84242121060530195109	50.25979896410002822904
-20.83041520760380294064	50.30183560271823495214
-20.81840920460230037747	50.34413555134331375029
-20.80640320160080136702	50.38649485185885623650
-20.79439719859929880386	50.42870461673976478778
-20.78239119559779979340	50.47055316685705150803
-20.77038519259629723024	50.51182824868085674552
-20.75837918959479821979	50.55231929640626020728
-20.74637318659329565662	50.59181970326054766929
-20.73436718359179664617	50.63012906563707105079
-20.72236118059029408300	50.66705536375647511704
-20.71035517758879507255	50.70241704328351062259
-20.69834917458729250939	50.73604496371751793049
-20.68634317158579349893	50.76778418140383308810
-20.67433716858429093577	50.79749553764561653679
-20.66233116558279192532	50.82505702558393778645
-20.65032516258128936215	50.85036491319953455559
-20.63831915957979035170	50.87333460390357231518
-20.62631315657828778853	50.89390122065137234131
-20.61430715357678877808	50.91201990424693235582
-20.60230115057528621492	50.92766582142023423785
-20.59029514757378720446	50.94083388325951489151
-20.57828914457228464130	50.95153817957476860556
-20.56628314157078563085	50.95981113966143993821
-20.55427713856928306768	50.96570243463490612612
-20.54227113556778405723	50.96927764092770729576
-20.53026513256628149406	50.97061668860232686029
-20.51825912956478248361	50.96981212175710140855
-20.50625312656327992045	50.96696720142634262629
-20.49424712356178090999	50.96219388394194993452
-20.48224112056028189954	50.95561070968793870861
-20.47023511755877933638	50.94734063850832228582
-20.45822911455728032593	50.93750886870176231014
-20.44622311155577776276	50.92624067654620034773
-20.43421710855427875231	50.91365931264640920517
-20.42221110555277618914	50.89988399010604069872
-20.41020510255127717869	50.88502799762103734338
-20.39819909954977461553	50.86919696811446556239
-20.38619309654827560507	50.85248733053483505273
-20.37418709354677304191	50.83498496898069873851
-20.36218109054527403146	50.81676410946200661556
-20.35017508754377146829	50.79788645043865358275
-20.33816908454227245784	50.77840054886774368015
-20.32616308154076989467	50.75834146892722031907
-20.31415707853927088422	50.73773069594914630898
-20.30215107553776832106	50.71657631347623862439
-20.29014507253626931060	50.69487343683298519181
-20.27813906953476674744	50.67260489225888875353
-20.26613306653326773699	50.64974212656022700685
-20.25412706353176517382	50.62624632846873140579
-20.24212106053026616337	50.60206973951183329063
-20.23011505752876360020	50.57715712925403295230
-20.21810905452726458975	50.55144740730647612281
-20.20610305152576202659	50.52487534255711665310
-20.19409704852426301613	50.49737335867065723960
-20.18209104552276045297	50.46887337406063522849
-20.17008504252126144252	50.43930865424745491055
-20.15807903951975887935	50.40861564478048251203
-20.14607303651825986890	50.37673575370133960405
-20.13406703351675730573	50.34361705383366114575
-20.12206103051525829528	50.30921587696715846505
-20.11005502751375573212	50.27349827421826944374
-20.09804902451225672166	50.23644131944681845425
-20.08604302151075415850	50.19803423553457832895
-20.07403701850925514805	50.15827932652736365071
-20.06203101550775258488	50.11719270204736886853
-20.05002501250625357443	50.07480478393217993016
-20.03801900950475101126	50.03116058868904758583
-20.02601300650325200081	49.98631978300341671684
-20.01400700350174943765	49.94035651314977997117
-20.00200100050025042719	49.89335901266165507195
-19.98999499749874786403	49.84542899597317244798
-19.97798899449724885358	49.79668084889721768604
-19.96598299149574629041	49.74724062971187521498
-19.95397698849424727996	49.69724489724980287519
-19.94197098549274471679	49.64683938469364932189
-19.92996498249124570634	49.59617753974994514010
-19.91795897948974314318	49.54541895348736346705
-19.90595297648824413272	49.49472770137081312214
-19.89394697348674512227	49.44427062089765456676
-19.88194097048524255911	49.39421555074697778309
-19.86993496748374354866	49.34472955649621894736
-19.85792896448224098549	49.29597716775322879812
-19.84592296148074197504	49.24811865101456476168
-19.83391695847923941187	49.20130834171312272929
-19.82191095547774040142	49.15569305778534214824
-19.80990495247623783825	49.11141061569677646048
-19.79789894947473882780	49.06858846824431452660
-19.78589294647323626464	49.02734248163376662433
-19.77388694347173725419	48.98777586734307476490
-19.76188094047023469102	48.94997828215529978024
-19.74987493746873568057	48.91402510751083809737
-19.73786893446723311740	48.87997691701457370073
-19.72586293146573410695	48.84787913856777663568
-19.71385692846423154378	48.81776191520194174700
-19.70185092546273253333	48.78964016629744548936
-19.68984492246122997017	48.76351384849397874177
-19.67783891945973095972	48.73936841326376878669
-19.66583291645822839655	48.71717545583951647359
-19.65382691345672938610	48.69689354798406810687
-19.64182091045522682293	48.67846924497163030310
-19.62981490745372781248	48.66183825513616767466
-19.61780890445222524932	48.64692675844181479761
-19.60580290145072623886	48.63365285875654109304
-19.59379689844922367570	48.62192815287359337617
-19.58179089544772466525	48.61165939783730749468
-19.56978489244622210208	48.60275025680140004170
-19.55777888944472309163	48.59510310249019937601
-19.54577288644322052846	48.58862085635727368071
-19.53376688344172151801	48.58320884075416046244
-19.52176088044021895485	48.57877662084521119823
-19.50975487743871994439	48.57523981264579049366
-19.49774887443721738123	48.57252183343174323227
-19.48574287143571837078	48.57055557087959840601
-19.47373686843421580761	48.56928494766080461886
-19.46173086543271679716	48.56866635883837091114
-19.44972486243121423399	48.56866996030962013720
-19.43771885942971522354	48.56928078770974366307
-19.42571285642821266038	48.57049968664137651331
-19.41370685342671364992	48.57234403682581813655
-19.40170085042521108676	48.57484825477862955267
-19.38969484742371207631	48.57806406188851866546
-19.37768884442220951314	48.58206050731238434537
-19.36568284142071050269	48.58692373787397400520
-19.35367683841920793952	48.59275651014723962362
-19.34167083541770892907	48.59967744309101078670
-19.32966483241620636591	48.60782001294681720083
-19.31765882941470735545	48.61733129557867272297
-19.30565282641320834500	48.62837046498059123678
-19.29364682341170578184	48.64110706025654451423
-19.28164082041020677138	48.65571903693862054752
-19.26963481740870420822	48.67239062199675458942
-19.25762881440720519777	48.69130999525181380250
-19.24562281140570263460	48.71266682307370388116
-19.23361680840420362415	48.73664967316938145814
-19.22161080540270106098	48.76344334188311790967
-19.20960480240120205053	48.79322612768734757083
-19.19759879939969948737	48.82616708638295932587
-19.18559279639820047692	48.86242330490416208022
-19.17358679339669791375	48.90213723149179259053
-19.16158079039519890330	48.94543410032278529798
-19.14957478739369634013	48.99241948843467753250
-19.13756878439219732968	49.04317704194154714514
-19.12556278139069476651	49.09776640709254991179
-19.11355677838919575606	49.15622139967579329323
-19.10155077538769319290	49.21854844363087977399
-19.08954477238619418245	49.28472530652486938152
-19.07753876938469161928	49.35470015580404634647
-19.06553276638319260883	49.42839095550150574354
-19.05352676338169004566	49.50568521841606894895
-19.04152076038019103521	49.58644012374661258491
-19.02951475737868847204	49.67048300484356815332
-19.01750875437718946159	49.75761220621051705848
-19.00550275137568689843	49.84759830324292551040
-18.99349674837418788798	49.94018567252545892643
-18.98149074537268532481	50.03509439492226817947
-18.96948474237118631436	50.13202246828769403919
-18.95747873936968375119	50.23064830149940007686
-18.94547273636818474074	50.33063345676932698325
-18.93346673336668217758	50.43162560291565910120
-18.92146073036518316712	50.53326163856812058839
-18.90945472736368060396	50.63517094120942374502
-18.89744872436218159351	50.73697869559680384555
-18.88544272136067903034	50.83830925351702489934
-18.87343671835918001989	50.93878947605018225886
-18.86143071535767745672	51.03805200958191790050
-18.84942471235617844627	51.13573844772421495009
-18.83741870935467588311	51.23150233308027878820
-18.82541270635317687265	51.32501195539931160283
-18.81340670335167430949	51.41595290607840951225
-18.80140070035017529904	51.50403035312843513793
-18.78939469734867273587	51.58897100556200143728
-18.77738869434717372542	51.67052474160254860180
-18.76538269134567116225	51.74846588105848610439
-18.75337668834417215180	51.82259408854901039376
-18.74137068534266958864	51.89273490089158968885
-18.72936468234117057818	51.95873987874128374642
-18.71735867933967156773	52.02048638937954905259
-18.70535267633816900457	52.07787703425353242892
-18.69334667333666999411	52.13083874133340600565
-18.68134067033516743095	52.17932154845663461629
-18.66933466733366842050	52.22329710944015346286
-18.65732866433216585733	52.26275695974823776169
-18.64532266133066684688	52.29771058280089590653
-18.63331665832916428371	52.32818332150223028520
-18.62131065532766527326	52.35421418218316347293
-18.60930465232616271010	52.37585357982815992273
-18.59729864932466369964	52.39316107414884982063
-18.58529264632316113648	52.40620314575628668763
-18.57328664332166212603	52.41505106036580485807
-18.56128064032015956286	52.41977886666231256640
-18.54927463731866055241	52.42046157019849772496
-18.53726863431715798924	52.41717352155228581978
-18.52526263131565897879	52.40998705201123186725
-18.51325662831415641563	52.39897138437601853411
-18.50125062531265740517	52.38419184019380026029
-18.48924462231115484201	52.36570935797103487630
-18.47723861930965583156	52.34358032981034369868
-18.46523261630815326839	52.31785675661297574379
-18.45322661330665425794	52.28858671463812868296
-18.44122061030515169477	52.25581511896665887207
-18.42921460730365268432	52.21958476243224112068
-18.41720860430215012116	52.17993760200781139247
-18.40520260130065111071	52.13691625861041956114
-18.39319659829914854754	52.09056569094666855335
-18.38119059529764953709	52.04093499948240264530
-18.36918459229614697392	51.98807931298826900957
-18.35717858929464796347	51.93206170747279770694
-18.34517258629314540030	51.87295510573286350109
-18.33316658329164638985	51.81084410527203942820
-18.32116058029014382669	51.74582668298185694766
-18.30915457728864481624	51.67801572674816412700
-18.29714857428714225307	51.60754034700892844967
-18.28514257128564324262	51.53454692520260493893
-18.27313656828414067945	51.45919986093661435689
-18.26113056528264166900	51.38168198548154208538
-18.24912456228113910583	51.30219461574641570678
-18.23711855927964009538	51.22095723008552425881
-18.22511255627813753222	51.13820675498384105140
-18.21310655327663852177	51.05419645971098674408
-18.20110055027513595860	50.96919446425919630883
-18.18909454727363694815	50.88348187411916256906
-18.17708854427213438498	50.79735056352894417842
-18.16508254127063537453	50.71110063658536404319
-18.15307653826913281137	50.62503760287190601730
-18.14107053526763380091	50.53946931087666172289
-18.12906453226613479046	50.45470268830645466096
-18.11705852926463222730	50.37104034332156032860
-18.10505252626313321684	50.28877708461056528222
-18.09304652326163065368	50.20819642100842372656
-18.08104052026013164323	50.12956710296625573164
-18.06903451725862908006	50.05313976856737667731
-18.05702851425713006961	49.97914375593295943645
-18.04502251125562750644	49.90778414178080168995
-18.03301650825412849599	49.83923906262654668353
-18.02101050525262593283	49.77365737070571327649
-18.00900450225112692237	49.71115667123027037633
-17.99699849924962435921	49.65182178117921552030
-17.98499249624812534876	49.59570364258249952627
-17.97298649324662278559	49.54281871533370207317
-17.96098049024512377514	49.49314886611478669920
-17.94897448724362121197	49.44664176120311793738
-17.93696848424212220152	49.40321176193150165545
-17.92496248124061963836	49.36274131256537600621
-17.91295647823912062790	49.32508280152570989685
-17.90095047523761806474	49.29006086839815736766
-17.88894447223611905429	49.25747512119602333769
-17.87693846923461649112	49.22710322104426694523
-17.86493246623311748067	49.19870428496799519280
-17.85292646323161491750	49.17202255192721338517
-17.84092046023011590705	49.14679125274716398053
-17.82891445722861334389	49.12273662123455153505
-17.81690845422711433343	49.09958198160542508504
-17.80490245122561177027	49.07705184641632456533
-17.79289644822411275982	49.05487595949674783924
-17.78089044522261019665	49.03279321991273320691
-17.76888444222111118620	49.01055542570750134246
-17.75687843921960862303	48.98793078000100820191
-17.74487243621810961258	48.96470710689750660549
-17.73286643321660704942	48.94069473044073959045
-17.72086043021510803896	48.91572897644317663435
-17.70885442721360547580	48.88967226425594247985
-17.69684842421210646535	48.86241576328592373102
-17.68484242121060390218	48.83388059714177842352
-17.67283641820910489173	48.80401858653298319268
-17.66083041520760232856	48.77281253028539964589
-17.64882441220610331811	48.74027603190529589483
-17.63681840920460075495	48.70645288685938112394
-17.62481240620310174450	48.67141605298880335795
-17.61280640320159918133	48.63526623310045948756
-17.60080040020010017088	48.59813010465579452557
-17.58879439719859760771	48.56015823649902074521
-17.57678839419709859726	48.52152273664965775879
-17.56478239119559603409	48.48241467826407102848
-17.55277638819409702364	48.44304135290902735278
-17.54077038519259801319	48.40362340127102669385
-17.52876438219109545003	48.36439187135702155729
-17.51675837918959643957	48.32558525315758402030
-17.50475237618809387641	48.28744653669701847321
-17.49274637318659486596	48.25022033746257932307
-17.48074037018509230279	48.21415012948105527357
-17.46873436718359329234	48.17947562190759214218
-17.45672836418209072917	48.14643031003301842929
-17.44472236118059171872	48.11523922623786830854
-17.43271635817908915556	48.08611691076666971867
-17.42071035517759014510	48.05926561641077654485
-17.40870435217608758194	48.03487375541810422419
-17.39669834917458857149	48.01311459133732029159
-17.38469234617308600832	47.99414517318625428288
-17.37268634317158699787	47.97810550443653454522
-17.36068034017008443470	47.96511793493913700104
-17.34867433716858542425	47.95528676017581659607
-17.33666833416708286109	47.94869800918517199761
-17.32466233116558385063	47.94541940023876946952
-17.31265632816408128747	47.94550044186593851236
-17.30065032516258227702	47.94897265616127413068
-17.28864432216107971385	47.95584990144607928642
-17.27663831915958070340	47.96612877226438342859
-17.26463231615807814023	47.97978905632267299097
-17.25262631315657912978	47.99679423025882840648
-17.24062031015507656662	48.01709197896011716011
-17.22861430715357755616	48.04061472643758889944
-17.21660830415207499300	48.06728016988689944355
-17.20460230115057598255	48.09699181239667353793
-17.19259629814907341938	48.12963949367175331417
-17.18059029514757440893	48.16509992198445644362
-17.16858429214607184576	48.20323721421772233953
-17.15657828914457283531	48.24390345419027426033
-17.14457228614307027215	48.28693928233422383300
-17.13256628314157126169	48.33217453212050429556
-17.12056028014006869853	48.37942893030236746199
-17.10855427713856968808	48.42851287899509316048
-17.09654827413706712491	48.47922833777361262264
-17.08454227113556811446	48.53136982331396609425
-17.07253626813406555129	48.58472554261723530544
-17.06053026513256654084	48.63907867354747338595
-17.04852426213106397768	48.69420880332377521427
-17.03651825912956496722	48.74989353179095274982
-17.02451225612806240406	48.80591024183437554029
-17.01250625312656339361	48.86203803430542791375
-17.00050025012506083044	48.91805981940621705917
-16.98849424712356181999	48.97376455078188683956
-16.97648824412206280954	49.02894958273724057563
-16.96448224112056024637	49.08342312518900740770
-16.95247623811906123592	49.13700676535125921873
-16.94047023511755867275	49.18953801989363938674
-16.92846423211605966230	49.24087287657383882333
-16.91645822911455709914	49.29088828028092450495
-16.90445222611305808869	49.33948451517987621173
-16.89244622311155552552	49.38658743234795167609
-16.88044022011005651507	49.43215047105042714293
-16.86843421710855395190	49.47615642170435990010
-16.85642821410705494145	49.51861887968721731568
-16.84442221110555237829	49.55958334149789124012
-16.83241620810405336783	49.59912789837776614377
-16.82041020510255080467	49.63736348732553693708
-16.80840420210105179422	49.67443366543869132101
-16.79639819909954923105	49.71051388060347164810
-16.78439219609805022060	49.74581021962217164400
-16.77238619309654765743	49.78055762377336179725
-16.76038019009504864698	49.81501757138412500581
-16.74837418709354608382	49.84947523706933480980
-16.73636818409204707336	49.88423614766018232558
-16.72436218109054451020	49.91962236528702590022
-16.71235617808904549975	49.95596823837653488454
-16.70035017508754293658	49.99361577124238920078
-16.68834417208604392613	50.03290967226539720514
-16.67633816908454136296	50.07419214915281457934
-16.66433216608304235251	50.11779752722901548623
-16.65232616308153978935	50.16404677294734426596
-16.64032016008004077889	50.21324200965594286572
-16.62831415707853821573	50.26566111595090546871
-16.61630815407703920528	50.32155249859389556377
-16.60430215107553664211	50.38113013187234656698
-16.59229614807403763166	50.44456895339184399063
-16.58029014507253506849	50.51200070259896790503
-16.56828414207103605804	50.58351028286700312719
-16.55627813906953349488	50.65913272080009477349
-16.54427213606803448442	50.73885078762800304730
-16.53226613306653192126	50.82259333731174422155
-16.52026013006503291081	50.91023440443442638070
-16.50825412706353034764	51.00159309231596438394
-16.49624812406203133719	51.09643426829631351893
-16.48424212106052877402	51.19447006903520502874
-16.47223611805902976357	51.29536220424841275189
-16.46023011505752720041	51.39872503282640536781
-16.44822411205602818995	51.50412937105213018185
-16.43621810905452562679	51.61110697894073950920
-16.42421210605302661634	51.71915565785172219648
-16.41220610305152405317	51.82774488074471008758
-16.40020010005002504272	51.93632186601964662032
-16.38819409704852603227	52.04431799703039018823
-16.37618809404702346910	52.15115548228906305894
-16.36418209104552445865	52.25625414625443454497
-16.35217608804402189548	52.35903823755016617270
-16.34017008504252288503	52.45894314057537144436
-16.32816408204102032187	52.55542187779517604440
-16.31615807903952131142	52.64795129353054647936
-16.30415207603801874825	52.73603781575756954680
-16.29214607303651973780	52.81922270018341691866
-16.28014007003501717463	52.89708667055168689330
-16.26813406703351816418	52.96925388056533279268
-16.25612806403201560101	53.03539513578222397427
-16.24412206103051659056	53.09523032808526465942
-16.23211605802901402740	53.14853005057397439259
-16.22011005502751501695	53.19511637666204961761
-16.20810405202601245378	53.23486280347303534199
-16.19609804902451344333	53.26769337596969933202
-16.18409204602301088016	53.29358102429448251769
-16.17208604302151186971	53.31254516220365502477
-16.16008004002000930655	53.32464860892284264082
-16.14807403701851029609	53.32999390992871724393
-16.13606803401700773293	53.32871914378957001190
-16.12406203101550872248	53.32099331202197589619
-16.11205602801400615931	53.30701141672759035828
-16.10005002501250714886	53.28698933638565904403
-16.08804402201100458569	53.26115861346529101183
-16.07603801900950557524	53.22976126840217148128
-16.06403201600800301208	53.19304475292888412241
-16.05202601300650400162	53.15125715177311604975
-16.04002001000500143846	53.10464273541860080741
-16.02801400700350242801	53.05343795808000351144
-16.01600800400199986484	52.99786798444643665107
-16.00400200100050085439	52.93814381631528931393
-15.99199599799900006758	52.87446007622450139252
-15.97998999499749928077	52.80699348989039521030
-15.96798399199599849396	52.73590209299216269301
-15.95597798899449770715	52.66132517095792309192
-15.94397198599299692034	52.58338392326359667095
-15.93196598299149613354	52.50218282672274483502
-15.91995997998999534673	52.41781165569522471515
-15.90795397698849455992	52.33034810143612247657
-15.89594797398699377311	52.23986091829253552987
-15.88394197098549298630	52.14641351145847636417
-15.87193596798399219949	52.05006786981260091807
-15.85992996498249141268	51.95088873824719399863
-15.84792396198099062588	51.84894791706600614134
-15.83591795897948983907	51.74432857165152199741
-15.82391195597798905226	51.63712943379589148662
-15.81190595297648826545	51.52746877691719618042
-15.79989994997498747864	51.41548805085064799414
-15.78789394697348669183	51.30135506796311517519
-15.77588794397198590502	51.18526664088324906743
-15.76388194097048511821	51.06745058300856499045
-15.75187593796898433141	50.94816699593416586822
-15.73986993496748354460	50.82770878278707726849
-15.72786393196598275779	50.70640134284566613587
-15.71585792896448197098	50.58460142043917073806
-15.70385192596298118417	50.46269509959306986957
-15.69184592296148039736	50.34109495482588414461
-15.67983991995997961055	50.22023638751192464724
-15.66783391695847882374	50.10057319589794389003
-15.65582791395697803694	49.98257244479850669450
-15.64382191095547725013	49.86670871780570735154
-15.63181590795397646332	49.75345785016556732216
-15.61980990495247567651	49.64329025395483796501
-15.60780390195097488970	49.53666395853402804050
-15.59579789894947410289	49.43401749819297918975
-15.58379189594797331608	49.33576278522949110084
-15.57178589294647252927	49.24227811024982770505
-15.55977988994497174247	49.15390141214644614820
-15.54777388694347095566	49.07092395795006467552
-15.53576788394197016885	48.99358456758423585597
-15.52376188094046938204	48.92206451054919114085
-15.51175587793897037159	48.85648319086220681129
-15.49974987493746958478	48.79689472337846467553
-15.48774387193596879797	48.74328548915444514478
-15.47573786893446801116	48.69557274009034131268
-15.46373186593296722435	48.65360430403595159987
-15.45172586293146643754	48.61715942123790767937
-15.43971985992996565074	48.58595072184709096064
-15.42771385692846486393	48.55962733261257824324
-15.41570785392696407712	48.53777907929617896343
-15.40370185092546329031	48.51994173018213984960
-15.39169584792396250350	48.50560320575892347961
-15.37968984492246171669	48.49421066062479468428
-15.36768384192096092988	48.48517832630519563963
-15.35567783891946014307	48.47789598832269319928
-15.34367183591795935627	48.47173795784555494492
-15.33166583291645856946	48.46607238782894455653
-15.31965982991495778265	48.46027077597057086678
-15.30765382691345699584	48.45371749219211210402
-15.29564782391195620903	48.44581916682963651510
-15.28364182091045542222	48.43601377731036450314
-15.27163581790895463541	48.42377927578505847350
-15.25962981490745384860	48.40864160788910908195
-15.24762381190595306180	48.39018198337393528163
-15.23561780890445227499	48.36804327257829072551
-15.22361180590295148818	48.34193541833860763290
-15.21160580290145070137	48.31163977066151460349
-15.19959979989994991456	48.27701227095160874114
-15.18759379689844912775	48.23798543342085309860
-15.17558779389694834094	48.19456909309162995214
-15.16358179089544755413	48.14684991211640152642
-15.15157578789394676733	48.09498965853467211673
-15.13956978489244598052	48.03922229363511320344
-15.12756378189094519371	47.97984992535710802031
-15.11555777888944440690	47.91723770524032488538
-15.10355177588794362009	47.85180776492630627672
-15.09154577288644283328	47.78403230478027552408
-15.07953976988494204647	47.71442596152200366078
-15.06753376688344125967	47.64353759356740170006
-15.05552776388194047286	47.57194163187414659433
-15.04352176088043968605	47.50022915029904879702
-15.03151575787893889924	47.42899881271504369806
-15.01950975487743811243	47.35884785436448396467
-15.00750375187593732562	47.29036325216918612568
-14.99549774887443653881	47.22411323305982477905
-14.98349174587293575200	47.16063926097312020147
-14.97148574287143496520	47.10044863219070521154
-14.95947973986993417839	47.04400779540888066776
-14.94747373686843339158	46.99173649762474980207
-14.93546773386693260477	46.94400283993295630580
-14.92346173086543359432	46.90111930901081649381
-14.91145572786393280751	46.86333983081115661662
-14.89944972486243202070	46.83085787318286463687
-14.88744372186093123389	46.80380560420326929716
-14.87543771885943044708	46.78225409333823137104
-14.86343171585792966027	46.76621452353676744451
-14.85142571285642887347	46.75564036439131143652
-14.83941970985492808666	46.75043043989801816451
-14.82741370685342729985	46.75043280944725410109
-14.81540770385192651304	46.75544936773477644465
-14.80340170085042572623	46.76524105853626878115
-14.79139569784892493942	46.77953358890975010809
-14.77938969484742415261	46.79802352450518299065
-14.76738369184592336580	46.82038464333928828864
-14.75537768884442257900	46.84627442464785929133
-14.74337168584292179219	46.87534055121758314044
-14.73136568284142100538	46.90722730782718485898
-14.71935967983992021857	46.94158176494806156143
-14.70735367683841943176	46.97805964547243462448
-14.69534767383691864495	47.01633078271687793404
-14.68334167083541785814	47.05608409001725078724
-14.67133566783391707133	47.09703197558494025543
-14.65932966483241628453	47.13891415060763279143
-14.64732366183091549772	47.18150079350925807375
-14.63531765882941471091	47.22459504848356459661
-14.62331165582791392410	47.26803485153578776590
-14.61130565282641313729	47.31169409196543540475
-14.59929964982491235048	47.35548313117546115336
-14.58729364682341156367	47.39934871359621126885
-14.57528764382191077686	47.44327331609341058538
-14.56328164082040999006	47.48727399224991785331
-14.55127563781890920325	47.53140077617317160730
-14.53926963481740841644	47.57573471683021892886
-14.52726363181590762963	47.62038561824358851027
-14.51525762881440684282	47.66548956313648943706
-14.50325162581290605601	47.71120629778744159921
-14.49124562281140526920	47.75771655398439463625
-14.47923961980990448239	47.80521938014646821102
-14.46723361680840369559	47.85392954804392218193
-14.45522761380690290878	47.90407509427051024886
-14.44322161080540212197	47.95589504692227933447
-14.43121560780390133516	48.00963737806004161257
-14.41920960480240054835	48.06555721175222117836
-14.40720360180089976154	48.12391530610283041369
-14.39519759879939897473	48.18497681597104786988
-14.38319159579789818793	48.24901033139444450626
-14.37118559279639740112	48.31628717534518813181
-14.35917958979489661431	48.38708093367683460428
-14.34717358679339582750	48.46166718024073105653
-14.33516758379189681705	48.54032335142550635965
-14.32316158079039603024	48.62332871703201675473
-14.31115557778889524343	48.71096438863543909292
-14.29914957478739445662	48.80351330256542041752
-14.28714357178589366981	48.90126011246908888097
-14.27513756878439288300	49.00449092618275415134
-14.26313156578289209619	49.11349282334975896447
-14.25112556278139130939	49.22855309386365973978
-14.23911955977989052258	49.34995814271730552036
-14.22711355677838973577	49.47799201408769675936
-14.21510755377688894896	49.61293449632748320255
-14.20310155077538816215	49.75505877977241198096
-14.19109554777388737534	49.90462865068212039432
-14.17908954477238658853	50.06189521695204547314
-14.16708354177088580172	50.22709317418588881310
-14.15507753876938501492	50.40043663400520301821
-14.14307153576788422811	50.58211454978624743717
-14.13106553276638344130	50.77228578804563596805
-14.11905952976488265449	50.97107390613705746318
-14.10705352676338186768	51.17856170847706209770
-14.09504752376188108087	51.39478566390836533628
-14.08304152076038029406	51.61973027577995765114
-14.07103551775887950726	51.85332250364754003158
-14.05902951475737872045	52.09542634098382052343
-14.04702351175587793364	52.34583765678172539992
-14.03501750875437714683	52.60427941032238408070
-14.02301150575287636002	52.87039734759640197126
-14.01100550275137557321	53.14375628488829761409
-13.99899949974987478640	53.42383707988412311352
-13.98699349674837399959	53.71003438341014657453
-13.97498749374687321279	54.00165525566981727934
-13.96298149074537242598	54.29791871977047890141
-13.95097548774387163917	54.59795631261513193522
-13.93896948474237085236	54.90081367910310206071
-13.92696348174087006555	55.20545324029395573007
-13.91495747873936927874	55.51075795002061852301
-13.90295147573786849193	55.81553613768822685870
-13.89094547273636770512	56.11852741797343213648
-13.87893946973486691832	56.41840963115925688953
-13.86693346673336613151	56.71380676121574282433
-13.85492746373186534470	57.00329776277142457275
-13.84292146073036455789	57.28542621310670313051
-13.83091545772886377108	57.55871069150796870417
-13.81890945472736298427	57.82165577599847949841
-13.80690345172586219746	58.07276353682395608757
-13.79489744872436141065	58.31054539730180152901
-13.78289144572286062385	58.53353422588803312010
-13.77088544272135983704	58.74029651868303147921
-13.75887943971985905023	58.92944452915117636849
-13.74687343671836003978	59.09964820159595433324
-13.73486743371685925297	59.24964676689337750304
-13.72286143071535846616	59.37825986308619974352
-13.71085542771385767935	59.48439804958508148047
-13.69884942471235689254	59.56707259177825619645
-13.68684342171085610573	59.62540440265762242689
-13.67483741870935531892	59.65863203943496273496
-13.66283141570785453212	59.66611866583224355054
-13.65082541270635374531	59.64735790455283392930
-13.63881940970485295850	59.60197851912785438344
-13.62681340670335217169	59.52974787962997993418
-13.61480740370185138488	59.43057418239603606480
-13.60280140070035059807	59.30450740964549538603
-13.59079539769884981126	59.15173903047384840193
-13.57878939469734902445	58.97260045990178412012
-13.56678339169584823765	58.76756030725162105455
-13.55477738869434745084	58.53722045889985992062
-13.54277138569284666403	58.28231105324076821717
-13.53076538269134587722	58.00368441733775881630
-13.51875937968984509041	57.70230804510972433263
-13.50675337668834430360	57.37925670590256999049
-13.49474737368684351679	57.03570377986142148075
-13.48274137068534272998	56.67291192260729815189
-13.47073536768384194318	56.29222316632009892601
-13.45872936468234115637	55.89504856745104888205
-13.44672336168084036956	55.48285751297052570408
-13.43471735867933958275	55.05716679735986218702
-13.42271135567783879594	54.61952958155664816786
-13.41070535267633800913	54.17152434285612372378
-13.39869934967483722232	53.71474392146119924973
-13.38669334667333643552	53.25078476507603397749
-13.37468734367183564871	52.78123646777183353151
-13.36268134067033486190	52.30767169344035494305
-13.35067533766883407509	51.83163656761168880394
-13.33866933466733328828	51.35464161436321717247
-13.32666333166583250147	50.87815330759739396171
-13.31465732866433171466	50.40358629821733416065
-13.30265132566283092785	49.93229637077194382755
-13.29064532266133014105	49.46557417505668752256
-13.27863931965982935424	49.00463977000805471107
-13.26663331665832856743	48.55063800907571192056
-13.25462731365682778062	48.10463478813955617852
-13.24262131065532699381	47.66761416899135639369
-13.23061530765382620700	47.24047638344708843761
-13.21860930465232542019	46.82403671531078970247
-13.20660330165082463338	46.41902524968429588625
-13.19459729864932384658	46.02608747151572288203
-13.18259129564782305977	45.64578568780817846573
-13.17058529264632404931	45.27860124057522028806
-13.15857928964482326251	44.92493747044167662352
-13.14657328664332247570	44.58512338376241501692
-13.13456728364182168889	44.25941796929235749758
-13.12256128064032090208	43.94801510382104936525
-13.11055527763882011527	43.65104897982803322520
-13.09854927463731932846	43.36859998217763489947
-13.08654327163581854165	43.10070093521971301698
-13.07453726863431775485	42.84734363647639554529
-13.06253126563281696804	42.60848558846262079669
-13.05052526263131618123	42.38405683621103037240
-13.03851925962981539442	42.17396681485394793754
-13.02651325662831460761	41.97811110927113986691
-13.01450725362681382080	41.79637802645311950300
-13.00250125062531303399	41.62865488097034472048
-12.99049524762381224718	41.47483389488547800283
-12.97848924462231146038	41.33481761569792212185
-12.96648324162081067357	41.20852375955401925012
-12.95447723861930988676	41.09588939206027902173
-12.94247123561780909995	40.99687436565153575430
-12.93046523261630831314	40.91146394061287594468
-12.91845922961480752633	40.83967052653190421552
-12.90645322661330673952	40.78153449213075276703
-12.89444722361180595271	40.73712400402909850072
-12.88244122061030516591	40.70653386891829939032
-12.87043521760880437910	40.68988336874573263913
-12.85842921460730359229	40.68731309464572376555
-12.84642321160580280548	40.69898080230201742324
-12.83441720860430201867	40.72505632894791460785
-12.82241120560280123186	40.76571563003462728147
-12.81040520260130044505	40.82113401143077169309
-12.79839919959979965824	40.89147865054012953578
-12.78639319659829887144	40.97690051660607934991
-12.77438719359679808463	41.07752581636752609029
-12.76238119059529729782	41.19344710579450463683
-12.75037518759379651101	41.32471422151827766811
-12.73836918459229572420	41.47132519644874548703
-12.72636318159079493739	41.63321733262669965825
-12.71435717858929415058	41.81025861030293810927
-12.70235117558779336377	42.00223961531705185735
-12.69034517258629257697	42.20886616685343994959
-12.67833916958479179016	42.42975282441707207681
-12.66633316658329100335	42.66441744628569665565
-12.65432716358179021654	42.91227696170805216980
-12.64232116058028942973	43.17264450574077017109
-12.63031515757878864292	43.44472804892798478704
-12.61830915457728785611	43.72763063417354345574
-12.60630315157578706931	44.02035231034955131690
-12.59429714857428628250	44.32179382670840794844
-12.58229114557278727204	44.63076212436365608482
-12.57028514257128648524	44.94597763138411750106
-12.55827913956978569843	45.26608333686677809737
-12.54627313656828491162	45.58965558722626809640
-12.53426713356678412481	45.91521651541150106368
-12.52226113056528333800	46.24124798141379244498
-12.51025512756378255119	46.56620687086587651038
-12.49824912456228176438	46.88854156835894571032
-12.48624312156078097757	47.20670939393237830473
-12.47423711855928019077	47.51919476561361221911
-12.46223111555777940396	47.82452782847080641204
-12.45022511255627861715	48.12130327191816547838
-12.43821910955477783034	48.40819904246284011151
-12.42621310655327704353	48.68399464912074137146
-12.41420710355177625672	48.94758875370364847868
-12.40220110055027546991	49.19801573835707841909
-12.39019509754877468310	49.43446094828574643998
-12.37818909454727389630	49.65627431862329643764
-12.36618309154577310949	49.86298211086916865042
-12.35417708854427232268	50.05429650610912517550
-12.34217108554277153587	50.23012282913575887733
-12.33016508254127074906	50.39056420926743840027
-12.31815907953976996225	50.53592351970743834499
-12.30615307653826917544	50.66670247717369335305
-12.29414707353676838864	50.78359782666341715185
-12.28214107053526760183	50.88749458191733054946
-12.27013506753376681502	50.97945633967186296331
-12.25812906453226602821	51.06071273433740032033
-12.24612306153076524140	51.13264414847886740745
-12.23411705852926445459	51.19676384254044876343
-12.22211105552776366778	51.25469771377787253641
-12.21010505252626288097	51.30816193847581274667
-12.19809904952476209417	51.35893879239466031095
-12.18609304652326130736	51.40885098121068352839
-12.17408704352176052055	51.45973484474233572428
-12.16208104052025973374	51.51341282532097665126
-12.15007503751875894693	51.57166561118027914290
-12.13806903451725816012	51.63620437971520971132
-12.12606303151575737331	51.70864357252141019217
-12.11405702851425658650	51.79047463400657846933
-12.10205102551275579970	51.88304113793395799803
-12.09004502251125501289	51.98751571150923211917
-12.07803901950975422608	52.10487914468477299579
-12.06603301650825343927	52.23590204349154220154
-12.05402701350675265246	52.38112935081018406436
-12.04202101050525186565	52.54086801657606997651
-12.03001500750375107884	52.71517805261188982513
-12.01800900450225029203	52.90386715583749577263
-12.00600300150074950523	53.10648902835547602308
-11.99399699849925049477	53.31902394989089799537
-11.98199099549774970797	53.53985935387929373519
-11.96998499249624892116	53.77086125663801396968
-11.95797898949474813435	54.01057339347288177578
-11.94597298649324734754	54.25734623272869328048
-11.93396698349174656073	54.50935857832824638081
-11.92196098049024577392	54.76464181721880208897
-11.90995497748874498711	55.02110644740867684277
-11.89794897448724420030	55.27657048427036556859
-11.88594297148574341350	55.52878931139857598964
-11.87393696848424262669	55.77548651811729740757
-11.86193096548274183988	56.01438524917945471771
-11.84992496248124105307	56.24323958360918140897
-11.83791895947974026626	56.45986545917018162299
-11.82591295647823947945	56.66217066663004686689
-11.81390695347673869264	56.84818345370543113404
-11.80190095047523790583	57.01607930204981755651
-11.78989494747373711903	57.16420547147438924185
-11.77788894447223633222	57.29110294323091778779
-11.76588294147073554541	57.39552543796734340731
-11.75387693846923475860	57.47645523311346948958
-11.74187093546773397179	57.53311555809106891957
-11.72986493246623318498	57.56497940291384196598
-11.71785892946473239817	57.57177463542781481465
-11.70585292646323161136	57.55348538358036591944
-11.69384692346173082456	57.51034970060617723675
-11.68184092046023003775	57.44285359179180261435
-11.66983491745872925094	57.35172154045078940499
-11.65782891445722846413	57.23790372687079752723
-11.64582291145572767732	57.10256018630033736372
-11.63381690845422689051	56.94704219961820257367
-11.62181090545272610370	56.77287125235599063444
-11.60980490245122531690	56.58171593351348604983
-11.59779889944972453009	56.37536717452645262938
-11.58579289644822374328	56.15571225035562008543
-11.57378689344672295647	55.92470797864079656847
-11.56178089044522216966	55.68435355902607852840
-11.54977488744372138285	55.43666349307700613736
-11.53776888444222059604	55.18364101579177827261
-11.52576288144071980923	54.92725245281182111512
-11.51375687843921902243	54.66940289345563996903
-11.50175087543771823562	54.41191353915686335085
-11.48974487243621744881	54.15650105042327311367
-11.47773886943471666200	53.90475917379516346273
-11.46573286643321587519	53.65814288430445344602
-11.45372686343171508838	53.41795522953130159749
-11.44172086043021430157	53.18533700948807307896
-11.42971485742871351476	52.96125937323301258175
-11.41770885442721272796	52.74651935934829083408
-11.40570285142571371750	52.54173835422371041659
-11.39369684842421293069	52.34736339046393993613
-11.38169084542271214389	52.16367115863435799383
-11.36968484242121135708	51.99077455987163887130
-11.35767883941971057027	51.82863158542618009506
-11.34567283641820978346	51.67705627269818791092
-11.33366683341670899665	51.53573145639739294666
-11.32166083041520820984	51.40422300860103632658
-11.30965482741370742303	51.28199524308450207855
-11.29764882441220663623	51.16842714760102239779
-11.28564282141070584942	51.06282910290425292033
-11.27363681840920506261	50.96445974921720534212
-11.26163081540770427580	50.87254266939785907198
-11.24962481240620348899	50.78628257294877812456
-11.23761880940470270218	50.70488068585952845524
-11.22561280640320191537	50.62754907753510735802
-11.21360680340170112856	50.55352368713016630863
-11.20160080040020034176	50.48207584676823245218
-11.18959479739869955495	50.41252213759540268256
-11.17758879439719876814	50.34423245556133963419
-11.16558279139569798133	50.27663620635968300121
-11.15357678839419719452	50.20922659219758088511
-11.14157078539269640771	50.14156299610003486578
-11.12956478239119562090	50.07327151140412269115
-11.11755877938969483409	50.00404370411005317010
-11.10555277638819404729	49.93363373302962315847
-11.09354677338669326048	49.86185398647240418768
-11.08154077038519247367	49.78856942388146933354
-11.06953476738369168686	49.71369083581130610128
-11.05752876438219090005	49.63716725547112673667
-11.04552276138069011324	49.55897776939024623744
-11.03351675837918932643	49.47912298336694192358
-11.02151075537768853962	49.39761640262999975448
-11.00950475237618775282	49.31447598208495719518
-10.99749874937468696601	49.22971609376784130063
-10.98549274637318617920	49.14334014443882381329
-10.97348674337168539239	49.05533405697583049232
-10.96148074037018460558	48.96566080533750664472
-10.94947473736868381877	48.87425616490978086404
-10.93746873436718303196	48.78102580866454474062
-10.92546273136568224515	48.68584384544294607622
-10.91345672836418145835	48.58855286058008005057
-10.90145072536268067154	48.48896548179858001504
-10.88944472236117988473	48.38686745562108626473
-10.87743871935967909792	48.28202218229252196124
-10.86543271635817831111	48.17417662115570209380
-10.85342671335667752430	48.06306844435038527763
-10.84142071035517673749	47.94843428532294637989
-10.82941470735367772704	47.83001890059799166011
-10.81740870435217694023	47.70758503915813975027
-10.80540270135067615342	47.58092379410228289771
-10.79339669834917536662	47.44986519641193467578
-10.78139069534767457981	47.31428880095231193081
-10.76938469234617379300	47.17413401046683674167
-10.75737868934467300619	47.02940988437629243890
-10.74537268634317221938	46.88020418564281754925
-10.73336668334167143257	46.72669143066771368922
-10.72136068034017064576	46.56913972392077027962
-10.70935467733866985895	46.40791618040331201200
-10.69734867433716907215	46.24349076469245289900
-10.68534267133566828534	46.07643840467945750561
-10.67333666833416749853	45.90743927060819373764
-10.66133066533266671172	45.73727714498621566008
-10.64932466233116592491	45.56683584568050804364
-10.63731865932966513810	45.39709370228897711286
-10.62531265632816435129	45.22911612394509006663
-10.61330665332666356448	45.06404633431302642066
-10.60130065032516277768	44.90309438592107227350
-10.58929464732366199087	44.74752460044700796971
-10.57728864432216120406	44.59864161343495680967
-10.56528264132066041725	44.45777523056899127596
-10.55327663831915963044	44.32626432749737688255
-10.54127063531765884363	44.20544004581535801890
-10.52926463231615805682	44.09660855377769905772
-10.51725862931465727002	44.00103365132375188296
-10.50525262631315648321	43.91991950485198970000
-10.49324662331165569640	43.85439379777297830287
-10.48124062031015490959	43.80549157819773142819
-10.46923461730865412278	43.77414007527963235589
-10.45722861430715333597	43.76114474091967565528
-10.44522261130565254916	43.76717675405651419851
-10.43321660830415176235	43.79276220097260363673
-10.42121060530265097555	43.83827311741135446255
-10.40920460230115018874	43.90392054734466853461
-10.39719859929964940193	43.98974973954049261238
-10.38519259629814861512	44.09563756728836381171
-10.37318659329664782831	44.22129221941486321157
-10.36118059029514704150	44.36625517274868002460
-10.34917458729364625469	44.52990541817380432121
-10.33716858429214546788	44.71146587503127989294
-10.32516258129064468108	44.91001189256824943641
-10.31315657828914389427	45.12448170303162697792
-10.30115057528764310746	45.35368865946222172170
-10.28914457228614232065	45.59633506281224413215
-10.27713856928464153384	45.85102735816791863499
-10.26513256628314074703	46.11629245902381057931
-10.25312656328163996022	46.39059494206043154918
-10.24112056028014094977	46.67235484297434311429
-10.22911455727864016296	46.95996577676396555034
-10.21710855427713937615	47.25181310356141750617
-10.20510255127563858935	47.54629186360663339883
-10.19309654827413780254	47.84182421218453384881
-10.18109054527263701573	48.13687609710311932076
-10.16908454227113622892	48.42997293731541219586
-10.15707853926963544211	48.71971408124161939668
-10.14507253626813465530	49.00478584682518601312
-10.13306653326663386849	49.28397297189385284355
-10.12106053026513308168	49.55616833248352293140
-10.10905452726363229488	49.82038081786882344204
-10.09704852426213150807	50.07574128355280151936
-10.08504252126063072126	50.32150653680556473546
-10.07303651825912993445	50.55706134290898745576
-10.06103051525762914764	50.78191847346945309027
-10.04902451225612836083	50.99571685042483437655
-10.03701850925462757402	51.19821787014737424215
-10.02501250625312678721	51.38930002081531256408
-10.01300650325162600041	51.56895193252466214062
-10.00100050025012521360	51.73726402302170868097
-9.98899449724862442679	51.89441892209841711292
-9.97698849424712363998	52.04068087431392797271
-9.96498249124562285317	52.17638433256004049099
-9.95297648824412206636	52.30192196392270886918
-9.94097048524262127955	52.41773229422326352278
-9.92896448224112049274	52.52428721854194293428
-9.91695847923961970594	52.62207960199395273548
-9.90495247623811891913	52.71161118817298785189
-9.89294647323661813232	52.79338102219404760262
-9.88094047023511734551	52.86787458140828022124
-9.86893446723361655870	52.93555378993607973825
-9.85692846423211577189	52.99684807352430482297
-9.84492246123061498508	53.05214658927408066802
-9.83291645822911419828	53.10179174093295983994
-9.82091045522761341147	53.14607406515014531578
-9.80890445222611262466	53.18522854782034414711
-9.79689844922461183785	53.21943240286409348982
-9.78489244622311105104	53.24880431897961585719
-9.77288644322161026423	53.27340515351523464460
-9.76088044022010947742	53.29324002709523711019
-9.74887443721860869061	53.30826174840446185499
-9.73686843421710790381	53.31837547598603066490
-9.72486243121560711700	53.32344450338153762914
-9.71285642821410633019	53.32329703575327783938
-9.70085042521260554338	53.31773381053396576590
-9.68884442221110475657	53.30653640186349662144
-9.67683841920960396976	53.28947603875452188049
-9.66483241620810318295	53.26632276018488454383
-9.65282641320660417250	53.23685472669881590946
-9.64082041020510338569	53.20086750760884797273
-9.62881440720360259888	53.15818316547505162362
-9.61680840420210181207	53.10865896509485395427
-9.60480240120060102527	53.05219554261697112452
-9.59279639819910023846	52.98874438140569509414
-9.58079039519759945165	52.91831445469591699293
-9.56878439219609866484	52.84097791063174298642
-9.55677838919459787803	52.75687469267926843486
-9.54477238619309709122	52.66621600733085983848
-9.53276638319159630441	52.56928657114158198738
-9.52076038019009551761	52.46644559011246400360
-9.50875437718859473080	52.35812644590982500858
-9.49674837418709394399	52.24483508503311668392
-9.48474237118559315718	52.12714712847066778068
-9.47273636818409237037	52.00570374027761744173
-9.46073036518259158356	51.88120631355345580005
-9.44872436218109079675	51.75441005118875636981
-9.43671835917959000994	51.62611653621563334582
-9.42471235617808922314	51.49716540238652129347
-9.41270635317658843633	51.36842522950367850854
-9.40070035017508764952	51.24078379984302245020
-9.38869434717358686271	51.11513786161143713116
-9.37668834417208607590	50.99238255263360741765
-9.36468234117058528909	50.87340064230730263262
-9.35267633816908450228	50.75905175225600629574
-9.34067033516758371547	50.65016171604413131035
-9.32866433216608292867	50.54751223583675567852
-9.31665832916458214186	50.45183098905287266689
-9.30465232616308135505	50.36378233098103862631
-9.29264632316158056824	50.28395873013193551060
-9.28064032016007978143	50.21287306195595334657
-9.26863431715857899462	50.15095187364183715317
-9.25662831415707820781	50.09852971824458478523
-9.24462231115557742100	50.05584464059518978729
-9.23261630815407663420	50.02303488056502800418
-9.22061030515257584739	50.00013684155003801379
-9.20860430215107506058	49.98708435376720871091
-9.19659829914957427377	49.98370924338717458113
-9.18459229614807348696	49.98974319993070025703
-9.17258629314657270015	50.00482091599943146321
-9.16058029014507191334	50.02848445555228096282
-9.14857428714357112653	50.06018878982824560353
-9.13656828414207033973	50.09930842389039185036
-9.12456228114056955292	50.14514502184580635458
-9.11255627813906876611	50.19693592528347636517
-9.10055027513756797930	50.25386344754713263683
-9.08854427213606719249	50.31506481628005644779
-9.07653826913456640568	50.37964262837457596333
-9.06453226613306739523	50.44667567513479866648
-9.05252626313156660842	50.51522999119308821037
-9.04052026013006582161	50.58436997855502426091
-9.02851425712856503480	50.65316945710107887635
-9.01650825412706424800	50.72072249493324846981
-9.00450225112556346119	50.78615387607788989044
-8.99249624812406267438	50.84862906917145863872
-8.98049024512256188757	50.90736356876320201081
-8.96848424212106110076	50.96163149064232555929
-8.95647823911956031395	51.01077331398605707591
-8.94447223611805952714	51.05420267595497563207
-8.93246623311655874033	51.09141213843992090915
-8.92046023011505795353	51.12197786177844704980
-8.90845422711355716672	51.14556313618274430155
-8.89644822411205637991	51.16192073811733820321
-8.88444222111055559310	51.17089409568896485325
-8.87243621810905480629	51.17241726401238821609
-8.86043021510755401948	51.16651372824524912630
-8.84842421210605323267	51.15329406829403069423
-8.83641820910455244587	51.13295253484223223950
-8.82441220610305165906	51.10576260111025703736
-8.81240620310155087225	51.07207156840840411860
-8.80040020010005008544	51.03229431589102205180
-8.78839419709854929863	50.98690629578350552720
-8.77638819409704851182	50.93643588457830873040
-8.76438219109554772501	50.88145620815496528166
-8.75237618809404693820	50.82257656436874526662
-8.74037018509254615140	50.76043357030475533520
-8.72836418209104536459	50.69568216306733177134
-8.71635817908954457778	50.62898658266169604758
-8.70435217608804379097	50.56101146325004691562
-8.69234617308654300416	50.49241315488337278339
-8.68034017008504221735	50.42383139181133344664
-8.66833416708354143054	50.35588141577147780481
-8.65632816408204064373	50.28914665340153788975
-8.64432216108053985693	50.22417203627409065803
-8.63231615807903907012	50.16145804021455489874
-8.62031015507753828331	50.10145550774335276856
-8.60830415207603749650	50.04456130390846624323
-8.59629814907453670969	49.99111484168530239458
-8.58429214607303592288	49.94139549876307881959
-8.57228614307153513607	49.89562093316072122207
-8.56028014007003434926	49.85394629096869323348
-8.54827413706853356246	49.81646428583852070915
-8.53626813406703277565	49.78320611687075114560
-8.52426213106553198884	49.75414317950130538293
-8.51225612806403120203	49.72918951305480561587
-8.50025012506253041522	49.70820491899574733452
-8.48824412206103140477	49.69099867571566875313
-8.47623811905953061796	49.67733376906667785988
-8.46423211605802983115	49.66693155287986627400
-8.45222611305652904434	49.65947675044819220602
-8.44022011005502825753	49.65462270643118358748
-8.42821410705352747073	49.65199679884290873133
-8.41620810405202668392	49.65120592266989518748
-8.40420210105052589711	49.65184196015506756794
-8.39219609804902511030	49.65348715776768528940
-8.38019009504752432349	49.65571933621966138617
-8.36818409204602353668	49.65811686742053154831
-8.35617808904452274987	49.66026336079948322322
-8.34417208604302196306	49.66175201075627398950
-8.33216608304152117626	49.66218956691260189018
-8.32016008004002038945	49.66119989909011422924
-8.30815407703851960264	49.65842713930447871462
-8.29614807403701881583	49.65353839330069263269
-8.28414207103551802902	49.64622602403159135065
-8.27213606803401724221	49.63620951877883413772
-8.26013006503251645540	49.62323696012680329659
-8.24812406203101566859	49.60708612853919419194
-8.23611805902951488179	49.58756527069194675050
-8.22411205602801409498	49.56451357285068581859
-8.21210605302651330817	49.53780138233943830528
-8.20010005002501252136	49.50733022246063086413
-8.18809404702351173455	49.47303264705559655567
-8.17608804402201094774	49.43487198024023143716
-8.16408204102051016093	49.39284198474716447436
-8.15207603801900937412	49.34696649882433661105
-8.14007003501750858732	49.29729907688543022459
-8.12806403201600780051	49.24392266321744671131
-8.11605802901450701370	49.18694932119102958268
-8.10405202601300622689	49.12652003278165580014
-8.09204602301150544008	49.06280457500847802521
-8.08004002001000465327	48.99600147136156635952
-8.06803401700850386646	48.92633800765993612458
-8.05602801400700307966	48.85407029330892925145
-8.04402201100550229285	48.77948334085414217043
-8.03201600800400150604	48.70289112930212382935
-8.02001000500250071923	48.62463661012630922187
-8.00800400200099993242	48.54509160941361045616
-7.99599799899950003379	48.46465657542349703135
-7.98399199599799924698	48.38376011809201315828
-7.97198599299649846017	48.30285828584876384184
-7.95997998999499767336	48.22243352562340135137
-7.94797398699349688656	48.14299327415577067768
-7.93596798399199609975	48.06506813270971179008
-7.92396198099049531294	47.98920958299775918476
-7.91195597798899452613	47.91598720948622514015
-7.89994997498749373932	47.84598540215733208925
-7.88794397198599295251	47.77979952410677100261
-7.87593796898449216570	47.71803153986338230652
-7.86393196598299137889	47.66128511280885504675
-7.85192596298149059209	47.61016019329561288487
-7.83991995997998980528	47.56524713273091720112
-7.82791395697848901847	47.52712037271419376339
-7.81590795397698823166	47.49633177196929523234
-7.80390195097548744485	47.47340364698241188535
-7.79189594797398665804	47.45882161461749149112
-7.77988994497248587123	47.45302733622010293857
-7.76788394197098508442	47.45641127253507818295
-7.75587793896948518579	47.46930556687361502100
-7.74387193596798439899	47.49197718011714641762
-7.73186593296648361218	47.52462140511965316136
-7.71985992996498282537	47.56735588968539474308
-7.70785392696348203856	47.62021529641990014170
-7.69584792396198125175	47.68314672428920886205
-7.68384192096048046494	47.75600601063963779325
-7.67183591795897967813	47.83855502374354529138
-7.65982991495747889132	47.93046004471724330642
-7.64782391195597810452	48.03129132403027767850
-7.63581790895447731771	48.14052388196942899867
-7.62381190595297653090	48.25753960456531643786
-7.61180590295147574409	48.38163066691079450266
-7.59979989994997495728	48.51200429481808384935
-7.58779389694847417047	48.64778885373164740713
-7.57578789394697338366	48.78804123112439583565
-7.56378189094547259685	48.93175545566653994456
-7.55177588794397181005	49.07787247369599015201
-7.53976988494247102324	49.22529098137214020880
-7.52776388194097023643	49.37287918979402689956
-7.51575787893946944962	49.51948738073414091332
-7.50375187593796866281	49.66396109288632487733
-7.49174587293646787600	49.80515476302954880339
-7.47973986993496708919	49.94194563361412519953
-7.46773386693346630238	50.07324772828529546587
-7.45572786393196640375	50.19802569002551706490
-7.44372186093046561695	50.31530827311981113326
-7.43171585792896483014	50.42420128016892988398
-7.41970985492746404333	50.52389973896842434442
-7.40770385192596325652	50.61369912124930436903
-7.39569784892446246971	50.69300541598184395298
-7.38369184592296168290	50.76134388405494490826
-7.37168584292146089609	50.81836633847078132931
-7.35967983991996010928	50.86385681448705753382
-7.34767383691845932248	50.89773551708717747033
-7.33566783391695853567	50.92006095839759183264
-7.32366183091545774886	50.93103022479144925683
-7.31165582791395696205	50.93097734196633297188
-7.29964982491245617524	50.92036973577915404121
-7.28764382191095538843	50.89980281655680727226
-7.27563781890945460162	50.86999274445715002457
-7.26363181590795381481	50.83176746270807200290
-7.25162581290645302801	50.78605611368477923406
-7.23961980990495224120	50.73387697929515383066
-7.22761380690345145439	50.67632411155373262091
-7.21560780390195066758	50.61455284109438679252
-7.20360180090044988077	50.54976437030089897462
-7.19159579789894909396	50.48318967337628748737
-7.17958979489744830715	50.41607293773385123359
-7.16758379189594840852	50.34965478935018268203
-7.15557778889444762171	50.28515554901246531472
-7.14357178589294683491	50.22375876663140559231
-7.13156578289144604810	50.16659527696291576149
-7.11955977988994526129	50.11472801224294215672
-7.10755377688844447448	50.06913779552320420407
-7.09554777388694368767	50.03071032310038646074
-7.08354177088544290086	50.00022452562577512936
-7.07153576788394211405	49.97834247559440257191
-7.05952976488244132725	49.96560098432630780962
-7.04752376188094054044	49.96240500469908596415
-7.03551775887943975363	49.96902292724151095626
-7.02351175587793896682	49.98558382725502724497
-7.01150575287643818001	50.01207668991581556384
-6.99949974987493739320	50.04835160936057292247
-6.98749374687343660639	50.09412292710877068203
-6.97548774387193581958	50.14897424535116954303
-6.96348174087043503278	50.21236522214644537598
-6.95147573786893424597	50.28364002889570372190
-6.93946973486743345916	50.36203732605170557690
-6.92746373186593267235	50.44670159126459907384
-6.91545772886443188554	50.53669561541467913912
-6.90345172586293109873	50.63101396652373864526
-6.89144572286143031192	50.72859720959487361824
-6.87943971985992952511	50.82834666216406560579
-6.86743371685842962648	50.92913946084513554524
-6.85542771385692883968	51.02984371343152503187
-6.84342171085542805287	51.12933351413400373531
-6.83141570785392726606	51.22650360616405151859
-6.81940970485242647925	51.32028348593682665069
-6.80740370185092569244	51.40965075642158410574
-6.79539769884942490563	51.49364355331420028961
-6.78339169584792411882	51.57137188640073333090
-6.77138569284642333201	51.64202775933574685041
-6.75937968984492254521	51.70489395365650864278
-6.74737368684342175840	51.75935138675031055300
-6.73536768384192097159	51.80488497822985749508
-6.72336168084042018478	51.84108798428764686150
-6.71135567783891939797	51.86766478463339780092
-6.69934967483741861116	51.88443213112272189846
-6.68734367183591782435	51.89131889073212278163
-6.67533766883441703754	51.88836433772870293524
-6.66333166583291625074	51.87571507036010842739
-6.65132566283141546393	51.85362064583348740143
-6.63931965982991467712	51.82242804349003506559
-6.62731365682841389031	51.78257507969692596816
-6.61530765382691310350	51.73458290890785349347
-6.60330165082541231669	51.67904775348267776280
-6.59129564782391152988	51.61663201015971935703
-6.57928964482241163125	51.54805488355173537229
-6.56728364182091084444	51.47408269675772629625
-6.55527763881941005764	51.39551902626725876644
-6.54327163581790927083	51.31319480295361046274
-6.53126563281640848402	51.22795851332153915791
-6.51925962981490769721	51.14066662554891706804
-6.50725362681340691040	51.05217435352538757343
-6.49524762381190612359	50.96332685935734474469
-6.48324162081040533678	50.87495098100662715979
-6.47123561780890454997	50.78784755720032961790
-6.45922961480740376317	50.70278440683364351571
-6.44722361180590297636	50.62049000512408269969
-6.43521760880440218955	50.54164788408924380292
-6.42321160580290140274	50.46689177081670152347
-6.41120560280140061593	50.39680146375430069838
-6.39919959979989982912	50.33189943512094544076
-6.38719359679839904231	50.27264813673465226884
-6.37518759379689825550	50.21944797724902542768
-6.36318159079539746870	50.17263593111196229302
-6.35117558779389668189	50.13248473359598733623
-6.33916958479239589508	50.09920261203881608481
-6.32716358179089510827	50.07293350096953332695
-6.31515757878939432146	50.05375768803130398510
-6.30315157578789353465	50.04169283845504168085
-6.29114557278639363602	50.03669534816044262016
-6.27913956978489284921	50.03866197919821701134
-6.26713356678339206240	50.04743173600718364469
-6.25512756378189127560	50.06278794662519970871
-6.24312156078039048879	50.08446051932948250851
-6.23111555777888970198	50.11212835194219650248
-6.21910955477738891517	50.14542187797020744711
-6.20710355177588812836	50.18392574060217015131
-6.19509754877438734155	50.22718159211935073927
-6.18309154577288655474	50.27469102225828123665
-6.17108554277138576794	50.32591862428442652799
-6.15907953976988498113	50.38029521181052672318
-6.14707353676838419432	50.43722120256535390581
-6.13506753376688340751	50.49607018726423746102
-6.12306153076538262070	50.55619270236582707412
-6.11105552776388183389	50.61692022476926666741
-6.09904952476238104708	50.67756940440341395515
-6.08704352176088026027	50.73744654721338775971
-6.07503751875937947347	50.79585235632747952650
-6.06303151575787868666	50.85208693329408191630
-6.05102551275637789985	50.90545503435306073925
-6.03901950975487711304	50.95527156891822784246
-6.02701350675337632623	51.00086731899508407651
-6.01500750375187553942	51.04159484935891555324
-6.00300150075037475261	51.07683456920916853505
-5.99099549774887485398	51.10600089694328573842
-5.97898949474737406717	51.12854847090940069165
-5.96698349174587328037	51.14397834075387550001
-5.95497748874437249356	51.15184406652098658697
-5.94297148574287170675	51.15175764621986331804
-5.93096548274137091994	51.14339518736216660955
-5.91895947973987013313	51.12650223418120987162
-5.90695347673836934632	51.10089866003269776229
-5.89494747373686855951	51.06648303397643928747
-5.88294147073536777270	51.02323637184184690341
-5.87093546773386698590	50.97122518524261636230
-5.85892946473236619909	50.91060374704319002603
-5.84692346173086541228	50.84161549866600182668
-5.83491745872936462547	50.76459353329835266777
-5.82291145572786383866	50.67996009940522839088
-5.81090545272636305185	50.58822508083611069196
-5.79889944972486226504	50.48998342305155517806
-5.78689344672336147823	50.38591148937805996866
-5.77488744372186069143	50.27676234649060660331
-5.76288144072035990462	50.16335999425948699582
-5.75087543771885911781	50.04659257140394856833
-5.73886943471735833100	49.92740458477866383191
-5.72686343171585754419	49.80678822628326685162
-5.71485742871435675738	49.68577385703304116760
-5.70285142571285685875	49.56541975326835114402
-5.69084542271135607194	49.44680122223125806613
-5.67883941970985528513	49.33099920863664067383
-5.66683341670835449833	49.21908852317057636583
-5.65482741370685371152	49.11212583344709514677
-5.64282141070535292471	49.01113756486104477972
-5.63081540770385213790	48.91710786364305363350
-5.61880940470235135109	48.83096677703908028434
-5.60680340170085056428	48.75357880583227654370
-5.59479739869934977747	48.68573198236580878984
-5.58279139569784899066	48.62812762282408840520
-5.57078539269634820386	48.58137089583645717994
-5.55877938969484741705	48.54596234057291326280
-5.54677338669334663024	48.52229045653543693106
-5.53476738369184584343	48.51062547437355476632
-5.52276138069034505662	48.51111440246626216322
-5.51075537768884426981	48.52377742793730419635
-5.49874937468734348300	48.54850573345633790723
-5.48674337168584269619	48.58506077289084146287
-5.47473736868434190939	48.63307502989524522263
-5.46273136568284112258	48.69205426414539772395
-5.45072536268134033577	48.76138123044258065875
-5.43871935967983954896	48.84032083661594469959
-5.42671335667833876215	48.92802668733301629800
-5.41470735367683886352	49.02354894286109754376
-5.40270135067533807671	49.12584340476957578403
-5.39069534767383728990	49.23378172476552805392
-5.37868934467233650309	49.34616261853154384198
-5.36668334167083571629	49.46172395377741537459
-5.35467733866933492948	49.57915557088997360324
-5.34267133566783414267	49.69711268570048900983
-5.33066533266633335586	49.81422971708802549529
-5.31865932966483256905	49.92913437746710059173
-5.30665332666333178224	50.04046186170494792123
-5.29464732366183099543	50.14686896967963747329
-5.28264132066033020863	50.24704799949621047972
-5.27063531765882942182	50.33974025226591919591
-5.25862931465732863501	50.42374899523476727836
-5.24662331165582784820	50.49795173781104296040
-5.23461730865432706139	50.56131168454945168378
-5.22261130565282627458	50.61288824024681076708
-5.21060530265132548777	50.65184645481639336140
-5.19859929964982470096	50.67746530934821436176
-5.18659329664832391416	50.68914475953081222315
-5.17458729364682312735	50.68641146820198173373
-5.16258129064532234054	50.66892317499895170840
-5.15057528764382155373	50.63647166768141261173
-5.13856928464232076692	50.58898433649248715938
-5.12656328164081998011	50.52652430969552455053
-5.11455727863932008148	50.44928918497845415914
-5.10255127563781929467	50.35760838755953727741
-5.09054527263631850786	50.25193920137660086311
-5.07853926963481772106	50.13286153452610705017
-5.06653326663331693425	50.00107149398142070140
-5.05452726363181614744	49.85737385741848726184
-5.04252126063031536063	49.70267354158323058755
-5.03051525762881457382	49.53796617693694770423
-5.01850925462731378701	49.36432790721553942603
-5.00650325162581300020	49.18290453995666666742
-4.99449724862431221339	48.99490017992035006955
-4.98249124562281142659	48.80156548160518781287
-4.97048524262131063978	48.60418565971306747997
-4.95847923961980985297	48.40406839742165345797
-4.94647323661830906616	48.20253179168805246491
-4.93446723361680827935	48.00089247254135926823
-4.92246123061530749254	47.80045402945823695973
-4.91045522761380670573	47.60249587249843017389
-4.89844922461230591892	47.40826264896648467584
-4.88644322161080513212	47.21895432803709979908
-4.87443721860930434531	47.03571705612252173978
-4.86243121560780355850	46.85963487487574496981
-4.85042521260630277169	46.69172238172903632858
-4.83841920960480198488	46.53291839989439893088
-4.82641320660330208625	46.38408071094475815244
-4.81440720360180129944	46.24598188860711189818
-4.80240120060030051263	46.11930625739924494155
-4.79039519759879972582	46.00464798440754066178
-4.77838919459729893902	45.90251029702168494850
-4.76638319159579815221	45.81330580400768326399
-4.75437718859429736540	45.73735788211378405776
-4.74237118559279657859	45.67490307567011598167
-4.73036518259129579178	45.62609444256761292991
-4.71835917958979500497	45.59100576679153249415
-4.70635317658829421816	45.56963654554113674067
-4.69434717358679343135	45.56191764808532695952
-4.68234117058529264455	45.56771753406992786495
-4.67033516758379185774	45.58684891117829351970
-4.65832916458229107093	45.61907570600878614187
-4.64632316158079028412	45.66412021790687703060
-4.63431715857928949731	45.72167032338827397098
-4.62231115557778871050	45.79138659879989603496
-4.61030515257628792369	45.87290923104345097272
-4.59829914957478713688	45.96586459055777851290
-4.58629314657328635008	46.06987134731072330851
-4.57428714357178556327	46.18454601924344160579
-4.56228114057028477646	46.30950785335718933311
-4.55027513756878398965	46.44438295231254443252
-4.53826913456728320284	46.58880757386566529021
-4.52626313156578330421	46.74243054649772943776
-4.51425712856428251740	46.90491476197159670392
-4.50225112556278173059	47.07593772400687726076
-4.49024512256128094378	47.25519115150640203638
-4.47823911955978015698	47.44237965447101856853
-4.46623311655827937017	47.63721852056224292937
-4.45422711355677858336	47.83943066985293057769
-4.44222111055527779655	48.04874285427545999028
-4.43021510755377700974	48.26488119625973638449
-4.41820910455227622293	48.48756617767891441417
-4.40620310155077543612	48.71650720512849375154
-4.39419709854927464932	48.95139689041063491004
-4.38219109554777386251	49.19190519556301666171
-4.37018509254627307570	49.43767359957436724471
-4.35817908954477228889	49.68830944882100197901
-4.34617308654327150208	49.94338065504066292988
-4.33416708354177071527	50.20241090318371846024
-4.32216108054026992846	50.46487552665598741441
-4.31015507753876914165	50.73019819926382467656
-4.29814907453726835485	50.99774858162503221592
-4.28614307153576756804	51.26684104502099614820
-4.27413706853426678123	51.53673457780588762489
-4.26213106553276599442	51.80663395879392396637
-4.25012506253126520761	52.07569225881705676784
-4.23811905952976530898	52.34301470624631491546
-4.22611305652826452217	52.60766392512057620934
-4.21410705352676373536	52.86866652609723615797
-4.20210105052526294855	53.12502100124540049819
-4.19009504752376216175	53.37570684429276468563
-4.17808904452226137494	53.61969478888749307544
-4.16608304152076058813	53.85595802933583087224
-4.15407703851925980132	54.08348426171900058534
-4.14207103551775901451	54.30128835886340965544
-4.13006503251625822770	54.50842547090387313347
-4.11805902951475744089	54.70400432467161522254
-4.10605302651325665408	54.88720048034887355470
-4.09404702351175586728	55.05726929319297369148
-4.08204102051025508047	55.21355832201356861333
-4.07003501750875429366	55.35551892477987223629
-4.05802901450725350685	55.48271678544854523807
-4.04602301150575272004	55.59484112495344021454
-4.03401700850425193323	55.69171236330709717777
-4.02201100550275114642	55.77328801884774378550
-4.01000500250125035961	55.83966665464267009611
-3.99799899949975001689	55.89108971064160158448
-3.98599299649824923009	55.92794109297688720517
-3.97398699349674844328	55.95074442834680183978
-3.96198099049524765647	55.96015793112304237411
-3.94997498749374686966	55.95696687303910721312
-3.93796898449224608285	55.94207368931795798517
-3.92596298149074529604	55.91648580010197377987
-3.91395697848924450923	55.88130127122582280208
-3.90195097548774372243	55.83769248286399999870
-3.88994497248624293562	55.78688801751550840891
-3.87793896948474259290	55.73015301928541020970
-3.86593296648324180609	55.66876831363533284502
-3.85392696348174101928	55.60400860988530524764
-3.84192096048024023247	55.53712013699654193033
-3.82991495747873944566	55.46929808585643684182
-3.81790895447723865885	55.40166424781796195020
-3.80590295147573787204	55.33524524911025110896
-3.79389694847423708524	55.27095178354310434088
-3.78189094547273629843	55.20955924140705661785
-3.76988494247123551162	55.15169012048664853864
-3.75787893946973472481	55.09779858566052723745
-3.74587293646823393800	55.04815751680379776190
-3.73386693346673315119	55.00284835092463708861
-3.72186093046523280847	54.96175398408917800452
-3.70985492746373202166	54.92455495228502826421
-3.69784892446223123486	54.89072905864085072380
-3.68584292146073044805	54.85955455817558856779
-3.67383691845922966124	54.83011695141872365866
-3.66183091545772887443	54.80131937583858103835
-3.64982491245622808762	54.77189652012776122092
-3.63781890945472730081	54.74043192216750242096
-3.62581290645322651400	54.70537844810481686864
-3.61380690345172572719	54.66508168861791716608
-3.60180090045022494039	54.61780595029702567444
-3.58979489744872415358	54.56176246627683923407
-3.57778889444722381086	54.49513940191468464036
-3.56578289144572302405	54.41613318942786747812
-3.55377688844422223724	54.32298069090041536811
-3.54177088544272145043	54.21399166273749159473
-3.52976488244122066362	54.08758097714638779507
-3.51775887943971987681	53.94230004806293266029
-3.50575287643821909001	53.77686691046606171085
-3.49374687343671830320	53.59019441340026190801
-3.48174087043521751639	53.38141600824508969936
-3.46973486743371672958	53.14990864463810993357
-3.45772886443221594277	52.89531232659470560975
-3.44572286143071515596	52.61754593021692727461
-3.43371685842921481324	52.31681894121471287917
-3.42171085542771402643	51.99363883438490319122
-3.40970485242621323962	51.64881388716838728214
-3.39769884942471245282	51.28345129426520543348
-3.38569284642321166601	50.89895052875373693269
-3.37368684342171087920	50.49699197586777188462
-3.36168084042021009239	50.07952094710597634730
-3.34967483741870930558	49.64872726321723916953
-3.33766883441720851877	49.20702067334775620111
-3.32566283141570773196	48.75700245279507782925
-3.31365682841420694515	48.30143359197977304120
-3.30165082541270615835	47.84320005307995415933
-3.28964482241120581563	47.38527562703879425499
-3.27763881940970502882	46.93068297123727461440
-3.26563281640820424201	46.48245344605554407735
-3.25362681340670345520	46.04358639602682501391
-3.24162081040520266839	45.61700853770039287838
-3.22961480740370188158	45.20553412125580194925
-3.21760880440220109477	44.81182652613841810307
-3.20560280140070030797	44.43836193251792110459
-3.19359679839919952116	44.08739568042689427330
-3.18159079539769873435	43.76093188744731321549
-3.16958479239619794754	43.46069684442101532795
-3.15757878939469716073	43.18811664770483815801
-3.14557278639319681801	42.94429945699422290772
-3.13356678339169603120	42.73002269089202087571
-3.12156078039019524439	42.54572538953458149535
-3.10955477738869445758	42.39150588616236348116
-3.09754877438719367078	42.26712483908753625883
-3.08554277138569288397	42.17201358368282626543
-3.07353676838419209716	42.10528767244779402290
-3.06153076538269131035	42.06576538155871247682
-3.04952476238119052354	42.05199087620803766185
-3.03751875937968973673	42.06226164606521678024
-3.02551275637818894992	42.09465974782838770807
-3.01350675337668816312	42.14708632546093269866
-3.00150075037518737631	42.21729882154571100727
-2.98949474737368703359	42.30295024630875388993
-2.97748874437218624678	42.40162983513944539027
-2.96548274137068545997	42.51090440153893723618
-2.95347673836918467316	42.62835968081786575112
-2.94147073536768388635	42.75164096076662190171
-2.92946473236618309954	42.87849230893264262932
-2.91745872936468231273	43.00679373182311593382
-2.90545272636318152593	43.13459563884368463960
-2.89344672336168073912	43.26015003239881195896
-2.88144072036017995231	43.38193790442579000910
-2.86943471735867916550	43.49869238762818923760
-2.85742871435717837869	43.60941728556335306166
-2.84542271135567803597	43.71340068812180135183
-2.83341670835417724916	43.81022346629476516000
-2.82141070535267646235	43.89976253084896740120
-2.80940470235117567555	43.98218883194420669724
-2.79739869934967488874	44.05796016914034396450
-2.78539269634817410193	44.12780897195133178457
-2.77338669334667331512	44.19272529845709840401
-2.76138069034517252831	44.25393538188916409126
-2.74937468734367174150	44.31287613107257072897
-2.73736868434217095469	44.37116605877064046126
-2.72536268134067016788	44.43057317112877058207
-2.71335667833916938108	44.49298040051437652664
-2.70135067533766903836	44.56034920226004203414
-2.68934467233616825155	44.63468196250749997489
-2.67733866933466746474	44.71798387911061922750
-2.66533266633316667793	44.81222498020808586716
-2.65332666333166589112	44.91930293567001797328
-2.64132066033016510431	45.04100729543782222208
-2.62931465732866431750	45.17898575631503632621
-2.61730865432716353070	45.33471301574050471572
-2.60530265132566274389	45.50946271839313794771
-2.59329664832416195708	45.70428294022526927165
-2.58129064532266117027	45.91997558593875794486
-2.56928464232116038346	46.15708000137388467010
-2.55727863931966004074	46.41586102324653495543
-2.54527263631815925393	46.69630160668635454613
-2.53326663331665846712	46.99810008768102420618
-2.52126063031515768031	47.32067205441213531003
-2.50925462731365689351	47.66315672014766136044
-2.49724862431215610670	48.02442761235160872957
-2.48524262131065531989	48.40310731941968214187
-2.47323661830915453308	48.79758596927483438321
-2.46123061530765374627	49.20604305414921242345
-2.44922461230615295946	49.62647216427033214359
-2.43721860930465217265	50.05670815071609069946
-2.42521260630315138584	50.49445620506697451901
-2.41320660330165104313	50.93732232112714797267
-2.40120060030015025632	51.38284459215680755051
-2.38919459729864946951	51.82852479579597826387
-2.37718859429714868270	52.27185972798936575145
-2.36518259129564789589	52.71037176636582444189
-2.35317658829414710908	53.14163817211080953484
-2.34117058529264632227	53.56331867664211188185
-2.32916458229114553546	53.97318094444179337188
-2.31715857928964474866	54.36912355515209327450
-2.30515257628814396185	54.74919620533301412024
-2.29314657328664317504	55.11161689183576584128
-2.28114057028514238823	55.45478590323399004092
-2.26913456728364160142	55.77729651180444392367
-2.25712856428214125870	56.07794232478174478729
-2.24512256128064047189	56.35572131867217393619
-2.23311655827913968508	56.60983664299289586097
-2.22111055527763889827	56.83969433867500242741
-2.20910455227613811147	57.04489817040278865079
-2.19709854927463732466	57.22524182035294870730
-2.18509254627313653785	57.38069873228310768809
-2.17308654327163575104	57.51140992899860293619
-2.16108054027013496423	57.61767015236690525626
-2.14907453726863417742	57.69991269290394342306
-2.13706853426713339061	57.75869328535942770486
-2.12506253126563260381	57.79467344770381487251
-2.11305652826413226109	57.80860363367212073626
-2.10105052526263147428	57.80130655393157468325
-2.08904452226113068747	57.77366099855737502367
-2.07703851925962990066	57.72658646451958475154
-2.06503251625812911385	57.66102885713488035435
-2.05302651325662832704	57.57794749485911722786
-2.04102051025512754023	57.47830360342413058561
-2.02901450725362675342	57.36305043924858182436
-2.01700850425212596662	57.22050621234342315802
-2.00500250125062517981	56.92674834787940341130
-1.99299649824912461504	56.59584318816968817600
-1.98099049524762382823	56.23718669022838412275
-1.96898449224612304143	55.86214985212429695594
-1.95697848924462225462	55.39644912177618607529
-1.94497248624312146781	54.92366986348689295028
-1.93296648324162090304	54.44469908906440736018
-1.92096048024012011624	53.96038365166312189558
-1.90895447723861932943	53.47153502697906901631
-1.89694847423711854262	52.97893436287128565709
-1.88494247123561775581	52.48333754768105308131
-1.87293646823411696900	51.98548006274916133407
-1.86093046523261640424	51.48608140570199509511
-1.84892446223111561743	50.98584889725438529240
-1.83691845922961483062	50.48548071471896037110
-1.82491245622811404381	49.98566802918895035646
-1.81290645322661325700	49.48709615948778406391
-1.80090045022511247019	48.99044469342788232780
-1.78889444722361190543	48.49638656466154174041
-1.77688844422211111862	48.00558611042005452418
-1.76488244122061033181	47.51869617074694218672
-1.75287643821910954500	47.03635432252489323446
-1.74087043521760875819	46.55917837084669486103
-1.72886443221610797139	46.08776124536561979994
-1.71685842921460740662	45.62266546957837931586
-1.70485242621310661981	45.16441738607609579503
-1.69284642321160583300	44.71350133032064633198
-1.68084042021010504619	44.27035394928906697487
-1.66883441720860425939	43.83535885935315690176
-1.65682841420710347258	43.40884183015013775275
-1.64482241120560290781	42.99106666822198263844
-1.63281640820410212100	42.58223195626204216069
-1.62081040520260133420	42.18246878143649780668
-1.60880440220110054739	41.79183956008326106257
-1.59679839919959976058	41.41033803686205061467
-1.58479239619809897377	41.03789050493968915134
-1.57278639319659840901	40.67435826089644024250
-1.56078039019509762220	40.31954127461729342485
-1.54877438719359683539	39.97318302137518486461
-1.53676838419209604858	39.63497639149680651371
-1.52476238119059526177	39.30457056326237363919
-1.51275637818909447496	38.98157869780806805693
-1.50075037518759368815	38.66558629147495196321
-1.48874437218609312339	38.35616000188928609305
-1.47673836918459233658	38.05285674956392938384
-1.46473236618309154977	37.75523288735762861279
-1.45272636318159076296	37.46285322596563815978
-1.44072036018008997615	37.17529970485605161912
-1.42871435717858918935	36.89217950468612627901
-1.41670835417708862458	36.61313240907355037734
-1.40470235117558783777	36.33783724036684503744
-1.39269634817408705096	36.06601721534388360624
-1.38069034517258626416	35.79744409203924959684
-1.36868434217108547735	35.53194100753518114288
-1.35667833916958469054	35.26938393783608916010
-1.34467233616808412577	35.00970174410917223895
-1.33266633316658333896	34.75287480379083859816
-1.32066033016508255216	34.49893225948489572374
-1.30865432716358176535	34.24794795236013555950
-1.29664832416208097854	34.00003513905758723013
-1.28464232116058019173	33.75534012114123783022
-1.27263631815907962697	33.51403494312727104898
-1.26063031515757884016	33.27630933843755656198
-1.24862431215607805335	33.04236212166455288752
-1.23661830915457726654	32.81239223983186548139
-1.22461230615307647973	32.58658970453166858761
-1.21260630315157569292	32.36512663068010198231
-1.20060030015007512816	32.14814860605337543120
-1.18859429714857434135	31.93576660877633699442
-1.17658829414707355454	31.72804967769351591755
-1.16458229114557276773	31.52501852334414422785
-1.15257628814407198092	31.32664024549671921704
-1.14057028514257119411	31.13282429739030376936
-1.12856428214107062935	30.94341980759431010028
-1.11655827913956984254	30.75821433843254482099
-1.10455227613806905573	30.57693412598345616971
-1.09254627313656826892	30.39924581157625382843
-1.08054027013506748212	30.22475963928953390791
-1.06853426713356669531	30.05303405906949976156
-1.05652826413206613054	29.88358164155125606953
-1.04452226113056534373	29.71587617928736690942
-1.03251625812906455693	29.54936082061113111763
-1.02051025512756377012	29.38345705746394642688
-1.00850425212606298331	29.21757436778992556015
-0.99649824912456230752	29.05112029703713361073
-0.98449224612306152071	28.88351075228444742038
-0.97248624312156073390	28.71418027679627016369
-0.96048024012006005812	28.54259207252714602987
-0.94847423711855927131	28.36824754326028852347
-0.93646823411705848450	28.19069514154235278625
-0.92446223111555780871	28.00953831812137195811
-0.91245622811405702191	27.82444239283519493711
-0.90045022511255623510	27.63514019035306645833
-0.88844422211105555931	27.44143631226279467228
-0.87643821910955477250	27.24320994805596640731
-0.86443221610805398569	27.04041616085967802974
-0.85242621310655330991	26.83308561850991580400
-0.84042021010505252310	26.62132277594203344506
-0.82841420710355173629	26.40530255005620219322
-0.81640820410205106050	26.18526556237688041051
-0.80440220110055027369	25.96151205716732945916
-0.79239619809904948688	25.73439463243077085508
-0.78039019509754881110	25.50430994773903137229
-0.76838419209604802429	25.27168959546742854627
-0.75637818909454723748	25.03699034026385206175
-0.74437218609304656169	24.80068394502901796272
-0.73236618309154577489	24.56324681003644982979
-0.72036018009004498808	24.32514965490000591330
-0.70835417708854431229	24.08684747085253974319
-0.69634817408704352548	23.84876996330837073401
-0.68434217108554273867	23.61131269214309824633
-0.67233616808404206289	23.37482909985520862506
-0.66033016508254127608	23.13962359620343178790
-0.64832416208104048927	22.90594584256986010473
-0.63631815907953981348	22.67398635079661062264
-0.62431215607803902667	22.44387348027053263877
-0.61230615307653823987	22.21567188432820572075
-0.60030015007503756408	21.98938242340155113652
-0.58829414707353677727	21.76494352852137836862
-0.57628814407203599046	21.54223396563902426237
-0.56428214107053531468	21.32107691949285310784
-0.55227613806903452787	21.10124528617676276099
-0.54027013506753374106	20.88246803684531371914
-0.52826413206603306527	20.66443749172757904375
-0.51625812906453227846	20.44681732434471399529
-0.50425212606303149165	20.22925110096298340068
-0.49224612306153076036	20.01137115018363843433
-0.48024012006003002906	19.79280755237849476202
-0.46823411705852924225	19.57319703850974690340
-0.45622811405702851095	19.35219159268854483003
-0.44422211105552777965	19.12946656247309817900
-0.43221610805402699285	18.90472809511244633995
-0.42021010505252626155	18.67771973632794768605
-0.40820410205102553025	18.44822805031239099094
-0.39619809904952474344	18.21608714485416058437
-0.38419209604802401214	17.98118201322316167534
-0.37218609304652328085	17.74345063399556821082
-0.36018009004502249404	17.50288480061271201293
-0.34817408704352176274	17.25952968341331228430
-0.33616808404202103144	17.01348215739145786074
-0.32416208104052024463	16.76488795827494371338
-0.31215607803901951334	16.51393775698311117139
-0.30015007503751878204	16.26086226745398377602
-0.28814407203601799523	16.00592652463797094242
-0.27613806903451726393	15.74942348763057609062
-0.26413206603301653264	15.49166713704380882177
-0.25212606303151574583	15.23298524548144428081
-0.24012006003001501453	14.97371200518369782628
-0.22811405702851425548	14.71418069745300982731
-0.21610805402701349642	14.45471658439135786978
-0.20410205102551276513	14.19563019491260291716
-0.19209604802401200607	13.93721116419403571740
-0.18009004502251124702	13.67972276905601525243
-0.16808404202101051572	13.42339728166009571453
-0.15607803901950975667	13.16843224092901820654
-0.14407203601800899762	12.91498771582234894595
-0.13206603301650826632	12.66318460770809117832
-0.12006003001500750726	12.41310401125137197198
-0.10805402701350674821	12.16478762521314394007
-0.09604802401200600304	11.91823917703466051421
-0.08404202101050525786	11.67342679878085753842
-0.07203601800900449881	11.43028626759759802667
-0.06003001500750375363	11.18872500192380137207
-0.04802401200600300152	10.94862668584324794097
-0.03601800900450224940	10.70985637863634920564
-0.02401200600300150076	10.47226595518135106033
-0.01200600300150075038	10.23569971563829916761
0.00000000000000000000	10.00000000000000000000
