-24.00000000000000000000	50.00000000000000000000
-23.98799399699850098955	49.99999610526358395646
-23.97598799399699842638	49.99998631432435303168
-23.96398199099549941593	49.99997404500938102956
-23.95197598799399685277	49.99996338552618624362
-23.93996998499249784231	49.99995892824259158260
-23.92796398199099527915	49.99996553773957685962
-23.91595797898949626870	49.99998803735217478561
-23.90395197598799370553	50.00003080854085624196
-23.89194597298649469508	50.00009731373587840153
-23.87993996998499213191	50.00018957355234761053
-23.86793396698349312146	50.00030764995063492506
-23.85592796398199055830	50.00044920371015422234
-23.84392196098049154784	50.00060920318608737034
-23.83191595797898898468	50.00077985827703486166
-23.81990995497748997423	50.00095083704616172326
-23.80790395197598741106	50.00110979293223323339
-23.79589794897448840061	50.00124319083349178072
-23.78389194597298583744	50.00133737566460467860
-23.77188594297148682699	50.00137978401128435735
-23.75987993996998426383	50.00136016560245622031
-23.74787393696848525337	50.00127166327213501518
-23.73586793396698269021	50.00111160287156053528
-23.72386193096548367976	50.00088187033826869765
-23.71185592796398111659	50.00058880043272324656
-23.69984992496248210614	50.00024256544990919338
-23.68784392196097954297	49.99985612423148495509
-23.67583791895948053252	49.99944386158977494006
-23.66383191595797796936	49.99902010465307711229
-23.65182591295647895890	49.99859773551571606731
-23.63981990995497639574	49.99818712152063682197
-23.62781390695347738529	49.99779555225698146614
-23.61580790395197482212	49.99742730768869591884
-23.60380190095047581167	49.99708439169321394502
-23.59179589794897324850	49.99676786117662885545
-23.57978989494747423805	49.99647957748216953178
-23.56778389194597167489	49.99622411981873426612
-23.55577788894447266443	49.99601054454143422845
-23.54377188594297010127	49.99585366049129930843
-23.53176588294147109082	49.99577452501568330945
-23.51975987993996852765	49.99579994685488060213
-23.50775387693846951720	49.99596090289894334546
-23.49574787393696695403	49.99628992167979646410
-23.48374187093546794358	49.99681763849505244934
-23.47173586793396538042	49.99756886418829537888
-23.45972986493246636996	49.99855861147296565150
-23.44772386193096380680	49.99978857261663733880
-23.43571785892946479635	50.00124452992297818810
-23.42371185592796223318	50.00289510350046384701
-23.41170585292646322273	50.00469210588243385018
-23.39969984992496421228	50.00657259510757768339
-23.38769384692346164911	50.00846251845589307550
-23.37568784392196263866	50.01028164361859751352
-23.36368184092046007549	50.01194930859237075538
-23.35167583791896106504	50.01339040882938746790
-23.33966983491745850188	50.01454099653363982725
-23.32766383191595949143	50.01535289996528632628
-23.31565782891445692826	50.01579687751131331197
-23.30365182591295791781	50.01586398934996680055
-23.29164582291145535464	50.01556507751904945280
-23.27963981990995634419	50.01492846612552511942
-23.26763381690845378102	50.01399619830568354928
-23.25562781390695477057	50.01281928836608159372
-23.24362181090545220741	50.01145256513799353115
-23.23161580790395319696	50.00994970366932079742
-23.21960980490245063379	50.00835898535331125458
-23.20760380190095162334	50.00672020082676993979
-23.19559779889944906017	50.00506293451230277469
-23.18359179589795004972	50.00340627052602116009
-23.17158579289644748656	50.00175976598421812014
-23.15957978989494847610	50.00012537755683439400
-23.14757378689344591294	49.99849992317336244696
-23.13556778389194690249	49.99687762711238292468
-23.12356178089044433932	49.99525233645183419640
-23.11155577788894532887	49.99361910176416756713
-23.09954977488744276570	49.99197496653126648880
-23.08754377188594375525	49.99031898210105140379
-23.07553776888444119209	49.98865162869998357564
-23.06353176588294218163	49.98697394973725494083
-23.05152576288143961847	49.98528677368101114098
-23.03951975987994060802	49.98359039180478902153
-23.02751375687843804485	49.98188497950339126419
-23.01550775387693903440	49.98017190446083191091
-23.00350175087543647123	49.97845587864064498262
-22.99149574787393746078	49.97674771285126382736
-22.97948974487243489762	49.97506725616312905913
-22.96748374187093588716	49.97344597986482028773
-22.95547773886943332400	49.97192862244993705190
-22.94347173586793431355	49.97057336285669038034
-22.93146573286643175038	49.96945013454418926813
-22.91945972986493273993	49.96863691898498416322
-22.90745372686343017676	49.96821413638460285256
-22.89544772386193116631	49.96825754648151729498
-22.88344172086042860315	49.96883034070906148827
-22.87143571785892959269	49.96997530738160264718
-22.85942971485742702953	49.97170804957416123671
-22.84742371185592801908	49.97401220913032915405
-22.83541770885442545591	49.97683749411318387956
-22.82341170585292644546	49.98010103318144103923
-22.81140570285142743501	49.98369221791479333206
-22.79939969984992487184	49.98748078569879282895
-22.78739369684842586139	49.99132749228382976980
-22.77538769384692329822	49.99509637693376618017
-22.76338169084542428777	49.99866738093920304209
-22.75137568784392172461	50.00194797680652669669
-22.73936968484242271415	50.00488251811413675796
-22.72736368184092015099	50.00745822642962679083
-22.71535767883942114054	50.00970706945182797654
-22.70335167583791857737	50.01170321410309327348
-22.69134567283641956692	50.01355620796776690895
-22.67933966983491700375	50.01540049530843390357
-22.66733366683341799330	50.01738225529648218526
-22.65532766383191543014	50.01964481513999061235
-22.64332166083041641969	50.02231401019806611430
-22.63131565782891385652	50.02548482708622401560
-22.61930965482741484607	50.02921048482068044905
-22.60730365182591228290	50.03349481245184193767
-22.59529764882441327245	50.03828841274601302302
-22.58329164582291070928	50.04348871128635067862
-22.57128564282141169883	50.04894363002378554484
-22.55927963981990913567	50.05445833769407926184
-22.54727363681841012522	50.05980434700617109911
-22.53526763381690756205	50.06473016287160504589
-22.52326163081540855160	50.06897273098955736259
-22.51125562781390598843	50.07226906826692669483
-22.49924962481240697798	50.07436763924361144973
-22.48724362181090441482	50.07503923268594547835
-22.47523761880940540436	50.07408724744662009698
-22.46323161580790284120	50.07135738248044987131
-22.45122561280640383075	50.06674672289026517547
-22.43921960980490126758	50.06021212068154113695
-22.42721360680340225713	50.05177760335465819708
-22.41520760380189969396	50.04154034028594111305
-22.40320160080040068351	50.02967450241832381153
-22.39119559779889812035	50.01643221564236796439
-22.37918959479739910989	50.00214077848570326523
-22.36718359179589654673	49.98719542353848765970
-22.35517758879439753628	49.97204716281325431737
-22.34317158579289497311	49.95718565933820798364
-22.33116558279139596266	49.94311757535814422226
-22.31915957978989339949	49.93034140460483882862
-22.30715357678839438904	49.91932033032531990102
-22.29514757378689182588	49.91045508480443260169
-22.28314157078539281542	49.90405904821134441818
-22.27113556778389025226	49.90033785946376809761
-22.25912956478239124181	49.89937558998148148248
-22.24712356178088867864	49.90112905527025333186
-22.23511755877938966819	49.90543114589210205168
-22.22311155577789065774	49.91200321661892047587
-22.21110555277638809457	49.92047567272126684657
-22.19909954977488908412	49.93041504092259685876
-22.18709354677338652095	49.94135511488165946048
-22.17508754377188751050	49.95282931226238787303
-22.16308154077038494734	49.96440123663859367298
-22.15107553776888593688	49.97569063015099999348
-22.13906953476738337372	49.98639241775482844332
-22.12706353176588436327	49.99628732546374010326
-22.11505752876438180010	50.00524351218245300288
-22.10305152576288278965	50.01320967198142852794
-22.09104552276138022648	50.02020101548815489423
-22.07903951975988121603	50.02628030626964061867
-22.06703351675837865287	50.03153661370084392956
-22.05502751375687964241	50.03606458640569343288
-22.04302151075537707925	50.03994683280122046654
-22.03101550775387806880	50.04324144780117933351
-22.01900950475237550563	50.04597592160683916518
-22.00700350175087649518	50.04814771668215911404
-21.99499749874937393201	50.04973083188658478093
-21.98299149574787492156	50.05068682091756215868
-21.97098549274637235840	50.05097811346868041937
-21.95897948974487334795	50.05058118849005666107
-21.94697348674337078478	50.04949721285334618415
-21.93496748374187177433	50.04775817875940902013
-21.92296148074036921116	50.04542729270557543941
-21.91095547773887020071	50.04259328822841013107
-21.89894947473736763754	50.03935932460323954274
-21.88694347173586862709	50.03582805238117714453
-21.87493746873436606393	50.03208513914431421199
-21.86293146573286705348	50.02818394591415795958
-21.85092546273136449031	50.02413405832561466013
-21.83891945972986547986	50.01989599062540037266
-21.82691345672836291669	50.01538363342586990257
-21.81490745372686390624	50.01047499761036618793
-21.80290145072536134307	50.00503064653884166546
-21.79089544772386233262	49.99891805985991055650
-21.77888944472235976946	49.99203919128632378488
-21.76688344172086075901	49.98435780864357980136
-21.75487743871935819584	49.97592294002574675460
-21.74287143571785918539	49.96688494699903060337
-21.73086543271635662222	49.95750139801689471142
-21.71885942971485761177	49.94813095738484065578
-21.70685342671335504861	49.93921482083917595673
-21.69484742371185603815	49.93124666465659089454
-21.68284142071035347499	49.92473345984639365724
-21.67083541770885446454	49.92015066863744010561
-21.65882941470735545408	49.91789614407336728164
-21.64682341170585289092	49.91824739457160831080
-21.63481740870435388047	49.92132670828283380615
-21.62281140570285131730	49.92707797185406093377
-21.61080540270135230685	49.93525793760039732661
-21.59879939969984974368	49.94544331335778508674
-21.58679339669835073323	49.95705352449164138307
-21.57478739369684817007	49.96938749526675138668
-21.56278139069534915961	49.98167147765190776454
-21.55077538769384659645	49.99311395427659476809
-21.53876938469234758600	50.00296305229070270570
-21.52676338169084502283	50.01056176961596833053
-21.51475737868934601238	50.01539662501957650420
-21.50275137568784344921	50.01713604057535889069
-21.49074537268634443876	50.01565575309922451197
-21.47873936968484187560	50.01104970991877252118
-21.46673336668334286514	50.00362610641605698447
-21.45472736368184030198	49.99388934959397801094
-21.44272136068034129153	49.98250968737573174394
-21.43071535767883872836	49.97028296316254625253
-21.41870935467733971791	49.95808341080334713524
-21.40670335167583715474	49.94681260219878282669
-21.39469734867433814429	49.93734763163208612013
-21.38269134567283558113	49.93049141876979035715
-21.37068534267133657067	49.92692769358288984449
-21.35867933966983400751	49.92718284389879812579
-21.34667333666833499706	49.93159639906915003849
-21.33466733366683243389	49.94030151196830047411
-21.32266133066533342344	49.95321638784817253054
-21.31065532766383086027	49.97004717902347437075
-21.29864932466233184982	49.99030239794894470151
-21.28664332166082928666	50.01331837900481502857
-21.27463731865933027620	50.03829473399799354638
-21.26263131565782771304	50.06433811039228487516
-21.25062531265632870259	50.09051191084406440268
-21.23861930965482613942	50.11588902732958672459
-21.22661330665332712897	50.13960416025543764817
-21.21460730365182456580	50.16090201700935580220
-21.20260130065032555535	50.17917769368389002693
-21.19059529764882299219	50.19400589525824329939
-21.17858929464732398174	50.20515636557748706537
-21.16658329164582141857	50.21259395639641809339
-21.15457728864432240812	50.21646309280720998913
-21.14257128564281984495	50.21705787246362717724
-21.13056528264132083450	50.21478051393178532180
-21.11855927963981827133	50.21009217170416150111
-21.10655327663831926088	50.20346109062053585603
-21.09454727363681669772	50.19531353519030147936
-21.08254127063531768727	50.18599280230391457280
-21.07053526763381867681	50.17573087766091077810
-21.05852926463231611365	50.16463597167084742523
-21.04652326163081710320	50.15269739116078540064
-21.03451725862931454003	50.13980715759687711852
-21.02251125562781552958	50.12579570688969710091
-21.01050525262631296641	50.11047715655752909925
-20.99849924962481395596	50.09369824758904599094
-20.98649324662331139280	50.07538436089414801700
-20.97448724362181238234	50.05557609869340041087
-20.96248124062030981918	50.03445084243551121972
-20.95047523761881080873	50.01232537987782933442
-20.93846923461730824556	49.98963796329849174072
-20.92646323161580923511	49.96691076293643618556
-20.91445722861430667194	49.94469630356188361020
-20.90245122561280766149	49.92351378779108017625
-20.89044522261130509833	49.90378291007728250861
-20.87843921960980608787	49.88576360553076227689
-20.86643321660830352471	49.86951000956133128739
-20.85442721360680451426	49.85484569885044692228
-20.84242121060530195109	49.84136514032522313755
-20.83041520760380294064	49.82846341219106278686
-20.81840920460230037747	49.81539299693821476467
-20.80640320160080136702	49.80134315948595258305
-20.79439719859929880386	49.78553450987924833271
-20.78239119559779979340	49.76731917308917019227
-20.77038519259629723024	49.74627583480750558920
-20.75837918959479821979	49.72228897306806061351
-20.74637318659329565662	49.69560285359624174362
-20.73436718359179664617	49.66684324840198883066
-20.72236118059029408300	49.63700308332589372640
-20.71035517758879507255	49.60739197435059821828
-20.69834917458729250939	49.57955345152293347155
-20.68634317158579349893	49.55515715417598698878
-20.67433716858429093577	49.53587600926920231359
-20.66233116558279192532	49.52326005891110582979
-20.65032516258128936215	49.51861899034893355065
-20.63831915957979035170	49.52292449646978411693
-20.62631315657828778853	49.53674146512401677001
-20.61430715357678877808	49.56019390966007875932
-20.60230115057528621492	49.59296786939365375702
-20.59029514757378720446	49.63434965235172313669
-20.57828914457228464130	49.68329420368701931920
-20.56628314157078563085	49.73851546402649859147
-20.55427713856928306768	49.79858864952425534511
-20.54227113556778405723	49.86205363409096236182
-20.53026513256628149406	49.92750909523238078691
-20.51825912956478248361	49.99368870245688611931
-20.50625312656327992045	50.05951315369718201964
-20.49424712356178090999	50.12411497190189635376
-20.48224112056028189954	50.18683627363637356211
-20.47023511755877933638	50.24720281724957260394
-20.45822911455728032593	50.30488017207993323154
-20.44622311155577776276	50.35961954614587909873
-20.43421710855427875231	50.41120150452518799966
-20.42221110555277618914	50.45938546986693751251
-20.41020510255127717869	50.50387161426455406854
-20.39819909954977461553	50.54427973374676952290
-20.38619309654827560507	50.58014723000909640405
-20.37418709354677304191	50.61094573776351523975
-20.36218109054527403146	50.63611355798300195374
-20.35017508754377146829	50.65509917243932136444
-20.33816908454227245784	50.66740993148587790529
-20.32616308154076989467	50.67265963349252189118
-20.31415707853927088422	50.67060915045292546210
-20.30215107553776832106	50.66119539661664106234
-20.29014507253626931060	50.64454559761110630234
-20.27813906953476674744	50.62097575283581818439
-20.26613306653326773699	50.59097412946910310438
-20.25412706353176517382	50.55517233265039322987
-20.24212106053026616337	50.51430776056097471383
-20.23011505752876360020	50.46918194341117924751
-20.21810905452726458975	50.42061933412943375288
-20.20610305152576202659	50.36943060365850044491
-20.19409704852426301613	50.31638350808226078925
-20.18209104552276045297	50.26218310631593766402
-20.17008504252126144252	50.20746171253364309450
-20.15807903951975887935	50.15277766364591371939
-20.14607303651825986890	50.09862093875578636926
-20.13406703351675730573	50.04542300579193891963
-20.12206103051525829528	49.99356804952634547590
-20.11005502751375573212	49.94340294800293378330
-20.09804902451225672166	49.89524394374839033617
-20.08604302151075415850	49.84937878822382373301
-20.07403701850925514805	49.80606408211036040257
-20.06203101550775258488	49.76551844471135410686
-20.05002501250625357443	49.72791289398554681611
-20.03801900950475101126	49.69336030931101788610
-20.02601300650325200081	49.66190603175991924445
-20.01400700350174943765	49.63352152970531250276
-20.00200100050025042719	49.60810266383048627858
-19.98999499749874786403	49.58547350210779569579
-19.97798899449724885358	49.56539595852573398815
-19.96598299149574629041	49.54758485863663253213
-19.95397698849424727996	49.53172745711184177253
-19.94197098549274471679	49.51750600946596136964
-19.92996498249124570634	49.50462176242011480554
-19.91795897948974314318	49.49281867307154669788
-19.90595297648824413272	49.48190526666803634726
-19.89394697348674512227	49.47177324881546667257
-19.88194097048524255911	49.46241174673871654477
-19.86993496748374354866	49.45391631817782496228
-19.85792896448224098549	49.44649210406480221991
-19.84592296148074197504	49.44045070262905028358
-19.83391695847923941187	49.43620052093526595627
-19.82191095547774040142	49.43423054583114861771
-19.80990495247623783825	49.43508770925058826151
-19.79789894947473882780	49.43934833875444923024
-19.78589294647323626464	49.44758460323104287681
-19.77388694347173725419	49.46032737981627036561
-19.76188094047023469102	49.47802754331650021413
-19.74987493746873568057	49.50101824392097427108
-19.73786893446723311740	49.52948119811462390771
-19.72586293146573410695	49.56342026507574871630
-19.71385692846423154378	49.60264551604340255153
-19.70185092546273253333	49.64677055225644153325
-19.68984492246122997017	49.69522495694076269501
-19.67783891945973095972	49.74728250468512413818
-19.66583291645822839655	49.80210418719823195488
-19.65382691345672938610	49.85879339806860599538
-19.64182091045522682293	49.91645894820732820563
-19.62981490745372781248	49.97428018073161126722
-19.61780890445222524932	50.03156753815235902039
-19.60580290145072623886	50.08781168964058139181
-19.59379689844922367570	50.14271487025044393704
-19.58179089544772466525	50.19619944615367046481
-19.56978489244622210208	50.24839082559228131686
-19.55777888944472309163	50.29957450535845708828
-19.54577288644322052846	50.35013000707599672978
-19.53376688344172151801	50.40044738222994880061
-19.52176088044021895485	50.45083448950838089786
-19.50975487743871994439	50.50142503078297551156
-19.49774887443721738123	50.55209809520730601662
-19.48574287143571837078	50.60241953126065084234
-19.47373686843421580761	50.65161380516397571228
-19.46173086543271679716	50.69857222046487521538
-19.44972486243121423399	50.74189972165689965777
-19.43771885942971522354	50.77999835994921085103
-19.42571285642821266038	50.81118131910265134366
-19.41370685342671364992	50.83380767063933092231
-19.40170085042521108676	50.84642520884388261493
-19.38969484742371207631	50.84790717829073969369
-19.37768884442220951314	50.83756868558688779558
-19.36568284142071050269	50.81525014753349722696
-19.35367683841920793952	50.78135814985840568170
-19.34167083541770892907	50.73685827681510573939
-19.32966483241620636591	50.68321937807916555130
-19.31765882941470735545	50.62231382357186504350
-19.30565282641320834500	50.55628298214060833971
-19.29364682341170578184	50.48738090304670578234
-19.28164082041020677138	50.41781153626089917452
-19.26963481740870420822	50.34957550991554597886
-19.25762881440720519777	50.28434139449129958166
-19.24562281140570263460	50.22335363377362682513
-19.23361680840420362415	50.16738521884263235506
-19.22161080540270106098	50.11673819145546815434
-19.20960480240120205053	50.07128976212522530886
-19.19759879939969948737	50.03057682971645903081
-19.18559279639820047692	49.99390757264040985319
-19.17358679339669791375	49.96048602194129983900
-19.16158079039519890330	49.92953443794235113273
-19.14957478739369634013	49.90039901038267089461
-19.13756878439219732968	49.87262679088347994139
-19.12556278139069476651	49.84600555017522083290
-19.11355677838919575606	49.82056297146205992021
-19.10155077538769319290	49.79652667875366489625
-19.08954477238619418245	49.77425144903356368786
-19.07753876938469161928	49.75412399728246271025
-19.06553276638319260883	49.73645848235288013939
-19.05352676338169004566	49.72139704419997485729
-19.04152076038019103521	49.70882912506098705308
-19.02951475737868847204	49.69834112821047966690
-19.01750875437718946159	49.68920439814581868632
-19.00550275137568689843	49.68040499173511648223
-18.99349674837418788798	49.67071378066339804036
-18.98149074537268532481	49.65879065093990618607
-18.96948474237118631436	49.64331248790824702155
-18.95747873936968375119	49.62311170911633695368
-18.94547273636818474074	49.59731064823277080222
-18.93346673336668217758	49.56543724619161395140
-18.92146073036518316712	49.52750923430777874046
-18.90945472736368060396	49.48407708953932626628
-18.89744872436218159351	49.43622015251528978297
-18.88544272136067903034	49.38549497317384862072
-18.87343671835918001989	49.33383968921482676251
-18.86143071535767745672	49.28344256047676452681
-18.84942471235617844627	49.23658624987276510865
-18.83741870935467588311	49.19548173349771502672
-18.82541270635317687265	49.16210664509436156777
-18.81340670335167430949	49.13806236346077582766
-18.80140070035017529904	49.12446232671566548333
-18.78939469734867273587	49.12186111914732578043
-18.77738869434717372542	49.13023013397192784169
-18.76538269134567116225	49.14898143711270250833
-18.75337668834417215180	49.17703723221958256318
-18.74137068534266958864	49.21293842867651591177
-18.72936468234117057818	49.25498256759888704437
-18.71735867933967156773	49.30137901901872510280
-18.70535267633816900457	49.35040809210345003066
-18.69334667333666999411	49.40057057036601406708
-18.68134067033516743095	49.45071517311203024292
-18.66933466733366842050	49.50013344503194900881
-18.65732866433216585733	49.54861440725277077490
-18.64532266133066684688	49.59645472780074015873
-18.63331665832916428371	49.64442391075149174640
-18.62131065532766527326	49.69368776457651648570
-18.60930465232616271010	49.74569689345091916266
-18.59729864932466369964	49.80204988070996563465
-18.58529264632316113648	49.86434295820819073697
-18.57328664332166212603	49.93401909088019863248
-18.56128064032015956286	50.01222943542317267429
-18.54927463731866055241	50.09971902362973139589
-18.53726863431715798924	50.19674633632045157583
-18.52526263131565897879	50.30304333163103791549
-18.51325662831415641563	50.41781872184127877290
-18.50125062531265740517	50.53980318369940505363
-18.48924462231115484201	50.66733111983884185747
-18.47723861930965583156	50.79844996654931321700
-18.46523261630815326839	50.93104525192662634936
-18.45322661330665425794	51.06296797562941947035
-18.44122061030515169477	51.19215063553761524417
-18.42921460730365268432	51.31669946334157828005
-18.41720860430215012116	51.43495309143219174075
-18.40520260130065111071	51.54550173682258673580
-18.39319659829914854754	51.64716568369176741271
-18.38119059529764953709	51.73893688447875405245
-18.36918459229614697392	51.81989231824785946401
-18.35717858929464796347	51.88909177057020372104
-18.34517258629314540030	51.94547541282886271574
-18.33316658329164638985	51.98777756270341399158
-18.32116058029014382669	52.01447208021272672340
-18.30915457728864481624	52.02376198867224132982
-18.29714857428714225307	52.01362133065298110068
-18.28514257128564324262	51.98189141633714172031
-18.27313656828414067945	51.92642711383623321808
-18.26113056528264166900	51.84528239951499983817
-18.24912456228113910583	51.73691879367279966573
-18.23711855927964009538	51.60041625612559101910
-18.22511255627813753222	51.43566416282209985411
-18.21310655327663852177	51.24351046224878558633
-18.20110055027513595860	51.02585008026731827613
-18.18909454727363694815	50.78563887385216446546
-18.17708854427213438498	50.52682642207663832323
-18.16508254127063537453	50.25420895590153236299
-18.15307653826913281137	49.97321189160721388589
-18.14107053526763380091	49.68961882725718481879
-18.12906453226613479046	49.40926963447924435968
-18.11705852926463222730	49.13775374653554450788
-18.10505252626313321684	48.88012548193558615139
-18.09304652326163065368	48.64066613710247821700
-18.08104052026013164323	48.42271284928755648025
-18.06903451725862908006	48.22856739822248783867
-18.05702851425713006961	48.05948995566003389968
-18.04502251125562750644	47.91577423453925632657
-18.03301650825412849599	47.79689250439108860746
-18.02101050525262593283	47.70169242008467591631
-18.00900450225112692237	47.62862326384311018046
-17.99699849924962435921	47.57596745995585507671
-17.98499249624812534876	47.54205419881535021887
-17.97298649324662278559	47.52543548043681198578
-17.96098049024512377514	47.52501033765042137702
-17.94897448724362121197	47.54008967990721146180
-17.93696848424212220152	47.57040123978200796273
-17.92496248124061963836	47.61604062747603904882
-17.91295647823912062790	47.67737973357822767184
-17.90095047523761806474	47.75494710417835619864
-17.88894447223611905429	47.84929615923296353230
-17.87693846923461649112	47.96087625585003166861
-17.86493246623311748067	48.08991892715690852356
-17.85292646323161491750	48.23634770719296227526
-17.84092046023011590705	48.39971548517976884796
-17.82891445722861334389	48.57916906165879566970
-17.81690845422711433343	48.77343717434649761344
-17.80490245122561177027	48.98083621815634103314
-17.79289644822411275982	49.19928744690048461052
-17.78089044522261019665	49.42634057275612491367
-17.76888444222111118620	49.65920105444682519646
-17.75687843921960862303	49.89476144039544180941
-17.74487243621810961258	50.12964022464282720648
-17.73286643321660704942	50.36023407074322477683
-17.72086043021510803896	50.58279034525266126820
-17.70885442721360547580	50.79350626322621309328
-17.69684842421210646535	50.98865845204720415040
-17.68484242121060390218	51.16476257865895149735
-17.67283641820910489173	51.31875736426182754712
-17.66083041520760232856	51.44820158970284040834
-17.64882441220610331811	51.55146748627665687081
-17.63681840920460075495	51.62791014274773715442
-17.62481240620310174450	51.67799104887786398876
-17.61280640320159918133	51.70333518963043673011
-17.60080040020010017088	51.70670539128949627639
-17.58879439719859760771	51.69188466974598838988
-17.57678839419709859726	51.66346649102108301577
-17.56478239119559603409	51.62656311473630665887
-17.55277638819409702364	51.58645230054533215025
-17.54077038519259801319	51.54819127974344183940
-17.52876438219109545003	51.51623279017940859603
-17.51675837918959643957	51.49408017709018281494
-17.50475237618809387641	51.48401653418994783351
-17.49274637318659486596	51.48693658015184126953
-17.48074037018509230279	51.50229997360079892132
-17.46873436718359329234	51.52821211769414588844
-17.45672836418209072917	51.56162464709908732630
-17.44472236118059171872	51.59863440668496537000
-17.43271635817908915556	51.63484851798288133296
-17.42071035517759014510	51.66577557187817149043
-17.40870435217608758194	51.68720015349637009194
-17.39669834917458857149	51.69550029226323317744
-17.38469234617308600832	51.68787486788098561874
-17.37268634317158699787	51.66245965660395711438
-17.36068034017008443470	51.61832515709709667817
-17.34867433716858542425	51.55536476420196834169
-17.33666833416708286109	51.47409625121343168530
-17.32466233116558385063	51.37541094374265071565
-17.31265632816408128747	51.26031182629695592823
-17.30065032516258227702	51.12968308462302502448
-17.28864432216107971385	50.98412894071875456348
-17.27663831915958070340	50.82390955708599733498
-17.26463231615807814023	50.64898749497259444752
-17.25262631315657912978	50.45918154114261966470
-17.24062031015507656662	50.25440788778443135243
-17.22861430715357755616	50.03497398062758350079
-17.21660830415207499300	49.80187995530403100020
-17.20460230115057598255	49.55707807898435390825
-17.19259629814907341938	49.30364288980145204278
-17.18059029514757440893	49.04581379050752332205
-17.16858429214607184576	48.78888680451140658079
-17.15657828914457283531	48.53895131577962729352
-17.14457228614307027215	48.30248853460394542481
-17.13256628314157126169	48.08586846278740978278
-17.12056028014006869853	47.89479857776218096888
-17.10855427713856968808	47.73378797124259875773
-17.09654827413706712491	47.60569359087269702968
-17.08454227113556811446	47.51140978231806144549
-17.07253626813406555129	47.44974879784601284882
-17.06053026513256654084	47.41753965394828185254
-17.04852426213106397768	47.40994792455272488496
-17.03651825912956496722	47.42099264434892802456
-17.02451225612806240406	47.44421167664140881470
-17.01250625312656339361	47.47340679656911532902
-17.00050025012506083044	47.50338700009607606489
-16.98849424712356181999	47.53062499604625656957
-16.97648824412206280954	47.55374822501039488998
-16.96448224112056024637	47.57380163512689108529
-16.95247623811906123592	47.59424322369537918576
-16.94047023511755867275	47.62066242318585551629
-16.92846423211605966230	47.66024247118044598892
-16.91645822911455709914	47.72101734913302095720
-16.90445222611305808869	47.81099822313828440201
-16.89244622311155552552	47.93726063900241740612
-16.88044022011005651507	48.10508999211756275827
-16.86843421710855395190	48.31727815210160770221
-16.85642821410705494145	48.57364899205430219808
-16.84442221110555237829	48.87086660706774665641
-16.83241620810405336783	49.20254990380606585632
-16.82041020510255080467	49.55968442360443049211
-16.80840420210105179422	49.93129046288792238784
-16.79639819909954923105	50.30527938510191887644
-16.78439219609805022060	50.66941052917862009508
-16.77238619309654765743	51.01225144697297508856
-16.76038019009504864698	51.32404532186664880555
-16.74837418709354608382	51.59740104565980090001
-16.73636818409204707336	51.82774206180904741359
-16.72436218109054451020	52.01347720561700072039
-16.71235617808904549975	52.15588717262455276114
-16.70035017508754293658	52.25875040757910028333
-16.68834417208604392613	52.32775873008518630058
-16.67633816908454136296	52.36979302131202018700
-16.66433216608304235251	52.39214075804108716738
-16.65232616308153978935	52.40173912821190782552
-16.64032016008004077889	52.40452007223814945291
-16.62831415707853821573	52.40491812601604237898
-16.61630815407703920528	52.40558054606184867907
-16.60430215107553664211	52.40729462466228483208
-16.59229614807403763166	52.40912234636279265487
-16.58029014507253506849	52.40871046105247899050
-16.56828414207103605804	52.40272704903085099204
-16.55627813906953349488	52.38736538934066544471
-16.54427213606803448442	52.35885317415329609503
-16.53226613306653192126	52.31390965558870220775
-16.52026013006503291081	52.25010411683013700213
-16.50825412706353034764	52.16608439135387698116
-16.49624812406203133719	52.06166184990741641059
-16.48424212106052877402	51.93775704193559050736
-16.47223611805902976357	51.79622588975792041310
-16.46023011505752720041	51.63959828498565940436
-16.44822411205602818995	51.47076802869609934987
-16.43621810905452562679	51.29267489002531732467
-16.42421210605302661634	51.10801642563127700214
-16.41220610305152405317	50.91901999439257764379
-16.40020010005002504272	50.72729543341036873016
-16.38819409704852603227	50.53377766072340193659
-16.37618809404702346910	50.33875755170016219608
-16.36418209104552445865	50.14199009678103635679
-16.35217608804402189548	49.94286201190298157826
-16.34017008504252288503	49.74059710253543897807
-16.32816408204102032187	49.53447676816472267092
-16.31615807903952131142	49.32405465434331404140
-16.30415207603801874825	49.10934789776393927241
-16.29214607303651973780	48.89099180865878224722
-16.28014007003501717463	48.67034935675972917579
-16.26813406703351816418	48.44957079775860364634
-16.25612806403201560101	48.23160178712905832299
-16.24412206103051659056	48.02014027798866635521
-16.23211605802901402740	47.81954358422381545779
-16.22011005502751501695	47.63468762598915162698
-16.20810405202601245378	47.47078108628600290331
-16.19609804902451344333	47.33313849256594352255
-16.18409204602301088016	47.22691843837643688175
-16.17208604302151186971	47.15683636298504666229
-16.16008004002000930655	47.12686528948629671731
-16.14807403701851029609	47.13994216133471581998
-16.13606803401700773293	47.19770115885993533311
-16.12406203101550872248	47.30025775499670714908
-16.11205602801400615931	47.44606745963550054057
-16.10005002501250714886	47.63188058611481068283
-16.08804402201100458569	47.85280868128490538993
-16.07603801900950557524	48.10250966894726332157
-16.06403201600800301208	48.37348792226575255881
-16.05202601300650400162	48.65749349913251364796
-16.04002001000500143846	48.94599306216306899842
-16.02801400700350242801	49.23067512173179238744
-16.01600800400199986484	49.50394567193215067391
-16.00400200100050085439	49.75936822220483435331
-15.99199599799900006758	49.99200535000060341417
-15.97998999499749928077	50.19862726066187974538
-15.96798399199599849396	50.37776578899965329583
-15.95597798899449770715	50.52960850033396411618
-15.94397198599299692034	50.65574520733691343821
-15.93196598299149613354	50.75879616392219872978
-15.91995997998999534673	50.84196524545345141632
-15.90795397698849455992	50.90857065399205794165
-15.89594797398699377311	50.96160871364521227633
-15.88394197098549298630	51.00340251250378997838
-15.87193596798399219949	51.03537674727485295989
-15.85992996498249141268	51.05798425977011589794
-15.84792396198099062588	51.07079031449909933826
-15.83591795897948983907	51.07270009133505084264
-15.82391195597798905226	51.06229582997372062891
-15.81190595297648826545	51.03823512014233898526
-15.79989994997498747864	50.99965307260740843276
-15.78789394697348669183	50.94650985422437372563
-15.77588794397198590502	50.87983167792313565769
-15.76388194097048511821	50.80180710812162203638
-15.75187593796898433141	50.71571978825470239371
-15.73986993496748354460	50.62572094585117099541
-15.72786393196598275779	50.53646733244810462793
-15.71585792896448197098	50.45266957373686977917
-15.70385192596298118417	50.37860952702285999294
-15.69184592296148039736	50.31769115930794100677
-15.67983991995997961055	50.27208665882363902710
-15.66783391695847882374	50.24252812826514258404
-15.65582791395697803694	50.22827660725862841673
-15.64382191095547725013	50.22727668902833642051
-15.63181590795397646332	50.23647971888460972423
-15.61980990495247567651	50.25229490803251763964
-15.60780390195097488970	50.27110895620501196390
-15.59579789894947410289	50.28980366149941261256
-15.58379189594797331608	50.30619925016194571299
-15.57178589294647252927	50.31935929703094245724
-15.55977988994497174247	50.32971030897851250074
-15.54777388694347095566	50.33895323054982640087
-15.53576788394197016885	50.34977221503284994242
-15.52376188094046938204	50.36537428034424834777
-15.51175587793897037159	50.38891810181623043263
-15.49974987493746958478	50.42290773360182498664
-15.48774387193596879797	50.46863491036363313924
-15.47573786893446801116	50.52575040944836359813
-15.46373186593296722435	50.59203084794530980162
-15.45172586293146643754	50.66338381802006551879
-15.43971985992996565074	50.73410429411288902202
-15.42771385692846486393	50.79736258701032625140
-15.41570785392696407712	50.84587303739549213333
-15.40370185092546329031	50.87266729451346236601
-15.39169584792396250350	50.87187990904453016583
-15.37968984492246171669	50.83944943264141613781
-15.36768384192096092988	50.77364612619874151278
-15.35567783891946014307	50.67535697214649559328
-15.34367183591795935627	50.54808764047938751673
-15.33166583291645856946	50.39767577059589598321
-15.31965982991495778265	50.23174597230307369955
-15.30765382691345699584	50.05896963805467692055
-15.29564782391195620903	49.88821767745391611015
-15.28364182091045542222	49.72770825981341857869
-15.27163581790895463541	49.58425261143831619393
-15.25962981490745384860	49.46268957844414160263
-15.24762381190595306180	49.36557549902521202512
-15.23561780890445227499	49.29316297518136735789
-15.22361180590295148818	49.24366463277220873351
-15.21160580290145070137	49.21376079910803014172
-15.19959979989994991456	49.19927810653446442757
-15.18759379689844912775	49.19594360544172673144
-15.17558779389694834094	49.20010908515056513579
-15.16358179089544755413	49.20934437082595280799
-15.15157578789394676733	49.22281596885598276003
-15.13956978489244598052	49.24139635405226300691
-15.12756378189094519371	49.26748569020050183553
-15.11555777888944440690	49.30456707173797781252
-15.10355177588794362009	49.35655327429997640820
-15.09154577288644283328	49.42701258167271305410
-15.07953976988494204647	49.51837951869078580103
-15.06753376688344125967	49.63126073063246934680
-15.05552776388194047286	49.76393608871406826211
-15.04352176088043968605	49.91213156901516612152
-15.03151575787893889924	50.06910652550944718087
-15.01950975487743811243	50.22605802742500458180
-15.00750375187593732562	50.37280415070689087997
-14.99549774887443653881	50.49867183648213142533
-14.98349174587293575200	50.59348792366215263883
-14.97148574287143496520	50.64855779549908731951
-14.95947973986993417839	50.65751664083362726387
-14.94747373686843339158	50.61695357617573876041
-14.93546773386693260477	50.52673682794578979838
-14.92346173086543359432	50.39000518378104942485
-14.91145572786393280751	50.21283214405540462622
-14.89944972486243202070	50.00360924632322934258
-14.88744372186093123389	49.77222867078612722480
-14.87543771885943044708	49.52916810271483427641
-14.86343171585792966027	49.28459001230607583466
-14.85142571285642887347	49.04756193200896774442
-14.83941970985492808666	48.82548486075186389144
-14.82741370685342729985	48.62378635198821541508
-14.81540770385192651304	48.44589737695917364135
-14.80340170085042572623	48.29349283287152871935
-14.79139569784892493942	48.16693993680515006872
-14.77938969484742415261	48.06587154615336743291
-14.76738369184592336580	47.98978634201105109014
-14.75537768884442257900	47.93857680196227022407
-14.74337168584292179219	47.91289903116373949388
-14.73136568284142100538	47.91432392313931387662
-14.71935967983992021857	47.94524319764479258765
-14.70735367683841943176	48.00854181895223149468
-14.69534767383691864495	48.10708478757856454422
-14.68334167083541785814	48.24309615420188634971
-14.67133566783391707133	48.41752704783463201466
-14.65932966483241628453	48.62951474463257994785
-14.64732366183091549772	48.87602540781116999824
-14.63531765882941471091	49.15175019739184847367
-14.62331165582791392410	49.44929095721983003386
-14.61130565282641313729	49.75963210337692288476
-14.59929964982491235048	50.07285502520484499200
-14.58729364682341156367	50.37901580301829085329
-14.57528764382191077686	50.66908130276041077877
-14.56328164082040999006	50.93580642904524324877
-14.55127563781890920325	51.17443843690064397833
-14.53926963481740841644	51.38315260447777887975
-14.52726363181590762963	51.56315508776825851101
-14.51525762881440684282	51.71842946745583446955
-14.50325162581290605601	51.85514814274904438207
-14.49124562281140526920	51.98081252962706599874
-14.47923961980990448239	52.10322136739691245566
-14.46723361680840369559	52.22938964379140713845
-14.45522761380690290878	52.36454858654372657156
-14.44322161080540212197	52.51134868639856989603
-14.43121560780390133516	52.66936379681398250341
-14.41920960480240054835	52.83495799564641970392
-14.40720360180089976154	53.00153271252638376154
-14.39519759879939897473	53.16012525791451537316
-14.38319159579789818793	53.30028724881863411156
-14.37118559279639740112	53.41113792692920725358
-14.35917958979489661431	53.48246721736731501551
-14.34717358679339582750	53.50575903921440357180
-14.33516758379189681705	53.47501724838063097422
-14.32316158079039603024	53.38730296438650668733
-14.31115557778889524343	53.24292934023845447200
-14.29914957478739445662	53.04530313831113375045
-14.28714357178589366981	52.80044612219843713774
-14.27513756878439288300	52.51626765123671702895
-14.26313156578289209619	52.20168813527162399168
-14.25112556278139130939	51.86572774219595771683
-14.23911955977989052258	51.51667435833087438368
-14.22711355677838973577	51.16142971122852856070
-14.21510755377688894896	50.80510513591356414054
-14.20310155077538816215	50.45090264175184557871
-14.19109554777388737534	50.10027768822045857178
-14.17908954477238658853	49.75334271585784051695
-14.16708354177088580172	49.40943993622213525896
-14.15507753876938501492	49.06779205660355103191
-14.14307153576788422811	48.72813285175856634623
-14.13106553276638344130	48.39122631378298677873
-14.11905952976488265449	48.05920216509029785357
-14.10705352676338186768	47.73566381986089623979
-14.09504752376188108087	47.42555824283305554445
-14.08304152076038029406	47.13483080623748833204
-14.07103551775887950726	46.86991749576648658149
-14.05902951475737872045	46.63714771155045468731
-14.04702351175587793364	46.44214077312954458421
-14.03501750875437714683	46.28927701869583444250
-14.02301150575287636002	46.18131078268613265436
-14.01100550275137557321	46.11916984821066023414
-13.99899949974987478640	46.10195776042095161529
-13.98699349674837399959	46.12714593148676556211
-13.97498749374687321279	46.19091613418324016038
-13.96298149074537242598	46.28859458904616275277
-13.95097548774387163917	46.41510912158359047908
-13.93896948474237085236	46.56540203786489939830
-13.92696348174087006555	46.73474302178004080588
-13.91495747873936927874	46.91890649790641276695
-13.90295147573786849193	47.11420325724004953827
-13.89094547273636770512	47.31738265222801942400
-13.87893946973486691832	47.52544509949012763173
-13.86693346673336613151	47.73542120937026567162
-13.85492746373186534470	47.94418084711756478100
-13.84292146073036455789	48.14833153029074708229
-13.83091545772886377108	48.34425115565794328631
-13.81890945472736298427	48.52827713566770029274
-13.80690345172586219746	48.69704598063274403330
-13.79489744872436141065	48.84794844374411582066
-13.78289144572286062385	48.97964007641610351129
-13.77088544272135983704	49.09252954792808054663
-13.75887943971985905023	49.18916047270248981249
-13.74687343671836003978	49.27440836105306232184
-13.73486743371685925297	49.35543247954147716428
-13.72286143071535846616	49.44135087730708022491
-13.71085542771385767935	49.54264202806545114299
-13.69884942471235689254	49.67031376435685530168
-13.68684342171085610573	49.83491427589159172840
-13.67483741870935531892	50.04548598774574230674
-13.66283141570785453212	50.30857715697538168342
-13.65082541270635374531	50.62742559635535144480
-13.63881940970485295850	51.00141354423249850925
-13.62681340670335217169	51.42586389281332515111
-13.61480740370185138488	51.89220919834932743697
-13.60280140070035059807	52.38852102614691119697
-13.59079539769884981126	52.90034395699350966424
-13.57878939469734902445	53.41174178068280298248
-13.56678339169584823765	53.90643806794523129611
-13.55477738869434745084	54.36892303413339533336
-13.54277138569284666403	54.78540499862005219711
-13.53076538269134587722	55.14450717214398878241
-13.51875937968984509041	55.43764613430971621710
-13.50675337668834430360	55.65907249635436926383
-13.49474737368684351679	55.80560092444121522703
-13.48274137068534272998	55.87609950510487522024
-13.47073536768384194318	55.87084135338655244141
-13.45872936468234115637	55.79083962521375639199
-13.44672336168084036956	55.63728785554043554384
-13.43471735867933958275	55.41121032248347688665
-13.42271135567783879594	55.11339394074042274951
-13.41070535267633800913	54.74462829289599596905
-13.39869934967483722232	54.30622983752544286062
-13.38669334667333643552	53.80077707873865477950
-13.37468734367183564871	53.23294257457149569746
-13.36268134067033486190	52.61028121968391246810
-13.35067533766883407509	51.94382661156599567676
-13.33866933466733328828	51.24836044348073471610
-13.32666333166583250147	50.54225296893486074623
-13.31465732866433171466	49.84682214676761446981
-13.30265132566283092785	49.18521927210508692951
-13.29064532266133014105	48.58091227212678830938
-13.27863931965982935424	48.05589625169791645476
-13.26663331665832856743	47.62880652069496534295
-13.25462731365682778062	47.31313580482480318778
-13.24262131065532699381	47.11576045544165225465
-13.23061530765382620700	47.03595888136837999127
-13.21860930465232542019	47.06506084493901909127
-13.20660330165082463338	47.18680333031410611966
-13.19459729864932384658	47.37839443073004730422
-13.18259129564782305977	47.61220969242045697456
-13.17058529264632404931	47.85797468405657895119
-13.15857928964482326251	48.08523170512801669929
-13.14657328664332247570	48.26585430811238808246
-13.13456728364182168889	48.37636496584951117939
-13.12256128064032090208	48.39982997586721324978
-13.11055527763882011527	48.32714953263639046099
-13.09854927463731932846	48.15762479709881915824
-13.08654327163581854165	47.89876034693302386813
-13.07453726863431775485	47.56534072058867934629
-13.06253126563281696804	47.17789460309104754288
-13.05052526263131618123	46.76072101241948075767
-13.03851925962981539442	46.33969187346957596674
-13.02651325662831460761	45.94006042709111170552
-13.01450725362681382080	45.58449387719200274205
-13.00250125062531303399	45.29151353046141537106
-12.99049524762381224718	45.07447126951311133780
-12.97848924462231146038	44.94112454839083881097
-12.96648324162081067357	44.89380151482727399070
-12.95447723861930988676	44.93008187744347026182
-12.94247123561780909995	45.04386544576263418094
-12.93046523261630831314	45.22666480941862943155
-12.91845922961480752633	45.46894487134239426496
-12.90645322661330673952	45.76134057647381325751
-12.89444722361180595271	46.09561304327888819898
-12.88244122061030516591	46.46524882418892588021
-12.87043521760880437910	46.86566082387616205551
-12.85842921460730359229	47.29400521077277375070
-12.84642321160580280548	47.74867923915189038553
-12.83441720860430201867	48.22860400694990801185
-12.82241120560280123186	48.73241930855445502857
-12.81040520260130044505	49.25772267054508546380
-12.79839919959979965824	49.80047162405852390066
-12.78639319659829887144	50.35463985993355606752
-12.77438719359679808463	50.91217863841333723940
-12.76238119059529729782	51.46329043630978361534
-12.75037518759379651101	51.99697849608146071887
-12.73836918459229572420	52.50179946703072886294
-12.72636318159079493739	52.96672130158992786164
-12.71435717858929415058	53.38197784502281706409
-12.70235117558779336377	53.73981592307353594151
-12.69034517258629257697	54.03504888203819689352
-12.67833916958479179016	54.26535932631176706309
-12.66633316658329100335	54.43132875364539557950
-12.65432716358179021654	54.53620776991194674110
-12.64232116058028942973	54.58547251391814114641
-12.63031515757878864292	54.58623656562619430588
-12.61830915457728785611	54.54660003657301814428
-12.60630315157578706931	54.47501756631330493974
-12.59429714857428628250	54.37975523081337314579
-12.58229114557278727204	54.26848525300231784740
-12.57028514257128648524	54.14804053489746138439
-12.55827913956978569843	54.02432277821878869872
-12.54627313656828491162	53.90233277017024704492
-12.53426713356678412481	53.78627314053295549456
-12.52226113056528333800	53.67966525579088710174
-12.51025512756378255119	53.58542408406322010705
-12.49824912456228176438	53.50584733088150102276
-12.48624312156078097757	53.44249580305866231811
-12.47423711855928019077	53.39596742608727453216
-12.46223111555777940396	53.36559347544208264935
-12.45022511255627861715	53.34910809365756279021
-12.43821910955477783034	53.34235725581672227236
-12.42621310655327704353	53.33911827945399863893
-12.41420710355177625672	53.33109449023675807666
-12.40220110055027546991	53.30813217157375305533
-12.39019509754877468310	53.25868050737965120334
-12.37818909454727389630	53.17048330676010436946
-12.36618309154577310949	53.03145821323519726320
-12.35417708854427232268	52.83068948574931766871
-12.34217108554277153587	52.55943858275745839137
-12.33016508254127074906	52.21206601997180740682
-12.31815907953976996225	51.78676021297268761145
-12.30615307653826917544	51.28598445177682663143
-12.29414707353676838864	50.71658021910194236170
-12.28214107053526760183	50.08950062310234585539
-12.27013506753376681502	49.41918747360082875275
-12.25812906453226602821	48.72264459777568390564
-12.24612306153076524140	48.01829352717442134235
-12.23411705852926445459	47.32472154239462724945
-12.22211105552776366778	46.65944331745766504582
-12.21010505252626288097	46.03779475429221434979
-12.19809904952476209417	45.47206149706004651989
-12.18609304652326130736	44.97091721178305334661
-12.17408704352176052055	44.53921153807721822204
-12.16208104052025973374	44.17810909593650592342
-12.15007503751875894693	43.88554379478964762029
-12.13806903451725816012	43.65692135695606168611
-12.12606303151575737331	43.48598095615678715831
-12.11405702851425658650	43.36571638197925437908
-12.10205102551275579970	43.28925880117807167835
-12.09004502251125501289	43.25063602935544082584
-12.07803901950975422608	43.24534488346742477916
-12.06603301650825343927	43.27070026745094821763
-12.05402701350675265246	43.32595324955281057555
-12.04202101050525186565	43.41219667282083349846
-12.03001500750375107884	43.53209754129039765758
-12.01800900450225029203	43.68950830835910181804
-12.00600300150074950523	43.88901331895549162709
-11.99399699849925049477	44.14132551849005636768
-11.98199099549774970797	44.45020329974862960398
-11.96998499249624892116	44.81332541288986703876
-11.95797898949474813435	45.23358958295383303039
-11.94597298649324734754	45.71274682396541066964
-11.93396698349174656073	46.25120389311504709440
-11.92196098049024577392	46.84785759418478079397
-11.90995497748874498711	47.49994634557734940472
-11.89794897448724420030	48.20291296079061993396
-11.88594297148574341350	48.95028459742352566764
-11.87393696848424262669	49.73358861990435286771
-11.86193096548274183988	50.54233374298765824051
-11.84992496248124105307	51.36409158180753564693
-11.83791895947974026626	52.18471266237515493458
-11.82591295647823947945	52.98870217655840519910
-11.81390695347673869264	53.75976473800718480334
-11.80190095047523790583	54.48150586409241213914
-11.78989494747373711903	55.13825373909664051553
-11.77788894447223633222	55.71594159597295714548
-11.76588294147073554541	56.20297258457834743695
-11.75387693846923475860	56.59097869876001141165
-11.74187093546773397179	56.87538571517769980801
-11.72986493246623318498	57.05570828898437696353
-11.71785892946473239817	57.13552286032123106452
-11.70585292646323161136	57.12209868593868122844
-11.69384692346173082456	57.02570548880814271797
-11.68184092046023003775	56.85865523764192630551
-11.66983491745872925094	56.63417030080439218409
-11.65782891445722846413	56.36519577807482050957
-11.64582291145572767732	56.06328624201407251348
-11.63381690845422689051	55.73769398568745714329
-11.62181090545272610370	55.39476667934410869520
-11.60980490245122531690	55.03772869191440975101
-11.59779889944972453009	54.66687582952534540937
-11.58579289644822374328	54.28016307981751253919
-11.57378689344672295647	53.87411530696422801157
-11.56178089044522216966	53.44494810348958679924
-11.54977488744372138285	52.98975592969556913658
-11.53776888444222059604	52.50761160989907949670
-11.52576288144071980923	52.00042752569714821220
-11.51375687843921902243	51.47345436107018912253
-11.50175087543771823562	50.93533544218689002037
-11.48974487243621744881	50.39768877458676854530
-11.47773886943471666200	49.87424832725424295177
-11.46573286643321587519	49.37965356330620636527
-11.45372686343171508838	48.92802431151709896540
-11.44172086043021430157	48.53149042330738183182
-11.42971485742871351476	48.19885769461481572762
-11.41770885442721272796	47.93458113071593373888
-11.40570285142571371750	47.73818445990301739812
-11.39369684842421293069	47.60421429585998964740
-11.38169084542271214389	47.52275434783256713445
-11.36968484242121135708	47.48045713954438440396
-11.35767883941971057027	47.46198617987688805897
-11.34567283641820978346	47.45170855017184408098
-11.33366683341670899665	47.43544328761138473283
-11.32166083041520820984	47.40205945042141166823
-11.30965482741370742303	47.34473126245947582902
-11.29764882441220663623	47.26169509039279148510
-11.28564282141070584942	47.15641006118471523223
-11.27363681840920506261	47.03709422158335939912
-11.26163081540770427580	46.91568289220901988301
-11.24962481240620348899	46.80632618919995735496
-11.23761880940470270218	46.72359990341162472305
-11.22561280640320191537	46.68064086420199743088
-11.21360680340170112856	46.68742979839073825588
-11.20160080040020034176	46.74942977204271699065
-11.18959479739869955495	46.86674808832884764342
-11.17758879439719876814	47.03392863575431448453
-11.16558279139569798133	47.24040733275258929780
-11.15357678839419719452	47.47158439487749603813
-11.14157078539269640771	47.71039317796357437373
-11.12956478239119562090	47.93918529859489296996
-11.11755877938969483409	48.14171292802205215366
-11.10555277638819404729	48.30497637064288340980
-11.09354677338669326048	48.42071990089445421290
-11.08154077038519247367	48.48639961748389737295
-11.06953476738369168686	48.50550890794531255779
-11.05752876438219090005	48.48722257059464624263
-11.04552276138069011324	48.44540063719399825004
-11.03351675837918932643	48.39706786012663997099
-11.02151075537768853962	48.36054568872290815307
-11.00950475237618775282	48.35345310490212966670
-10.99749874937468696601	48.39080627076758389649
-10.98549274637318617920	48.48343307770424104319
-10.97348674337168539239	48.63687922797069518310
-10.96148074037018460558	48.85092236675563981407
-10.94947473736868381877	49.11973742797761133261
-10.93746873436718303196	49.43267872676295837664
-10.92546273136568224515	49.77557184141532786725
-10.91345672836418145835	50.13234969206812507991
-10.90145072536268067154	50.48682939702460714670
-10.88944472236117988473	50.82441383186429106900
-10.87743871935967909792	51.13351558647561034832
-10.86543271635817831111	51.40653923495595023496
-10.85342671335667752430	51.64031556385076981996
-10.84142071035517673749	51.83595137325227852898
-10.82941470735367772704	51.99813197626773586535
-10.81740870435217694023	52.13398152894328063667
-10.80540270135067615342	52.25164053581240608537
-10.79339669834917536662	52.35875376783949519677
-10.78139069534767457981	52.46107141169489551658
-10.76938469234617379300	52.56135055552019252900
-10.75737868934467300619	52.65870521266212733735
-10.74537268634317221938	52.74849590386656927876
-10.73336668334167143257	52.82278145549746994902
-10.72136068034017064576	52.87128452311257120755
-10.70935467733866985895	52.88275708522805729217
-10.69734867433716907215	52.84658066336304216293
-10.68534267133566828534	52.75440448391557879404
-10.67333666833416749853	52.60161693476815258919
-10.66133066533266671172	52.38846235200135481591
-10.64932466233116592491	52.12065433432249506041
-10.63731865932966513810	51.80939370891410789000
-10.62531265632816435129	51.47076719071173300790
-10.61330665332666356448	51.12457369064955514659
-10.60130065032516277768	50.79269087729738885173
-10.58929464732366199087	50.49714743458093124673
-10.57728864432216120406	50.25810052802216176815
-10.56528264132066041725	50.09192959278730938877
-10.55327663831915963044	50.00964563542919449901
-10.54127063531765884363	50.01578146077170572426
-10.52926463231615805682	50.10787672463659703226
-10.51725862931465727002	50.27660853235586557730
-10.50525262631315648321	50.50655069782028050440
-10.49324662331165569640	50.77748031438423481632
-10.48124062031015490959	51.06609597656586885250
-10.46923461730865412278	51.34797349602320082340
-10.45722861430715333597	51.59956599362548956833
-10.44522261130565254916	51.80005723025808350712
-10.43321660830415176235	51.93289898396497505928
-10.42121060530265097555	51.98690202570160323603
-10.40920460230115018874	51.95680088651755568208
-10.39719859929964940193	51.84326913273582704278
-10.38519259629814861512	51.65241788387320553966
-10.37318659329664782831	51.39485980017835942135
-10.36118059029514704150	51.08445874828655774991
-10.34917458729364625469	50.73690839172894584408
-10.33716858429214546788	50.36828947610198525808
-10.32516258129064468108	49.99374595245084407225
-10.31315657828914389427	49.62639645636321006350
-10.30115057528764310746	49.27656361313692201520
-10.28914457228614232065	48.95136367702797741686
-10.27713856928464153384	48.65465798633726279832
-10.26513256628314074703	48.38733023587162307422
-10.25312656328163996022	48.14782348153696034387
-10.24112056028014094977	47.93285078738780669028
-10.22911455727864016296	47.73818480344600345688
-10.21710855427713937615	47.55943418764260144371
-10.20510255127563858935	47.39272721776811181371
-10.19309654827413780254	47.23524271705647237241
-10.18109054527263701573	47.08555244182471710701
-10.16908454227113622892	46.94376405414418229611
-10.15707853926963544211	46.81147665843239735750
-10.14507253626813465530	46.69157914407925602518
-10.13306653326663386849	46.58793362720017228185
-10.12106053026513308168	46.50499148661316439757
-10.10905452726363229488	46.44738817701218636103
-10.09704852426213150807	46.41955634263095475944
-10.08504252126063072126	46.42538650467821526036
-10.07303651825912993445	46.46795280024416285869
-10.06103051525762914764	46.54930992179116344687
-10.04902451225612836083	46.67035823377447911753
-10.03701850925462757402	46.83076816778738304947
-10.02501250625312678721	47.02895288438908494300
-10.01300650325162600041	47.26207960479402458986
-10.00100050025012521360	47.52611411134954266799
-9.98899449724862442679	47.81589840362757826142
-9.97698849424712363998	48.12526687997725360901
-9.96498249124562285317	48.44721024338368664530
-9.95297648824412206636	48.77409744613246544986
-9.94097048524262127955	49.09796371321402830290
-9.92896448224112049274	49.41086694156533809519
-9.91695847923961970594	49.70530610647912084232
-9.90495247623811891913	49.97468481706914644747
-9.89294647323661813232	50.21379235015339048687
-9.88094047023511734551	50.41926504493191885103
-9.86893446723361655870	50.58998449251399165405
-9.85692846423211577189	50.72736684274062213262
-9.84492246123061498508	50.83550061651295948195
-9.83291645822911419828	50.92109886092488579834
-9.82091045522761341147	50.99324483451844969295
-9.80890445222611262466	51.06292752742267992971
-9.79689844922461183785	51.14238254442609132866
-9.78489244622311105104	51.24427321107094002173
-9.77288644322161026423	51.38076410774515068169
-9.76088044022010947742	51.56255265002307908162
-9.74887443721860869061	51.79793225392597832979
-9.73686843421710790381	52.09196205869167783931
-9.72486243121560711700	52.44581281568687103345
-9.71285642821410633019	52.85634679330504326344
-9.70085042521260554338	53.31597245910120363988
-9.68884442221110475657	53.81279388084704606854
-9.67683841920960396976	54.33105218433529159938
-9.66483241620810318295	54.85183409318489822226
-9.65282641320660417250	55.35400253484280597149
-9.64082041020510338569	55.81528821017361963186
-9.62881440720360259888	56.21347011962157580456
-9.61680840420210181207	56.52756799463761439029
-9.60480240120060102527	56.73897049891561294999
-9.59279639819910023846	56.83242950169945828520
-9.58079039519759945165	56.79686180401677120244
-9.56878439219609866484	56.62591422921985184757
-9.55677838919459787803	56.31826462782427711318
-9.54477238619309709122	55.87764874438370554799
-9.53276638319159630441	55.31261982441404967403
-9.52076038019009551761	54.63606328890708851986
-9.50875437718859473080	53.86450202014230370651
-9.49674837418709394399	53.01723829718137181999
-9.48474237118559315718	52.11538593639657079848
-9.47273636818409237037	51.18085065088105523046
-9.46073036518259158356	50.23531807241226943006
-9.44872436218109079675	49.29930736347240127770
-9.43671835917959000994	48.39134398288063465543
-9.42471235617808922314	47.52729806174437499067
-9.41270635317658843633	46.71992512973545785826
-9.40070035017508764952	45.97863381319879039211
-9.38869434717358686271	45.30949095057427200572
-9.37668834417208607590	44.71545887779652872496
-9.36468234117058528909	44.19684320631971985449
-9.35267633816908450228	43.75191327652265727011
-9.34067033516758371547	43.37764285867329761004
-9.32866433216608292867	43.07050695822698571646
-9.31665832916458214186	42.82726312371601551376
-9.30465232616308135505	42.64564364724650147309
-9.29264632316158056824	42.52488933683316219003
-9.28064032016007978143	42.46606646071323609704
-9.26863431715857899462	42.47212570874430781487
-9.25662831415707820781	42.54768456892877281916
-9.24462231115557742100	42.69854066796310121390
-9.23261630815407663420	42.93095107422318790213
-9.22061030515257584739	43.25073861408024811226
-9.20860430215107506058	43.66230808182740474876
-9.19659829914957427377	44.16767018635687946926
-9.18459229614807348696	44.76557703801456256087
-9.17258629314657270015	45.45086860430263442368
-9.16058029014507191334	46.21411455185810268631
-9.14857428714357112653	47.04161109781863814305
-9.13656828414207033973	47.91575992036250397632
-9.12456228114056955292	48.81581883830877188757
-9.11255627813906876611	49.71897561034605672603
-9.10055027513756797930	50.60166092642391788559
-9.08854427213606719249	51.44098847159191478795
-9.07653826913456640568	52.21619227630718285127
-9.06453226613306739523	52.90992687212850142942
-9.05252626313156660842	53.50930515915576535235
-9.04052026013006582161	54.00657193879553119586
-9.02851425712856503480	54.39934578567961409590
-9.01650825412706424800	54.69040492863187807870
-9.00450225112556346119	54.88703960284870220221
-8.99249624812406267438	55.00003883369740975695
-8.98049024512256188757	55.04241868166003825991
-8.96848424212106110076	55.02802703413977525315
-8.95647823911956031395	54.97017359677607117874
-8.94447223611805952714	54.88043089358524184718
-8.93246623311655874033	54.76773274719905515440
-8.92046023011505795353	54.63786270393989497052
-8.90845422711355716672	54.49337978050524355922
-8.89644822411205637991	54.33397772323331054167
-8.88444222111055559310	54.15722252458502339323
-8.87243621810905480629	53.95956726301986350336
-8.86043021510755401948	53.73750893442368692376
-8.84842421210605323267	53.48873315431954011956
-8.83641820910455244587	53.21309202724620490699
-8.82441220610305165906	52.91327861024593914863
-8.81240620310155087225	52.59509653952807894939
-8.80040020010005008544	52.26727177254016964980
-8.78839419709854929863	51.94080957384574759317
-8.77638819409704851182	51.62795731898797413351
-8.76438219109554772501	51.34088555405723752756
-8.75237618809404693820	51.09023965578596460091
-8.74037018509254615140	50.88373726162638632786
-8.72836418209104536459	50.72498914534673986054
-8.71635817908954457778	50.61270248830050633160
-8.70435217608804379097	50.54038711771522685012
-8.69234617308654300416	50.49663119609536465759
-8.68034017008504221735	50.46594895430384752899
-8.66833416708354143054	50.43013657907518876300
-8.65632816408204064373	50.37001099843841700476
-8.64432216108053985693	50.26735735651098480048
-8.63231615807903907012	50.10688046278328044991
-8.62031015507753828331	49.87794746621428743083
-8.60830415207603749650	49.57592494962993612262
-8.59629814907453670969	49.20295232915628247383
-8.58429214607303592288	48.76805098734774190916
-8.57228614307153513607	48.28653882750338510732
-8.56028014007003434926	47.77879519293868071372
-8.54827413706853356246	47.26849292073556085825
-8.53626813406703277565	46.78047451875560369672
-8.52426213106553198884	46.33849108956529505576
-8.51225612806403120203	45.96304071422409265324
-8.50025012506253041522	45.66953520227067286896
-8.48824412206103140477	45.46699097000609413044
-8.47623811905953061796	45.35738475849378659177
-8.46423211605802983115	45.33574388185498804660
-8.45222611305652904434	45.39096148762447313629
-8.44022011005502825753	45.50724866673019164409
-8.42821410705352747073	45.66606590298442824860
-8.41620810405202668392	45.84832402015189956046
-8.40420210105052589711	46.03661529772516303183
-8.39219609804902511030	46.21723206156455177052
-8.38019009504752432349	46.38175316862170660670
-8.36818409204602353668	46.52802579698159490817
-8.35617808904452274987	46.66043557297494004388
-8.34417208604302196306	46.78943501956503325800
-8.33216608304152117626	46.93038008713757847090
-8.32016008004002038945	47.10179837809131697668
-8.30815407703851960264	47.32327259197857927120
-8.29614807403701881583	47.61316232479843080228
-8.28414207103551802902	47.98640261068872803207
-8.27213606803401724221	48.45260720355011585525
-8.26013006503251645540	49.01467011881656787864
-8.24812406203101566859	49.66800457731127949046
-8.23611805902951488179	50.40049050635452942970
-8.22411205602801409498	51.19312780742941271228
-8.21210605302651330817	52.02132081249462203232
-8.20010005002501252136	52.85665738677491276576
-8.18809404702351173455	53.66900035798776258389
-8.17608804402201094774	54.42868374625744110062
-8.16408204102051016093	55.10860361168285237454
-8.15207603801900937412	55.68601265104178565934
-8.14007003501750858732	56.14386598558569829720
-8.12806403201600780051	56.47161793714474953276
-8.11605802901450701370	56.66542969949759367410
-8.10405202601300622689	56.72780881363915739257
-8.09204602301150544008	56.66675661773862060500
-8.08004002001000465327	56.49454370858849472370
-8.06803401700850386646	56.22626183818250922286
-8.05602801400700307966	55.87831145591115955540
-8.04402201100550229285	55.46697727598014182604
-8.03201600800400150604	55.00722177315780925255
-8.02001000500250071923	54.51179200729545470949
-8.00800400200099993242	53.99069339474053919048
-7.99599799899950003379	53.45104022952231304089
-7.98399199599799924698	52.89725200398814308755
-7.97198599299649846017	52.33153123427494080033
-7.95997998999499767336	51.75453568934754855491
-7.94797398699349688656	51.16614727178627930471
-7.93596798399199609975	50.56624132507154456562
-7.92396198099049531294	49.95537238709646743473
-7.91195597798899452613	49.33531273126558858166
-7.89994997498749373932	48.70940503782613006933
-7.88794397198599295251	48.08271656360521006945
-7.87593796898449216570	47.46200581158157660866
-7.86393196598299137889	46.85553119777320318917
-7.85192596298149059209	46.27274281267811772977
-7.83991995997998980528	45.72390246488004095227
-7.82791395697848901847	45.21967430094888129588
-7.81590795397698823166	44.77071991715061471950
-7.80390195097548744485	44.38732019379606441589
-7.79189594797398665804	44.07903357810511124626
-7.77988994497248587123	43.85438961041691641185
-7.76788394197098508442	43.72060906825060300207
-7.75587793896948518579	43.68333939037290747365
-7.74387193596798439899	43.74639633540954974933
-7.73186593296648361218	43.91150950277656761500
-7.71985992996498282537	44.17807897339414324733
-7.70785392696348203856	44.54296092862967526571
-7.69584792396198125175	45.00030945493845280225
-7.68384192096048046494	45.54150773475323177308
-7.67183591795897967813	46.15522281653706215820
-7.65982991495747889132	46.82761323616246329493
-7.64782391195597810452	47.54270791499647685896
-7.63581790895447731771	48.28295891056588828860
-7.62381190595297653090	49.02995150354212228194
-7.61180590295147574409	49.76523514441100104477
-7.59979989994997495728	50.47122062798529640304
-7.58779389694847417047	51.13207512133872256754
-7.57578789394697338366	51.73453951765507241589
-7.56378189094547259685	52.26859345693445391134
-7.55177588794397181005	52.72790271124831207317
-7.53976988494247102324	53.11000088297439702956
-7.52776388194097023643	53.41618089677361069789
-7.51575787893946944962	53.65109912698170546719
-7.50375187593796866281	53.82212318767140146747
-7.49174587293646787600	53.93848023296546045913
-7.47973986993496708919	54.01028308730084859235
-7.46773386693346630238	54.04752424374584052202
-7.45572786393196640375	54.05913120528138904319
-7.44372186093046561695	54.05217034046209789722
-7.43171585792896483014	54.03127105010204900282
-7.41970985492746404333	53.99831931104859705783
-7.40770385192596325652	53.95244212842191444679
-7.39569784892446246971	53.89027516532073036615
-7.38369184592296168290	53.80647805728690968863
-7.37168584292146089609	53.69443865170743634962
-7.35967983991996010928	53.54709104792392793115
-7.34767383691845932248	53.35776440156163147321
-7.33566783391695853567	53.12098052570451045540
-7.32366183091545774886	52.83312784878269496858
-7.31165582791395696205	52.49295579690515722859
-7.29964982491245617524	52.10185493825488123321
-7.28764382191095538843	51.66391159748100392335
-7.27563781890945460162	51.18574835719830673497
-7.26363181590795381481	50.67618139305761104652
-7.25162581290645302801	50.14573996155222346260
-7.23961980990495224120	49.60610135884533633543
-7.22761380690345145439	49.06949594903012723535
-7.21560780390195066758	48.54813194176971791194
-7.20360180090044988077	48.05367975013118098104
-7.19159579789894909396	47.59684278366893295242
-7.17958979489744830715	47.18702749632478088415
-7.16758379189594840852	46.83211244674590290060
-7.15557778889444762171	46.53830576078549086105
-7.14357178589294683491	46.31007389601524693035
-7.13156578289144604810	46.15012250261785453631
-7.11955977988994526129	46.05941224381952281419
-7.10755377688844447448	46.03719781908535679804
-7.09554777388694368767	46.08108576515002852148
-7.08354177088544290086	46.18711426224442107014
-7.07153576788394211405	46.34986450249295586445
-7.05952976488244132725	46.56261678773471857085
-7.04752376188094054044	46.81756448438419226932
-7.03551775887943975363	47.10609495893230302954
-7.02351175587793896682	47.41913901018786958730
-7.01150575287643818001	47.74758009952989112890
-6.99949974987493739320	48.08270335549131146990
-6.98749374687343660639	48.41665368207682718094
-6.97548774387193581958	48.74286415314379894426
-6.96348174087043503278	49.05641181434653219640
-6.95147573786893424597	49.35425914692508797543
-6.93946973486743345916	49.63534621832885562753
-6.92746373186593267235	49.90051063662229324791
-6.91545772886443188554	50.15222876447306532555
-6.90345172586293109873	50.39419050872506744554
-6.89144572286143031192	50.63073920421322071661
-6.87943971985992952511	50.86622528850591606897
-6.86743371685842962648	51.10433536170997825820
-6.85542771385692883968	51.34746499274767472798
-6.84342171085542805287	51.59620308032614133253
-6.83141570785392726606	51.84898734940815501204
-6.81940970485242647925	52.10197522238072309619
-6.80740370185092569244	52.34915328741067241936
-6.79539769884942490563	52.58268406818800855262
-6.78339169584792411882	52.79346344839592575227
-6.77138569284642333201	52.97183877984115696336
-6.75937968984492254521	53.10841911851458974070
-6.74737368684342175840	53.19489742982720059672
-6.73536768384192097159	53.22480147752023071916
-6.72336168084042018478	53.19409601556608890860
-6.71135567783891939797	53.10157337058669213548
-6.69934967483741861116	52.94899107759533762874
-6.68734367183591782435	52.74094162168186272766
-6.67533766883441703754	52.48446766572715205257
-6.66333166583291625074	52.18846327122950867761
-6.65132566283141546393	51.86292450359059102993
-6.63931965982991467712	51.51812885797557584056
-6.62731365682841389031	51.16383029729848175293
-6.61530765382691310350	50.80855447506159805471
-6.60330165082541231669	50.45906711154269430608
-6.59129564782391152988	50.12006875148614426507
-6.57928964482241163125	49.79414343035367807033
-6.56728364182091084444	49.48195997509566979033
-6.55527763881941005764	49.18269599091156152326
-6.54327163581790927083	48.89462926759567551471
-6.53126563281640848402	48.61582224708025989912
-6.51925962981490769721	48.34481451149605391038
-6.50725362681340691040	48.08123722824059598224
-6.49524762381190612359	47.82627229651817657441
-6.48324162081040533678	47.58289664755189818379
-6.47123561780890454997	47.35587682393753539145
-6.45922961480740376317	47.15150787626611617043
-6.44722361180590297636	46.97712054896056343978
-6.43521760880440218955	46.84040832702622481065
-6.42321160580290140274	46.74864805991777672034
-6.41120560280140061593	46.70790202685909520142
-6.39919959979989982912	46.72229378167692459556
-6.38719359679839904231	46.79344428854665949302
-6.37518759379689825550	46.92013923348589088391
-6.36318159079539746870	47.09827454875318153427
-6.35117558779389668189	47.32109761021791172197
-6.33916958479239589508	47.57972940137201334210
-6.32716358179089510827	47.86392163549229650243
-6.31515757878939432146	48.16297578720629957161
-6.30315157578789353465	48.46673118421303172454
-6.29114557278639363602	48.76651898742315438540
-6.27913956978489284921	49.05597930035733611476
-6.26713356678339206240	49.33164993405203802013
-6.25512756378189127560	49.59325651025790904214
-6.24312156078039048879	49.84366257154696455700
-6.23111555777888970198	50.08847230816717654989
-6.21910955477738891517	50.33531399661309535531
-6.20710355177588812836	50.59286567467285777866
-6.19509754877438734155	50.86971253366528600282
-6.18309154577288655474	51.17314510189851262112
-6.17108554277138576794	51.50801645853883314885
-6.15907953976988498113	51.87577442030382712801
-6.14707353676838419432	52.27377098548261358246
-6.13506753376688340751	52.69492752381783162718
-6.12306153076538262070	53.12780248725377418850
-6.11105552776388183389	53.55707177992781709008
-6.09904952476238104708	53.96439383630433184180
-6.08704352176088026027	54.32959551815805809838
-6.07503751875937947347	54.63208454151666160215
-6.06303151575787868666	54.85237212968917219769
-6.05102551275637789985	54.97357799629121899443
-6.03901950975487711304	54.98278963942983921243
-6.02701350675337632623	54.87215924568568681252
-6.01500750375187553942	54.63964317545051585512
-6.00300150075037475261	54.28931900971248580845
-5.99099549774887485398	53.83125073364442414459
-5.97898949474737406717	53.28091060538556433812
-5.96698349174587328037	52.65820324432470300735
-5.95497748874437249356	51.98617026025529241906
-5.94297148574287170675	51.28947955906024702699
-5.93096548274137091994	50.59282020057779050148
-5.91895947973987013313	49.91933008577471753142
-5.90695347673836934632	49.28917946968071817082
-5.89494747373686855951	48.71841890887615278416
-5.88294147073536777270	48.21817716938647180314
-5.87093546773386698590	47.79426494009906178917
-5.85892946473236619909	47.44720649953958968581
-5.84692346173086541228	47.17268660260496204728
-5.83491745872936462547	46.96236663147514178718
-5.82291145572786383866	46.80499511556185154859
-5.81090545272636305185	46.68771527560535616885
-5.79889944972486226504	46.59745792084155624480
-5.78689344672336147823	46.52230278417654574241
-5.77488744372186069143	46.45269545539565569925
-5.76288144072035990462	46.38241999037089158264
-5.75087543771885911781	46.30924790460844775453
-5.73886943471735833100	46.23521091913593750178
-5.72686343171585754419	46.16647541411546029622
-5.71485742871435675738	46.11282869770099068774
-5.70285142571285685875	46.08681845925769948735
-5.69084542271135607194	46.10261477089876080981
-5.67883941970985528513	46.17468659646034012667
-5.66683341670835449833	46.31640022153457181275
-5.65482741370685371152	46.53865410794816170892
-5.64282141070535292471	46.84866278809249706683
-5.63081540770385213790	47.24899160344202897477
-5.61880940470235135109	47.73692509340011014274
-5.60680340170085056428	48.30422603914631451971
-5.59479739869934977747	48.93731151210322849465
-5.58279139569784899066	49.61783915409755252313
-5.57078539269634820386	50.32366397729386164883
-5.55877938969484741705	51.03009592833067387119
-5.54677338669334663024	51.71136386226195469362
-5.53476738369184584343	52.34217458048834004103
-5.52276138069034505662	52.89924777258893584531
-5.51075537768884426981	53.36270987527374387582
-5.49874937468734348300	53.71724196631899417298
-5.48674337168584269619	53.95289789186174544966
-5.47473736868434190939	54.06553707916818041213
-5.46273136568284112258	54.05684940235541091624
-5.45072536268134033577	53.93398404190695316629
-5.43871935967983954896	53.70882729316711845513
-5.42671335667833876215	53.39700261901544564580
-5.41470735367683886352	53.01668721388357852220
-5.40270135067533807671	52.58735096806324804675
-5.39069534767383728990	52.12852494856482366004
-5.37868934467233650309	51.65869737255205507154
-5.36668334167083571629	51.19441666018677494776
-5.35467733866933492948	50.74965562504837635061
-5.34267133566783414267	50.33546107619929443899
-5.33066533266633335586	49.95988241298183396566
-5.31865932966483256905	49.62814462533631854058
-5.30665332666333178224	49.34300859259358418285
-5.29464732366183099543	49.10524714471734597510
-5.28264132066033020863	48.91416047269549949306
-5.27063531765882942182	48.76805943917753438654
-5.25862931465732863501	48.66465921486599910395
-5.24662331165582784820	48.60134639670918232923
-5.23461730865432706139	48.57530741736064072711
-5.22261130565282627458	48.58353118016746918784
-5.21060530265132548777	48.62272091833174414433
-5.19859929964982470096	48.68916613049183439443
-5.18659329664832391416	48.77863274576613150657
-5.17458729364682312735	48.88632722103445615858
-5.16258129064532234054	49.00697821395686304413
-5.15057528764382155373	49.13505931550098893013
-5.13856928464232076692	49.26515078577291717465
-5.12656328164081998011	49.39241092522057385850
-5.11455727863932008148	49.51310266993144892922
-5.10255127563781929467	49.62510216096666937347
-5.09054527263631850786	49.72830668857017144546
-5.07853926963481772106	49.82486170009401149628
-5.06653326663331693425	49.91914113686539877790
-5.05452726363181614744	50.01744120877226151833
-5.04252126063031536063	50.12738217075822433344
-5.03051525762881457382	50.25705170239529451237
-5.01850925462731378701	50.41396216186323897546
-5.00650325162581300020	50.60392702729088654223
-4.99449724862431221339	50.82998435706230111464
-4.98249124562281142659	51.09150324019731925773
-4.97048524262131063978	51.38360072329835048777
-4.95847923961980985297	51.69697135273680288492
-4.94647323661830906616	52.01819118232300809268
-4.93446723361680827935	52.33050683604847108654
-4.92246123061530749254	52.61506361030636469422
-4.91045522761380670573	52.85247131632963402126
-4.89844922461230591892	53.02455951856298810299
-4.88644322161080513212	53.11614132577685154502
-4.87443721860930434531	53.11659180914040945254
-4.86243121560780355850	53.02105620083980852542
-4.85042521260630277169	52.83113443630502104043
-4.83841920960480198488	52.55493978297067059202
-4.82641320660330208625	52.20649514587451989200
-4.81440720360180129944	51.80450402037521939747
-4.80240120060030051263	51.37060559477229304548
-4.79039519759879972582	50.92728654052080372594
-4.77838919459729893902	50.49566769341962668705
-4.76638319159579815221	50.09340602592467206478
-4.75437718859429736540	49.73294752297738341440
-4.74237118559279657859	49.42033439275446227157
-4.73036518259129579178	49.15471332608949239784
-4.71835917958979500497	48.92861614757131150100
-4.70635317658829421816	48.72899847014621599328
-4.69434717358679343135	48.53893564246796898942
-4.68234117058529264455	48.33979846858819939825
-4.67033516758379185774	48.11367310874134517462
-4.65832916458229107093	47.84575744745706060712
-4.64632316158079028412	47.52646431514376956784
-4.63431715857928949731	47.15299102961630950404
-4.62231115557778871050	46.73017186415637524988
-4.61030515257628792369	46.27050893460975800053
-4.59829914957478713688	45.79336862951747377792
-4.58629314657328635008	45.32342444755347088403
-4.57428714357178556327	44.88851195053879905572
-4.56228114057028477646	44.51712744787219833142
-4.55027513756878398965	44.23584115735697253058
-4.53826913456728320284	44.06690327232337978103
-4.52626313156578330421	44.02629671317187387558
-4.51425712856428251740	44.12243637011113150947
-4.50225112556278173059	44.35563793204620708366
-4.49024512256128094378	44.71838929164400155969
-4.47823911955978015698	45.19636498890709219722
-4.46623311655827937017	45.77004044208841548880
-4.45422711355677858336	46.41669792059568777631
-4.44222111055527779655	47.11257804878142962934
-4.43021510755377700974	47.83492343687428416388
-4.41820910455227622293	48.56368524887614057661
-4.40620310155077543612	49.28271560576025933642
-4.39419709854927464932	49.98034164234797316340
-4.38219109554777386251	50.64930113539568878878
-4.37018509254627307570	51.28610387875108500566
-4.35817908954477228889	51.88995643398362034304
-4.34617308654327150208	52.46144104295809995619
-4.33416708354177071527	53.00116557598174438226
-4.32216108054026992846	53.50859723022485781030
-4.31015507753876914165	53.98125913749997550894
-4.29814907453726835485	54.41441086079775146800
-4.28614307153576756804	54.80125903343295590275
-4.27413706853426678123	55.13366344925307771518
-4.26213106553276599442	55.40322795730750726761
-4.25012506253126520761	55.60260515073564846489
-4.23811905952976530898	55.72680763147669580349
-4.22611305652826452217	55.77431193349544713556
-4.21410705352676373536	55.74776538044008589168
-4.20210105052526294855	55.65415840923339629853
-4.19009504752376216175	55.50439848305006051987
-4.17808904452226137494	55.31230686431005239001
-4.16608304152076058813	55.09314464718401183063
-4.15407703851925980132	54.86184771795218750867
-4.14207103551775901451	54.63120119908622029925
-4.13006503251625822770	54.41020468228038708958
-4.11805902951475744089	54.20286628047522725637
-4.10605302651325665408	54.00761682890603765372
-4.09404702351175586728	53.81746056056658744637
-4.08204102051025508047	53.62088434987084895056
-4.07003501750875429366	53.40344609619537408207
-4.05802901450725350685	53.14986730036889639450
-4.04602301150575272004	52.84637830769152344601
-4.03401700850425193323	52.48301791740737343162
-4.02201100550275114642	52.05557940627689816893
-4.01000500250125035961	51.56692519154624676503
-3.99799899949975001689	51.02745998449830722166
-3.98599299649824923009	50.45465005231959310095
-3.97398699349674844328	49.87159268437628867332
-3.96198099049524765647	49.30476095374174150265
-3.94997498749374686966	48.78115915612603714635
-3.93796898449224608285	48.32520956611450912987
-3.92596298149074529604	47.95573977906717288988
-3.91395697848924450923	47.68344458306918909329
-3.90195097548774372243	47.50915500865935570118
-3.88994497248624293562	47.42316359873452569218
-3.87793896948474259290	47.40573804811165814499
-3.86593296648324180609	47.42881855259602730257
-3.85392696348174101928	47.45875363003230518189
-3.84192096048024023247	47.45980181030281386256
-3.82991495747873944566	47.39802816328751333685
-3.81790895447723865885	47.24516765293877540444
-3.80590295147573787204	46.98201947230842279168
-3.79389694847423708524	46.60097970019347002335
-3.78189094547273629843	46.10740955516014594195
-3.76988494247123551162	45.51966323710487927201
-3.75787893946973472481	44.86774831854385325869
-3.74587293646823393800	44.19074552359683139002
-3.73386693346673315119	43.53325540840482688054
-3.72186093046523280847	42.94125026917805598714
-3.70985492746373202166	42.45777735840752598051
-3.69784892446223123486	42.11897607425304812523
-3.68584292146073044805	41.95083517396653149945
-3.67383691845922966124	41.96703056336536263871
-3.66183091545772887443	42.16805997322104104796
-3.64982491245622808762	42.54174259458987705784
-3.63781890945472730081	43.06499706786655679025
-3.62581290645322651400	43.70666834996468708141
-3.61380690345172572719	44.43105964451394385151
-3.60180090045022494039	45.20175296002739173673
-3.58979489744872415358	45.98527904073809224883
-3.57778889444722381086	46.75422642502096692851
-3.56578289144572302405	47.48945601322741794093
-3.55377688844422223724	48.18120188200587250549
-3.54177088544272145043	48.82897686275844506554
-3.52976488244122066362	49.44034567953586645217
-3.51775887943971987681	50.02876175653276646926
-3.50575287643821909001	50.61077030248607400154
-3.49374687343671830320	51.20294762361348261948
-3.48174087043521751639	51.81896745159780692802
-3.46973486743371672958	52.46715784693662953941
-3.45772886443221594277	53.14884130378252535820
-3.44572286143071515596	53.85764566691378263386
-3.43371685842921481324	54.57984800133148439727
-3.42171085542771402643	55.29568350714306035343
-3.40970485242621323962	55.98143307315220340570
-3.39769884942471245282	56.61201048798348978153
-3.38569284642321166601	57.16371455469865736632
-3.37368684342171087920	57.61679847824790101640
-3.36168084042021009239	57.95753956135482809486
-3.34967483741870930558	58.17956167806421774458
-3.33766883441720851877	58.28426169971568526762
-3.32566283141570773196	58.28030608879893037511
-3.31365682841420694515	58.18228055859446357090
-3.30165082541270615835	58.00867944225493033628
-3.28964482241120581563	57.77949958039508970842
-3.27763881940970502882	57.51374695268251002744
-3.26563281640820424201	57.22716832468729819539
-3.25362681340670345520	56.93048525970766604587
-3.24162081040520266839	56.62833922067826364355
-3.22961480740370188158	56.31906351248841957613
-3.21760880440220109477	55.99529266183734677043
-3.20560280140070030797	55.64531589474978545695
-3.19359679839919952116	55.25499155569725928672
-3.18159079539769873435	54.80997442156068899521
-3.16958479239619794754	54.29797529782172205159
-3.15757878939469716073	53.71077519558943436095
-3.14557278639319681801	53.04575339867349015321
-3.13356678339169603120	52.30675423114196576080
-3.12156078039019524439	51.50420231550735650217
-3.10955477738869445758	50.65446939183522800931
-3.09754877438719367078	49.77858548327645138443
-3.08554277138569288397	48.90046231503440310462
-3.07353676838419209716	48.04484860243027100069
-3.06153076538269131035	47.23525955975154744237
-3.04952476238119052354	46.49211504527148974830
-3.03751875937968973673	45.83128439650474916789
-3.02551275637818894992	45.26317699434004282466
-3.01350675337668816312	44.79244435571141025321
-3.00150075037518737631	44.41828200237443979859
-2.98949474737368703359	44.13524754567102803549
-2.97748874437218624678	43.93445426072350556979
-2.96548274137068545997	43.80496352158132111754
-2.95347673836918467316	43.73518840293453280310
-2.94147073536768388635	43.71413469195817214086
-2.92946473236618309954	43.73234136765562851679
-2.91745872936468231273	43.78243440992339685636
-2.90545272636318152593	43.85926784068490746904
-2.89344672336168073912	43.95968565261799909649
-2.88144072036017995231	44.08198962829594336199
-2.86943471735867916550	44.22523435532571056683
-2.85742871435717837869	44.38848768596086813432
-2.84542271135567803597	44.57019098362133746605
-2.83341670835417724916	44.76773018611852705817
-2.82141070535267646235	44.97729007447541249576
-2.80940470235117567555	45.19401623638606224631
-2.79739869934967488874	45.41245921742793001386
-2.78539269634817410193	45.62723049594532653828
-2.77338669334667331512	45.83376650243419447861
-2.76138069034517252831	46.02907945414510493265
-2.74937468734367174150	46.21237445026743984045
-2.73736868434217095469	46.38543062636566816082
-2.72536268134067016788	46.55267726916617476718
-2.71335667833916938108	46.72093869416026024055
-2.70135067533766903836	46.89886815041105450064
-2.68934467233616825155	47.09613440876150036729
-2.67733866933466746474	47.32245892142393017821
-2.66533266633316667793	47.58662180460627411094
-2.65332666333166589112	47.89555870010455151942
-2.64132066033016510431	48.25365748705856816514
-2.62931465732866431750	48.66233588537163967658
-2.61730865432716353070	49.11994231778646025077
-2.60530265132566274389	49.62197853596246943653
-2.59329664832416195708	50.16159968893229859077
-2.58129064532266117027	50.73031172953074730003
-2.56928464232116038346	51.31876227508264776134
-2.55727863931966004074	51.91751248743096169846
-2.54527263631815925393	52.51768526581912510665
-2.53326663331665846712	53.11140779830535763040
-2.52126063031515768031	53.69200091564814414369
-2.50925462731365689351	54.25390871466589715055
-2.49724862431215610670	54.79240360419110089651
-2.48524262131065531989	55.30313820483983988652
-2.47323661830915453308	55.78164106876330663454
-2.46123061530765374627	56.22286412254287313317
-2.44922461230615295946	56.62088424392976548916
-2.43721860930465217265	56.96883992148873687711
-2.42521260630315138584	57.25914922565189613124
-2.41320660330165104313	57.48401195422400178359
-2.40120060030015025632	57.63615271827176655961
-2.38919459729864946951	57.70971933578199042358
-2.37718859429714868270	57.70121829086964737598
-2.36518259129564789589	57.61035112786065326418
-2.35317658829414710908	57.44061558360792218991
-2.34117058529264632227	57.19955384924644192779
-2.32916458229114553546	56.89856600705473965718
-2.31715857928964474866	56.55225556495135208479
-2.30515257628814396185	56.17733046015899134318
-2.29314657328664317504	55.79114015150758376649
-2.28114057028514238823	55.40998039934056862421
-2.26913456728364160142	55.04733555183593551874
-2.25712856428214125870	54.71224850521031868311
-2.24512256128064047189	54.40800788843840507525
-2.23311655827913968508	54.13131975804886764081
-2.22111055527763889827	53.87208900868061078882
-2.20910455227613811147	53.61387796457144361284
-2.19709854927463732466	53.33504222177452192000
-2.18509254627313653785	53.01047393413729480471
-2.17308654327163575104	52.61381790414495895902
-2.16108054027013496423	52.11997308305508624926
-2.14907453726863417742	51.50765715526377164224
-2.13706853426713339061	50.76179862515701302073
-2.12506253126563260381	49.87553077576927762493
-2.11305652826413226109	48.85159411141202667750
-2.10105052526263147428	47.70300519675184602875
-2.08904452226113068747	46.45291499272179436275
-2.07703851925962990066	45.13365234209558707335
-2.06503251625812911385	43.78502100946259645298
-2.05302651325662832704	42.45198458195314827890
-2.04102051025512754023	41.18192637360797192514
-2.02901450725362675342	40.02170647421802840427
-2.01700850425212596662	39.01475234379029188858
-2.00500250125062517981	38.19841207501168156568
-1.99299649824912461504	37.50511739498195140641
-1.98099049524762382823	36.98514674783450573159
-1.96898449224612304143	36.71319492861796618399
-1.95697848924462225462	36.68270502730494797561
-1.94497248624312146781	36.87735194136213578986
-1.93296648324162090304	37.27259221617714501917
-1.92096048024012011624	37.83765379371531878405
-1.90895447723861932943	38.53778140084322956227
-1.89694847423711854262	39.33654445252832942970
-1.88494247123561775581	40.19802295911166112319
-1.87293646823411696900	41.08871120846230695633
-1.86093046523261640424	41.97901582384631069544
-1.84892446223111561743	42.84427010117627787622
-1.83691845922961483062	43.66523569440114016516
-1.82491245622811404381	44.42811104120839615916
-1.81290645322661325700	45.12410902835295445357
-1.80090045022511247019	45.74870061169751522812
-1.78889444722361190543	46.30064374562593343398
-1.77688844422211111862	46.78092653816973722769
-1.76488244122061033181	47.19174979817532999959
-1.75287643821910954500	47.53565808815535831400
-1.74087043521760875819	47.81490216384962366192
-1.72886443221610797139	48.03108228511313626541
-1.71685842921460740662	48.18508493939119574634
-1.70485242621310661981	48.27728890488243251866
-1.69284642321160583300	48.30798406841363856756
-1.68084042021010504619	48.27792131857559354557
-1.66883441720860425939	48.18889670049179585476
-1.65682841420710347258	48.04426936613774756779
-1.64482241120560290781	47.84932102649646878945
-1.63281640820410212100	47.61138372591781120491
-1.62081040520260133420	47.33969077582590045949
-1.60880440220110054739	47.04493959637603950341
-1.59679839919959976058	46.73859133426027767655
-1.58479239619809897377	46.43196645719766735283
-1.57278639319659840901	46.13522418112822975900
-1.56078039019509762220	45.85633319942440522254
-1.54877438719359683539	45.60014929135982697517
-1.53676838419209604858	45.36771072320740927353
-1.52476238119059526177	45.15584502519081411265
-1.51275637818909447496	44.95715223940267435410
-1.50075037518759368815	44.76039287549319567461
-1.48874437218609312339	44.55126737921316504298
-1.47673836918459233658	44.31353232664345398462
-1.46473236618309154977	44.03036135762303615593
-1.45272636318159076296	43.68583024295793393321
-1.44072036018008997615	43.26638878260454390556
-1.42871435717858918935	42.76217955359776112800
-1.41670835417708862458	42.16807545520050126697
-1.40470235117558783777	41.48433351477284958264
-1.39269634817408705096	40.71679897778500389904
-1.38069034517258626416	39.87663750437715037833
-1.36868434217108547735	38.97961967981282072060
-1.35667833916958469054	38.04502603423493667378
-1.34467233616808412577	37.09427760999060552649
-1.33266633316658333896	36.14942284234407310350
-1.32066033016508255216	35.23162339781808327643
-1.30865432716358176535	34.35977846277141622977
-1.29664832416208097854	33.54940930104152130298
-1.28464232116058019173	32.81189583783324081878
-1.27263631815907962697	32.15411808378944158449
-1.26063031515757884016	31.57851185039490360396
-1.24862431215607805335	31.08350531554241769072
-1.23661830915457726654	30.66426531882926553862
-1.22461230615307647973	30.31365384245746952274
-1.21260630315157569292	30.02327884511762690067
-1.20060030015007512816	29.78452086286305444673
-1.18859429714857434135	29.58942735949929669914
-1.17658829414707355454	29.43138893745837947336
-1.16458229114557276773	29.30554214943779456348
-1.15257628814407198092	29.20887883000715490311
-1.14057028514257119411	29.14007725657721437074
-1.12856428214107062935	29.09910186545966226390
-1.11655827913956984254	29.08664216618606346287
-1.10455227613806905573	29.10347546103155025321
-1.09254627313656826892	29.14984086595116963281
-1.08054027013506748212	29.22490424399623165641
-1.06853426713356669531	29.32637662759889352060
-1.05652826413206613054	29.45032520927955133061
-1.04452226113056534373	29.59118938155375744259
-1.03251625812906455693	29.74198817633705616004
-1.02051025512756377012	29.89468309914268928651
-1.00850425212606298331	30.04064439717965129262
-0.99649824912456230752	30.17116086837658173181
-0.98449224612306152071	30.27793386860730606713
-0.97248624312156073390	30.35350449255011184846
-0.96048024012006005812	30.39157725615140392961
-0.94847423711855927131	30.38722152992346536848
-0.93646823411705848450	30.33695064156135146050
-0.92446223111555780871	30.23869522045108837460
-0.91245622811405702191	30.09169967997105743507
-0.90045022511255623510	29.89637717176220021997
-0.88844422211105555931	29.65415830189678558781
-0.87643821910955477250	29.36736278432689317697
-0.86443221610805398569	29.03911235014611236238
-0.85242621310655330991	28.67328965181891575753
-0.84042021010505252310	28.27453399162158476088
-0.82841420710355173629	27.84825285977157349748
-0.81640820410205106050	27.40062052937001979558
-0.80440220110055027369	26.93853269952781914753
-0.79239619809904948688	26.46948991575309406699
-0.78039019509754881110	26.00139179687081991688
-0.76838419209604802429	25.54223765045241023586
-0.75637818909454723748	25.09974486610603960912
-0.74437218609304656169	24.68091214349175999132
-0.73236618309154577489	24.29156769749796751512
-0.72036018009004498808	23.93595095402328709611
-0.70835417708854431229	23.61637839717429798725
-0.69634817408704352548	23.33303949360936968560
-0.68434217108554273867	23.08395730116198407700
-0.67233616808404206289	22.86513169664725708685
-0.66033016508254127608	22.67086313558870003249
-0.64832416208104048927	22.49423399654903832356
-0.63631815907953981348	22.32770554842577936938
-0.62431215607803902667	22.16377390419348358819
-0.61230615307653823987	21.99561995654482871032
-0.60030015007503756408	21.81768740538206685642
-0.58829414707353677727	21.62612980946363805401
-0.57628814407203599046	21.41908136867052547814
-0.56428214107053531468	21.19672523169316491476
-0.55227613806903452787	20.96115522313757395523
-0.54027013506753374106	20.71604932683491995249
-0.52826413206603306527	20.46619336331234251247
-0.51625812906453227846	20.21690869928774958453
-0.50425212606303149165	19.97344678675118956335
-0.49224612306153076036	19.74041493900503141390
-0.48024012006003002906	19.52129202653382122890
-0.46823411705852924225	19.31808063096541516757
-0.45622811405702851095	19.13112530086500484572
-0.44422211105552777965	18.95910709836894980640
-0.43221610805402699285	18.79920502374922008926
-0.42021010505252626155	18.64739747769881361705
-0.40820410205102553025	18.49886360849036748277
-0.39619809904952474344	18.34843652283802839520
-0.38419209604802401214	18.19105849589068668593
-0.37218609304652328085	18.02219229502118125197
-0.36018009004502249404	17.83815161974295904201
-0.34817408704352176274	17.63632599142302836981
-0.33616808404202103144	17.41528941175194589164
-0.32416208104052024463	17.17479588939170298545
-0.31215607803901951334	16.91567683158378798680
-0.30015007503751878204	16.63966402328513893849
-0.28814407203601799523	16.34916671415632549724
-0.27613806903451726393	16.04703203824790591625
-0.26413206603301653264	15.73631500142588635072
-0.25212606303151574583	15.42007844608621702776
-0.24012006003001501453	15.10123589810224942198
-0.22811405702851425548	14.78244227951112854669
-0.21610805402701349642	14.46603030762821795463
-0.20410205102551276513	14.15398492123678941823
-0.19209604802401200607	13.84794483644350826523
-0.18009004502251124702	13.54921948393652009202
-0.16808404202101051572	13.25881086578458756264
-0.15607803901950975667	12.97743272778237511034
-0.14407203601800899762	12.70552311451977445245
-0.13206603301650826632	12.44325005348114032699
-0.12006003001500750726	12.19051309111415193343
-0.10805402701350674821	11.94694517830900970523
-0.09604802401200600304	11.71191975814736530026
-0.08404202101050525786	11.48456692883090113355
-0.07203601800900449881	11.26380058724347676957
-0.06003001500750375363	11.04835603318299241948
-0.04802401200600300152	10.83683522976607527255
-0.03601800900450224940	10.62775531842622811496
-0.02401200600300150076	10.41959546266410896465
-0.01200600300150075038	10.21083779055840068395
0.00000000000000000000	10.00000000000000000000
