-8.1955776080234
0.51004313827275
-1.6326542778946
-7.0634656296154
-9.1525498965383
-2.9605908459403
0.124966185999
-1.887212776593
-0.95182561865126
1.8496383227706
-1.1504956826292
10.716675855837
0.83930345489394
6.9850720010712
-0.51457524966932
7.9181375797684
3.8182657078772
2.9060640425252
-2.9904475091188
-0.92427874756383
1.1010637859826
-4.8969968300764
8.8825031267123
4.3292357853459
4.6884583140344
1.0383107972112
1.4985017268799
1.6512490215718
1.2469668035237
7.0147460720996
1.7912210280006
2.2827243558949
8.3919154842742
-0.34294163384521
9.4807867615034
3.4613044227207
-1.0140922385706
3.9500200805587
2.6349556374832
-3.1887688260802
4.2918319639659
8.0264418053138
-2.4570111997123
-0.54271788040229
5.6073611397721
-0.34551491788281
-1.9960872996432
-3.9366620041096
0.080006542193241
-4.9046024303206
1.9958834056749
9.0937961729721
-0.8281893072244
-5.4235323183905
1.8514036330927
-0.76578782627956
-1.1245283772671
2.1050485819733
0.36182823715876
-0.57745889649884
5.2989875861226
1.5989628803495
5.4326395159945
-2.4737906503133
-1.3376339921672
5.2057679031783
1.85553720899
-5.7930518994873
-4.2232780600187
-0.17265409742152
7.0025535447173
3.308021237717
1.5061835522621
-3.6222989561397
-1.335651293204
4.1428331729263
5.7277361192876
9.8427784341962
6.7355269397322
-1.6537735251835
-7.0834298961852
5.5027961251927
-2.5675008846986
-8.6968960936524
6.7846732720752
-2.5003211763182
3.7448549031024
1.2265127350641
2.3045173135165
1.829110943383
2.3045594464917
-4.7410657196205
0.18703628612482
-4.5366246599852
4.7886327618597
2.2649435422237
-5.6455103005639
4.1451709879544
-6.6141765162582
0.34248137408504
-1.0248582868227
11.669008989465
3.3508391236022
-6.4026490566514
0.20198485951168
-0.9568758036774
0.60253021088435
-8.0812181976079
-7.6806448974235
1.1677581741109
-4.2351475904604
8.7114790114597
4.4386030295746
-3.8286453006216
10.704162778079
5.2986998720695
0.11174082484629
0.028910768425181
3.3707205346853
5.7826199393717
-10.05439161379
-0.92553176758631
-5.9180752966105
9.0327077829416
9.4442946031226
0.20743046685696
-0.63590263810075
2.6175320682441
-1.2096056699007
5.0305976328141
1.4903223038329
1.1770692867489
12.016026283102
-11.337997768361
-0.79841132807594
7.2393605983964
-2.3219404361306
-3.9197143374338
9.0739625392729
6.0914620345756
-7.1433705419728
7.3046657090629
-4.3274128028389
-1.2876964656
-7.9683011711384
-1.3932590843328
-6.4678936463503
3.1507605207267
0.25686344573789
-0.26481988910499
-8.8924209574986
-3.9757341618093
1.6221574923817
-6.4921182796675
3.9758999732977
0.12250417827516
1.0405643161606
-2.9469616463099
0.2458239683394
5.0866454391088
-1.8534313275163
-4.6436956346615
-7.0699837041712
-0.18892896213198
-3.0468430023238
2.6428344630066
-5.4135966634451
8.1726817920425
-4.812675376617
5.6693051255183
-4.4134608060947
-0.4057360027327
6.2191332725699
4.2013870664048
-0.016135814505423
4.3704916816959
-6.6537570490302
-3.1373723313909
-5.5708604027562
3.086624522999
1.2964544234214
-4.8078383870008
9.6682042565425
2.9806869624297
7.4800054451659
5.5704582528079
2.8021166320218
2.8627820192669
13.713955157461
3.1118543694768
-0.83496008615453
0.4681220915017
-0.70747023847646
2.1756555685723
1.9685969988234
-2.158215155858
4.6916748955427
4.7579042755413
1.8084625965891
-3.3856183590359
-3.6321279249569
1.4805576995546
-7.9787900384846
-0.92443438302591
-6.7275159500579
0.2301137880876
-2.890118400017
3.0872885695524
-4.2893000222608
-8.0156110151974
5.2035083082444
-0.37771558825543
-0.64005667306178
1.8940554481195
-2.8156385402732
-4.784493620257
-0.60136535793008
-5.1469917399866
3.7852357775685
-1.178040824054
5.5383283218238
-1.2278642046237
10.345423707413
-17.550748705407
1.3697758235183
-2.9289719112705
1.8638052975525
-2.9068214219863
-2.5497354348056
2.4324758158309
2.1233552381151
-10.406220768534
1.6094741244688
2.271133399271
3.2369916566904
-1.5813698938323
1.0901075770389
7.5528000430194
0.9250296492189
-6.2550050327126
-8.7752324715019
-3.6400757855637
1.775924433601
-2.4590490391429
-9.0307887520458
3.7202443435093
3.8395956833342
-12.057486451063
-4.9779322513846
0.33893845473351
-2.4424584019418
0.33600528635755
5.4615744584427
-0.74876726335406
-5.2954347756503
-5.4328804563203
2.2114680575444
0.23351056019889
-5.8031625140977
3.0869294430638
-2.7371074071898
2.635480585677
-0.42173628332768
-1.6950038778311
-2.4030476894802
0.36146664527998
-2.4100942522143
-1.3541136168682
-1.8629695801026
-2.5434162264498
-4.1727973503122
3.0806718233411
0.25854125610192
1.2591481995147
-4.800438579457
-0.53279823146525
0.79026720131539
-1.122649021969
-1.3216996401671
3.5009613737524
3.7890351763911
-4.2740267205816
2.9779687770565
-4.0834657521817
3.5829240945464
5.0162868166443
-1.3259139010297
-5.2715914240857
4.1384949264882
-2.2855607503
3.1029309458268
-9.3426120891699
-1.8475582854599
-9.3578311706796
0.89680048605554
3.4857793902128
-6.1457370372363
6.2530168256385
-7.5420233136189
0.79164726164924
6.2274238271287
-2.7948519957636
-4.3444992138602
2.4865792265442
-3.4564976486005
2.4883449159652
5.70730471988
2.6361872750912
-8.2627101596517
2.2003368453292
1.3852871729274
7.5660688462345
4.5911637087676
-6.4850184886438
-11.055067318863
-8.7135894237766
6.5196589420706
11.560192293782
3.4474122753594
-5.1599341379006
-0.74982820755241
-0.80436116242695
-6.8221037979137
-2.7656795208755
-2.6712183320892
-3.8032452475311
3.7142082795911
6.9659699996771
-10.200299759419
5.5988573593446
-1.1710734883561
3.6325670864208
-3.7226322388524
6.0139492297489
-9.0616594309913
-5.1050415295457
-1.0584822073988
-2.9917349150677
-4.872765569185
-7.4332532968199
9.9601961503143
-6.4765653731257
2.6726067167911
-6.1220371213413
-5.9395759092139
8.0767930736238
2.3627450549051
4.3419045631801
-2.9757049934613
-4.3447363340091
6.0211778743745
4.2687529630718
-6.0686722730925
0.18878794346526
4.9100097460488
-5.0489654856061
3.0604543957594
-1.6824962312344
-0.042105926464721
1.460077181515
0.00023483752016242
1.7223333643697
-2.1227999630631
4.6425284500098
-2.7624319052318
-5.2154265829774
0.07760213078814
1.8009532107715
4.3715512191128
5.5248631077271
-0.13747957317026
-3.1478492649221
-3.117859630719
-5.7580950233611
-0.41084572557778
5.3744638748362
-12.726844086737
10.677501886945
3.0908983381828
-3.0503622539564
-3.9440608152964
-2.8971295126051
-2.9229010117628
-3.986784272017
-0.65564896326879
-1.9062499706247
-2.7792727660747
-10.269714339578
3.1373793500554
6.2961846671422
-3.8605932089196
-6.5991543069231
0.23686387639075
5.6039847421572
-0.44309024539696
-2.833264780382
1.4684724002176
-4.4705927544697
-1.2641479274517
5.9165658749824
-4.0812708926364
8.5901360071199
-7.5330936176293
-2.1579190469805
-4.8413690603601
5.2743640026766
-0.48048975579738
9.8023181997371
-4.3657692221816
2.1950393616966
2.0157817270522
3.0778810846411
-2.4673314997432
1.9253696481292
2.588513081619
3.4891134891156
1.7614575436181
0.63737079693244
6.0922452839649
-10.28175774835
-6.6397793034135
-0.29559084668677
4.7699778517179
-2.8546887483464
-4.8798392936426
0.55821349139126
0.65359856598532
0.85491803751828
1.7941037845617
2.3973052536281
-1.3348111217579
4.6974851191427
-6.2024798487855
-3.3250900920111
-4.6113984172009
8.1926906453485
-1.657550844577
-2.9441542891864
5.2664119065655
0.99914031647196
-0.36622698994299
0.89579399810045
3.6110751435399
-5.9972272559102
-7.0013635331716
2.478354605031
5.9616929611871
1.8508861727862
1.217325946687
-1.8637083327565
-1.3875579886864
-2.0598791533481
5.518811763646
3.942118003018
5.2878877725803
-2.9722907425239
2.6753166464523
-4.7513441059076
-10.523611060625
-0.58821481377466
3.3377311532412
0.66989828337781
0.029600579850397
8.0605768711468
-13.179920017094
-4.2108777339134
0.67593856130146
-8.8408303274363
6.2736069473835
-7.1159092323231
-0.41065155627869
4.9089212612576
-3.6982895926008
-8.9057055709519
7.3541579761849
7.9963802039553
4.5807564016492
4.3154088125818
-4.9889820442644
-0.11758357616712
-1.1785367299567
-5.5677189754054
-3.5125398189884
-3.7131204321087
2.234819466969
-1.4341244164773
-11.265432523611
-0.16868591805425
-2.371486130688
0.3260062885452
3.3736672279224
0.064713480308324
-0.45371977271953
0.83185071298897
-6.2665132576459
-1.6666323494043
5.2532536177979
-2.5042449850501
-1.9405940090555
-6.5500970268602
-1.4037929160189
0.024448160182543
0.39873798941859
-0.66556832750718
-1.6175593619544
-13.48232993397
-3.4272106028502
-6.9918861979812
2.9270597022074
-4.0944297288339
-2.3084528648148
0.30993238837243
-1.6070444593628
5.0306886219357
-2.2677991520013
4.5705649360839
-2.482044363222
2.6583425096355
-4.2637908056925
-0.6527488159521
-2.3301807489197
-5.3040228339868
-0.10899182695175
3.2950550079479
4.5986990067139
2.4609482973698
-4.8607128828567
2.0008030940891
-3.6304511811972
4.9405751868149
-3.8769240680701
4.3326637136982
6.155521879852
-8.411632899252
-5.3782801299679
-2.9292948603371
-0.50642091043637
-1.0084159517483
-5.5682685131125
-6.2663368049476
1.135542307443
-11.141230180526
5.4697522663393
-1.2874700596931
6.1146042482251
-5.6755419542997
3.9690428530536
5.3494269656005
-2.1211285702106
-3.329655790998
8.0169531011039
4.9651297752195
6.260907401317
-6.6289887594434
-0.1359895393083
-4.8264301296676
-5.0387683338089
-8.0153225535693
-5.9355056388318
1.8652882156087
3.6349421854312
1.382273692611
-5.056667082346
2.8137162042259
0.25458050387329
-4.6654555443789
-7.8672079180309
0.34736768361643
2.1867072354964
3.6171136665647
-7.3120105871238
4.8700480918847
-3.5686230499068
3.7839818577464
8.2885713624458
1.4470438276096
-4.9358381623091
0.021818058144959
-0.89898826704063
-7.8044812224838
3.2391928439314
0.14792237520097
-3.1308765593838
2.2066002179075
-6.9735237014972
12.507891514289
-3.7896811703381
-3.1871508875892
-5.9276468183713
-8.5905492573611
-3.1208842369394
-10.800063865561
-1.4404163790172
-1.3391557690299
-12.934682944783
0.61015623805465
-2.2684697150225
2.6616173939206
0.84361658648099
-8.292616103299
-0.9192590815515
-5.3348713867199
0.022717609721785
1.1328643822118
0.8772284867474
5.1099297683931
5.016175603272
-3.4799978547378
-1.0097292186554
-3.8718637456401
4.6042633423277
-6.721193432787
-5.2470264526624
3.9007055388946
-6.5983553424338
7.437182677274
3.6861061845697
-1.4775771903446
3.937631913625
12.007395644227
1.0528752690508
-0.077673893232159
-3.5751318732314
-5.156469355015
-3.4002870192111
0.58807087933788
-15.520674054372
-4.1421230589497
2.1602027808951
2.7421122238794
-0.052897914395672
9.4541188999802
1.6560294742361
-5.7924391123162
-5.196425913128
3.5527299217895
-0.17529119997971
-4.8742143486252
0.84947055217942
10.378210007984
-1.5375713058339
-5.4070829850974
-4.4491220740578
-2.8924227487743
-0.26293950812516
3.5634016912615
-3.2417310989681
-8.7501380584242
8.1329893418925
1.9664425399497
-9.4002873303587
-0.11378553941686
-0.84537485485452
4.0048154736009
5.4311021854472
1.3347042856581
3.4545741368977
-3.8412625981534
-0.18394288231053
-8.6168031950803
3.3346154240625
8.5153631846333
-1.6603141958448
-5.0803247887245
3.5580037321576
0.26703450021734
5.1702109019856
-4.1572380298058
5.6583887167557
-1.4068247231704
5.0781275970765
0.62850904570962
-5.5809531238964
-13.376275956146
3.2703626437542
0.61449294576757
8.1968712575546
2.5344582743134
-7.7060439548477
2.8138508248527
-8.2801476445378
-0.51520901416736
5.0352544207987
8.8195446651828
-6.176486079851
6.7753883021569
4.8369619996667
1.4443134221297
-1.493373813499
-5.3670958725442
6.3303530779937
-1.9554110074527
8.7184788288663
-6.7578288778111
0.81866782872034
-1.2559465181284
-2.9925960542154
6.8214006780197
-0.077875345000365
-1.850333245976
-8.1317052828419
-3.5804522133014
-3.0871051993685
0.72829084722113
0.40033612427898
6.3795548673708
4.5759001862463
6.2856861847946
5.0229537812986
3.3359019102908
-6.1151271245425
2.5605210160716
13.926512918821
0.98561175044925
-0.5378324042139
1.2175809186551
-3.1190249639629
-6.5837197928399
0.7253080754426
2.2799058078841
1.0267495787705
1.47212690775
8.8251286229927
-3.1491658157414
9.4172175759228
4.9479126868656
8.7471484726996
0.53409351439838
9.9528031077677
-7.5019928151893
2.6266289680674
8.0262441041768
8.4232992744399
6.2807558821424
-0.23045658471214
-4.9871339914886
3.1874879941105
2.1314549340087
1.7918275357876
-5.0992987287732
0.13766774077534
7.4541983246164
9.9146988269083
-1.6860818698978
-4.3991732066408
0.3667192737205
4.2896738751961
-4.1494090076313
-4.7820598743453
1.722617102745
-3.3228663774792
-9.3693216894397
1.5730200446158
6.3812893437758
-3.2562270191567
4.9750162238159
-3.0931909644979
1.6110316457368
-4.210253840365
-9.2056461746111
6.4556511099671
5.9912816279819
5.7002423438904
-3.9114687817274
4.7163068142776
-8.8531634459767
-4.7384229115241
2.615113571489
-3.5140474466236
4.5954120587975
8.1152832045417
10.3634250491
0.88886838030058
4.7815670347718
-4.2305611368969
-1.4251223527536
-0.62483153980899
4.0809418264204
0.89229707742759
-5.6543813056
0.74037621600928
-2.8305472813166
-2.531883640355
0.7331212115796
-2.0410171221396
0.60083795844259
7.739194214787
-7.2219100048701
-3.4613731800139
4.3589872360714
0.0942815190029
-2.8212296168445
-7.9031308612824
-3.6936979916797
6.2762576144205
0.079851457239171
-7.0400967644433
5.8096557161597
-6.7442667869823
5.2262884798128
-6.4038341713261
10.549647698411
-5.2546854358265
-6.3151944139871
3.4737598394289
-8.614257344846
5.4795768821236
-0.098132207549202
-0.75014237283739
-5.1440262484153
-4.3535493474965
4.8138138086496
3.0200321255293
6.354347265324
4.758350085125
-0.49218560668371
4.2433716427688
-0.91098973175431
2.9688898844014
-4.8152772284333
2.8845785678686
0.41142385536692
0.8163679359098
7.9620129236195
-0.15072910305707
-10.169334151397
-0.79461749987562
3.5639738935698
-3.5039229726938
0.57587664267858
2.9288063647001
-3.7023400285503
-10.944470480601
-0.36315912692292
3.4633404414503
6.091227343858
-0.69058996775597
-4.592260436087
-2.7881636076805
1.3779383368446
2.2491162351449
-2.8081419744168
-3.3503340607737
-2.5214826993857
3.2606886340159
-6.4974498229761
-0.43221445774643
0.22665723753187
3.783368701266
-6.3689691910653
7.3545330367835
-3.9542181061414
-1.2494970547231
-9.2748886285111
0.46889032034137
-8.1042212982867
-5.5629403580315
2.8832934241001
3.1157816543085
-2.6941296868406
3.7804960289409
9.3535753656808
-5.945531397267
1.8387708461213
-2.5099572186897
-5.361867305204
-0.91936676789807
-11.497952262087
-0.12931496146539
2.0401743063338
4.6751208989595
-0.58746594371955
1.0064097539645
1.5579554991667
-5.3794437190284
3.7484356727746
-5.0352037158655
1.9286256716291
-0.25477416465722
8.7025001399964
-1.5241239717934
-0.23188150053588
0.47209792015712
2.4373002819585
5.7502594729102
5.6290014373455
-0.72766625134896
7.2966192718188
-3.8417585401366
-1.3725500584232
-1.5876563538406
2.367694446846
6.3907801694925
-3.0786680910961
-7.3337356449299
-3.134451552257
7.6013658684465
-2.4091112445286
-0.29860064132266
-1.5722904021724
8.1370428143866
-11.561534224275
-4.3231315722946
2.0656851097125
6.7939619612727
-5.183652676372
2.2113915212769
-1.4856175865956
-1.8768786815756
-9.6911426630555
-5.246102261829
2.039191168737
0.93618601198602
4.6306827720013
1.1546297269564
-1.346891281427
-8.5818540197362
-7.0573004443287
-3.4328715297007
-0.50335902448243
-2.7311200321654
1.1044083069305
9.3940172469507
-4.7071730385959
-3.56884936336
-7.1695344685725
-1.8078750799572
-3.6971389279157
-9.46213801638
-0.57232882150597
5.6082515982752
-5.8015252806803
1.5398951700297
9.20251366782
0.93560818336663
6.5918063608505
-3.0863282305737
6.8387700465185
6.7113327319923
3.9777892025546
3.8285859013205
-4.6060949300411
7.2349032486454
-2.8730641581113
-8.4951668477911
4.9920212264257
-6.9801020617677
-1.0830803224841
-1.7212432091124
1.3275960991412
-0.03026805606327
-5.0737328426445
1.4819034082653
0.43090790909461
-6.1983410653401
-6.7531649921738
-3.7433630750735
2.4715284005222
8.1592098096096
-3.9396021908275
12.547330250035
3.9360792507737
-0.33396134500031
2.6251498824809
2.8748823476897
-0.53469090567467
-0.98569402147674
0.89472262109255
0.073412342945293
0.55908811136981
-1.9949548427803
-0.95707790981477
-0.15282727635324
1.2756793850735
3.4939400365252
1.5990623955368
5.9351546128359
-4.1611958796811
2.4073929790154
13.110062565499
0.46331645637116
2.3244947150261
7.8475307615572
2.9949615156705
0.097392052556932
-4.4864521421484
0.45326700821053
6.90106986384
-8.0359000449779
-8.8171746840165
1.8025625014786
5.1937715297563
-6.9466187186248
-2.1778044699015
3.5198609893861
-0.16299865593511
-0.13383331559995
-1.363393257915
4.8901277645251
4.1161429073368
