-0.00000000000000002319	0.00000000000000003891
-0.00000000000000002319	0.00000000000000003891
0.00000000000000002416	-0.01697761037211200155
0.00000000000000002416	-0.01697761037211200155
0.00000000000000001795	-0.05311512065283000017
0.00000000000000001795	-0.05311512065283000017
0.00000000000000000454	-0.09999999999981500076
0.00000000000000000454	-0.09999999999981500076
-0.00000000000000001104	-0.14688487934680000135
-0.00000000000000001104	-0.14688487934680000135
-0.00000000000000000222	-0.18302238962751998796
-0.00000000000000000222	-0.18302238962751998796
-0.00000000000000000601	-0.19999999999963000152
-0.00000000000000000601	-0.19999999999963000152
-0.00000000000000003213	-24.00000000000000000000
-0.00000000000000003213	-24.00000000000000000000
0.00000000000000003347	-23.98302238962800103650
0.00000000000000003347	-23.98302238962800103650
0.00000000000000002488	-23.94688487934699949733
0.00000000000000002488	-23.94688487934699949733
0.00000000000000000630	-23.89999999999999857891
0.00000000000000000630	-23.89999999999999857891
-0.00000000000000001529	-23.85311512065300121321
-0.00000000000000001529	-23.85311512065300121321
-0.00000000000000000308	-23.81697761037199967404
-0.00000000000000000308	-23.81697761037199967404
-0.00000000000000000833	-23.80000000000000071054
-0.00000000000000000833	-23.80000000000000071054
-0.00000000000000002872	-17.00000000000000000000
-0.00000000000000002872	-17.00000000000000000000
0.00000000000000002992	-17.01697761037199896350
0.00000000000000002992	-17.01697761037199896350
0.00000000000000002224	-17.05311512065300050267
0.00000000000000002224	-17.05311512065300050267
0.00000000000000000563	-17.10000000000000142109
0.00000000000000000563	-17.10000000000000142109
-0.00000000000000001367	-17.14688487934699878679
-0.00000000000000001367	-17.14688487934699878679
-0.00000000000000000275	-17.18302238962800032596
-0.00000000000000000275	-17.18302238962800032596
-0.00000000000000000745	-17.19999999999999928946
-0.00000000000000000745	-17.19999999999999928946
-0.00000000000000002886	-17.00000000000000000000
-0.00000000000000002886	-17.00000000000000000000
0.00000000000000003007	-16.98302238962800103650
0.00000000000000003007	-16.98302238962800103650
0.00000000000000002235	-16.94688487934899967513
0.00000000000000002235	-16.94688487934899967513
0.00000000000000000566	-16.90000000000300062197
0.00000000000000000566	-16.90000000000300062197
-0.00000000000000001374	-16.85311512065700156882
-0.00000000000000001374	-16.85311512065700156882
-0.00000000000000000277	-16.81697761037699834219
-0.00000000000000000277	-16.81697761037699834219
-0.00000000000000000748	-16.80000000000600124395
-0.00000000000000000748	-16.80000000000600124395
-0.00000000000000002469	-12.00000000000000000000
-0.00000000000000002469	-12.00000000000000000000
0.00000000000000002572	-12.01697761037200073986
0.00000000000000002572	-12.01697761037200073986
0.00000000000000001911	-12.05311512065300050267
0.00000000000000001911	-12.05311512065300050267
0.00000000000000000484	-12.10000000000099973363
0.00000000000000000484	-12.10000000000099973363
-0.00000000000000001175	-12.14688487934800065204
-0.00000000000000001175	-12.14688487934800065204
-0.00000000000000000237	-12.18302238962900041486
-0.00000000000000000237	-12.18302238962900041486
-0.00000000000000000640	-12.20000000000099937836
-0.00000000000000000640	-12.20000000000099937836
-0.00000000000000002913	-12.00000000000000000000
-0.00000000000000002913	-12.00000000000000000000
0.00000000000000003035	-11.98302238962799926014
0.00000000000000003035	-11.98302238962799926014
0.00000000000000002256	-11.94688487934699949733
0.00000000000000002256	-11.94688487934699949733
0.00000000000000000571	-11.90000000000000035527
0.00000000000000000571	-11.90000000000000035527
-0.00000000000000001386	-11.85311512065299943686
-0.00000000000000001386	-11.85311512065299943686
-0.00000000000000000279	-11.81697761037199967404
-0.00000000000000000279	-11.81697761037199967404
-0.00000000000000000755	-11.80000000000000071054
-0.00000000000000000755	-11.80000000000000071054
-0.00000000000000003203	-2.00000000000000000000
-0.00000000000000003203	-2.00000000000000000000
0.00000000000000003336	-2.01697761037210021584
0.00000000000000003336	-2.01697761037210021584
0.00000000000000002480	-2.05311512065290013851
0.00000000000000002480	-2.05311512065290013851
0.00000000000000000628	-2.10000000000000008882
0.00000000000000000628	-2.10000000000000008882
-0.00000000000000001524	-2.14688487934700011905
-0.00000000000000001524	-2.14688487934700011905
-0.00000000000000000307	-2.18302238962780004172
-0.00000000000000000307	-2.18302238962780004172
-0.00000000000000000830	-2.19999999999989981347
-0.00000000000000000830	-2.19999999999989981347
-0.00000000000000002260	-2.00000000000000000000
-0.00000000000000002260	-2.00000000000000000000
0.00000000000000002355	-1.98302238962780008613
0.00000000000000002355	-1.98302238962780008613
0.00000000000000001750	-1.94688487934690002135
0.00000000000000001750	-1.94688487934690002135
0.00000000000000000443	-1.89999999999969992892
0.00000000000000000443	-1.89999999999969992892
-0.00000000000000001076	-1.85311512065250005854
-0.00000000000000001076	-1.85311512065250005854
-0.00000000000000000217	-1.81697761037169991383
-0.00000000000000000217	-1.81697761037169991383
-0.00000000000000000586	-1.79999999999949999996
-0.00000000000000000586	-1.79999999999949999996
-0.00000000000000002969	-17.19999999999999928946
-0.00000000000000002969	-17.19999999999999928946
0.00000000000000003093	-17.21697761037199825296
0.00000000000000003093	-17.21697761037199825296
0.00000000000000002299	-17.25311512065299979213
0.00000000000000002299	-17.25311512065299979213
0.00000000000000000582	-17.30000000000000071054
0.00000000000000000582	-17.30000000000000071054
-0.00000000000000001413	-17.34688487934700162896
-0.00000000000000001413	-17.34688487934700162896
-0.00000000000000000285	-17.38302238962799961541
-0.00000000000000000285	-17.38302238962799961541
-0.00000000000000000770	-17.39999999999999857891
-0.00000000000000000770	-17.39999999999999857891
-0.00000000000000003041	-17.39999999999999857891
-0.00000000000000003041	-17.39999999999999857891
0.00000000000000003167	-17.41697761037200109513
0.00000000000000003167	-17.41697761037200109513
0.00000000000000002354	-17.45311512065299908159
0.00000000000000002354	-17.45311512065299908159
0.00000000000000000596	-17.50000000000000000000
0.00000000000000000596	-17.50000000000000000000
-0.00000000000000001447	-17.54688487934700091841
-0.00000000000000001447	-17.54688487934700091841
-0.00000000000000000292	-17.58302238962799890487
-0.00000000000000000292	-17.58302238962799890487
-0.00000000000000000788	-17.60000000000000142109
-0.00000000000000000788	-17.60000000000000142109
-0.00000000000000002980	-17.60000000000000142109
-0.00000000000000002980	-17.60000000000000142109
0.00000000000000003104	-17.61697761037200038459
0.00000000000000003104	-17.61697761037200038459
0.00000000000000002307	-17.65311512065299837104
0.00000000000000002307	-17.65311512065299837104
0.00000000000000000584	-17.69999999999999928946
0.00000000000000000584	-17.69999999999999928946
-0.00000000000000001418	-17.74688487934700020787
-0.00000000000000001418	-17.74688487934700020787
-0.00000000000000000286	-17.78302238962800174704
-0.00000000000000000286	-17.78302238962800174704
-0.00000000000000000772	-17.80000000000000071054
-0.00000000000000000772	-17.80000000000000071054
-0.00000000000000002315	-17.80000000000000071054
-0.00000000000000002315	-17.80000000000000071054
0.00000000000000002411	-17.81697761037199967404
0.00000000000000002411	-17.81697761037199967404
0.00000000000000001792	-17.85311512065300121321
0.00000000000000001792	-17.85311512065300121321
0.00000000000000000454	-17.89999999999999857891
0.00000000000000000454	-17.89999999999999857891
-0.00000000000000001102	-17.94688487934699949733
-0.00000000000000001102	-17.94688487934699949733
-0.00000000000000000222	-17.98302238962800103650
-0.00000000000000000222	-17.98302238962800103650
-0.00000000000000000600	-18.00000000000000000000
-0.00000000000000000600	-18.00000000000000000000
-0.00000000000000002957	-18.00000000000000000000
-0.00000000000000002957	-18.00000000000000000000
0.00000000000000003081	-18.01697761037199896350
0.00000000000000003081	-18.01697761037199896350
0.00000000000000002290	-18.05311512065300050267
0.00000000000000002290	-18.05311512065300050267
0.00000000000000000579	-18.10000000000000142109
0.00000000000000000579	-18.10000000000000142109
-0.00000000000000001408	-18.14688487934699878679
-0.00000000000000001408	-18.14688487934699878679
-0.00000000000000000284	-18.18302238962800032596
-0.00000000000000000284	-18.18302238962800032596
-0.00000000000000000767	-18.19999999999999928946
-0.00000000000000000767	-18.19999999999999928946
-0.00000000000000003257	-18.19999999999999928946
-0.00000000000000003257	-18.19999999999999928946
0.00000000000000003393	-18.21697761037199825296
0.00000000000000003393	-18.21697761037199825296
0.00000000000000002522	-18.25311512065299979213
0.00000000000000002522	-18.25311512065299979213
0.00000000000000000638	-18.30000000000000071054
0.00000000000000000638	-18.30000000000000071054
-0.00000000000000001550	-18.34688487934700162896
-0.00000000000000001550	-18.34688487934700162896
-0.00000000000000000312	-18.38302238962799961541
-0.00000000000000000312	-18.38302238962799961541
-0.00000000000000000844	-18.39999999999999857891
-0.00000000000000000844	-18.39999999999999857891
-0.00000000000000003007	-18.39999999999999857891
-0.00000000000000003007	-18.39999999999999857891
0.00000000000000003132	-18.41697761037200109513
0.00000000000000003132	-18.41697761037200109513
0.00000000000000002328	-18.45311512065299908159
0.00000000000000002328	-18.45311512065299908159
0.00000000000000000589	-18.50000000000000000000
0.00000000000000000589	-18.50000000000000000000
-0.00000000000000001431	-18.54688487934700091841
-0.00000000000000001431	-18.54688487934700091841
-0.00000000000000000288	-18.58302238962799890487
-0.00000000000000000288	-18.58302238962799890487
-0.00000000000000000779	-18.60000000000000142109
-0.00000000000000000779	-18.60000000000000142109
-0.00000000000000003226	-18.60000000000000142109
-0.00000000000000003226	-18.60000000000000142109
0.00000000000000003360	-18.61697761037200038459
0.00000000000000003360	-18.61697761037200038459
0.00000000000000002497	-18.65311512065299837104
0.00000000000000002497	-18.65311512065299837104
0.00000000000000000632	-18.69999999999999928946
0.00000000000000000632	-18.69999999999999928946
-0.00000000000000001535	-18.74688487934700020787
-0.00000000000000001535	-18.74688487934700020787
-0.00000000000000000309	-18.78302238962800174704
-0.00000000000000000309	-18.78302238962800174704
-0.00000000000000000836	-18.80000000000000071054
-0.00000000000000000836	-18.80000000000000071054
-0.00000000000000003859	-18.80000000000000071054
-0.00000000000000003859	-18.80000000000000071054
0.00000000000000004020	-18.81697761037199967404
0.00000000000000004020	-18.81697761037199967404
0.00000000000000002988	-18.85311512065300121321
0.00000000000000002988	-18.85311512065300121321
0.00000000000000000756	-18.89999999999999857891
0.00000000000000000756	-18.89999999999999857891
-0.00000000000000001837	-18.94688487934699949733
-0.00000000000000001837	-18.94688487934699949733
-0.00000000000000000370	-18.98302238962800103650
-0.00000000000000000370	-18.98302238962800103650
-0.00000000000000001000	-19.00000000000000000000
-0.00000000000000001000	-19.00000000000000000000
-0.00000000000000002396	-19.00000000000000000000
-0.00000000000000002396	-19.00000000000000000000
0.00000000000000002495	-19.01697761037199896350
0.00000000000000002495	-19.01697761037199896350
0.00000000000000001855	-19.05311512065300050267
0.00000000000000001855	-19.05311512065300050267
0.00000000000000000469	-19.10000000000000142109
0.00000000000000000469	-19.10000000000000142109
-0.00000000000000001140	-19.14688487934699878679
-0.00000000000000001140	-19.14688487934699878679
-0.00000000000000000230	-19.18302238962800032596
-0.00000000000000000230	-19.18302238962800032596
-0.00000000000000000621	-19.19999999999999928946
-0.00000000000000000621	-19.19999999999999928946
-0.00000000000000002646	-19.19999999999999928946
-0.00000000000000002646	-19.19999999999999928946
0.00000000000000002757	-19.21697761037199825296
0.00000000000000002757	-19.21697761037199825296
0.00000000000000002049	-19.25311512065299979213
0.00000000000000002049	-19.25311512065299979213
0.00000000000000000518	-19.30000000000000071054
0.00000000000000000518	-19.30000000000000071054
-0.00000000000000001259	-19.34688487934700162896
-0.00000000000000001259	-19.34688487934700162896
-0.00000000000000000254	-19.38302238962799961541
-0.00000000000000000254	-19.38302238962799961541
-0.00000000000000000686	-19.39999999999999857891
-0.00000000000000000686	-19.39999999999999857891
-0.00000000000000002624	-19.39999999999999857891
-0.00000000000000002624	-19.39999999999999857891
0.00000000000000002733	-19.41697761037200109513
0.00000000000000002733	-19.41697761037200109513
0.00000000000000002031	-19.45311512065299908159
0.00000000000000002031	-19.45311512065299908159
0.00000000000000000514	-19.50000000000000000000
0.00000000000000000514	-19.50000000000000000000
-0.00000000000000001249	-19.54688487934700091841
-0.00000000000000001249	-19.54688487934700091841
-0.00000000000000000252	-19.58302238962799890487
-0.00000000000000000252	-19.58302238962799890487
-0.00000000000000000680	-19.60000000000000142109
-0.00000000000000000680	-19.60000000000000142109
-0.00000000000000002781	-19.60000000000000142109
-0.00000000000000002781	-19.60000000000000142109
0.00000000000000002897	-19.61697761037200038459
0.00000000000000002897	-19.61697761037200038459
0.00000000000000002153	-19.65311512065299837104
0.00000000000000002153	-19.65311512065299837104
0.00000000000000000545	-19.69999999999999928946
0.00000000000000000545	-19.69999999999999928946
-0.00000000000000001323	-19.74688487934700020787
-0.00000000000000001323	-19.74688487934700020787
-0.00000000000000000267	-19.78302238962800174704
-0.00000000000000000267	-19.78302238962800174704
-0.00000000000000000721	-19.80000000000000071054
-0.00000000000000000721	-19.80000000000000071054
-0.00000000000000002939	-19.80000000000000071054
-0.00000000000000002939	-19.80000000000000071054
0.00000000000000003061	-19.81697761037199967404
0.00000000000000003061	-19.81697761037199967404
0.00000000000000002275	-19.85311512065300121321
0.00000000000000002275	-19.85311512065300121321
0.00000000000000000576	-19.89999999999999857891
0.00000000000000000576	-19.89999999999999857891
-0.00000000000000001398	-19.94688487934699949733
-0.00000000000000001398	-19.94688487934699949733
-0.00000000000000000282	-19.98302238962800103650
-0.00000000000000000282	-19.98302238962800103650
-0.00000000000000000762	-20.00000000000000000000
-0.00000000000000000762	-20.00000000000000000000
-0.00000000000000002951	-20.00000000000000000000
-0.00000000000000002951	-20.00000000000000000000
0.00000000000000003074	-20.01697761037199896350
0.00000000000000003074	-20.01697761037199896350
0.00000000000000002285	-20.05311512065300050267
0.00000000000000002285	-20.05311512065300050267
0.00000000000000000578	-20.10000000000000142109
0.00000000000000000578	-20.10000000000000142109
-0.00000000000000001404	-20.14688487934699878679
-0.00000000000000001404	-20.14688487934699878679
-0.00000000000000000283	-20.18302238962800032596
-0.00000000000000000283	-20.18302238962800032596
-0.00000000000000000765	-20.19999999999999928946
-0.00000000000000000765	-20.19999999999999928946
-0.00000000000000002959	-20.19999999999999928946
-0.00000000000000002959	-20.19999999999999928946
0.00000000000000003082	-20.21697761037199825296
0.00000000000000003082	-20.21697761037199825296
0.00000000000000002291	-20.25311512065299979213
0.00000000000000002291	-20.25311512065299979213
0.00000000000000000580	-20.30000000000000071054
0.00000000000000000580	-20.30000000000000071054
-0.00000000000000001408	-20.34688487934700162896
-0.00000000000000001408	-20.34688487934700162896
-0.00000000000000000284	-20.38302238962799961541
-0.00000000000000000284	-20.38302238962799961541
-0.00000000000000000767	-20.39999999999999857891
-0.00000000000000000767	-20.39999999999999857891
-0.00000000000000002939	-20.39999999999999857891
-0.00000000000000002939	-20.39999999999999857891
0.00000000000000003062	-20.41697761037200109513
0.00000000000000003062	-20.41697761037200109513
0.00000000000000002276	-20.45311512065299908159
0.00000000000000002276	-20.45311512065299908159
0.00000000000000000576	-20.50000000000000000000
0.00000000000000000576	-20.50000000000000000000
-0.00000000000000001399	-20.54688487934700091841
-0.00000000000000001399	-20.54688487934700091841
-0.00000000000000000282	-20.58302238962799890487
-0.00000000000000000282	-20.58302238962799890487
-0.00000000000000000762	-20.60000000000000142109
-0.00000000000000000762	-20.60000000000000142109
-0.00000000000000002958	-20.60000000000000142109
-0.00000000000000002958	-20.60000000000000142109
0.00000000000000003081	-20.61697761037200038459
0.00000000000000003081	-20.61697761037200038459
0.00000000000000002290	-20.65311512065299837104
0.00000000000000002290	-20.65311512065299837104
0.00000000000000000579	-20.69999999999999928946
0.00000000000000000579	-20.69999999999999928946
-0.00000000000000001408	-20.74688487934700020787
-0.00000000000000001408	-20.74688487934700020787
-0.00000000000000000284	-20.78302238962800174704
-0.00000000000000000284	-20.78302238962800174704
-0.00000000000000000767	-20.80000000000000071054
-0.00000000000000000767	-20.80000000000000071054
-0.00000000000000003093	-20.80000000000000071054
-0.00000000000000003093	-20.80000000000000071054
0.00000000000000003222	-20.81697761037199967404
0.00000000000000003222	-20.81697761037199967404
0.00000000000000002395	-20.85311512065300121321
0.00000000000000002395	-20.85311512065300121321
0.00000000000000000606	-20.89999999999999857891
0.00000000000000000606	-20.89999999999999857891
-0.00000000000000001472	-20.94688487934699949733
-0.00000000000000001472	-20.94688487934699949733
-0.00000000000000000297	-20.98302238962800103650
-0.00000000000000000297	-20.98302238962800103650
-0.00000000000000000802	-21.00000000000000000000
-0.00000000000000000802	-21.00000000000000000000
-0.00000000000000002886	-21.00000000000000000000
-0.00000000000000002886	-21.00000000000000000000
0.00000000000000003007	-21.01697761037199896350
0.00000000000000003007	-21.01697761037199896350
0.00000000000000002235	-21.05311512065300050267
0.00000000000000002235	-21.05311512065300050267
0.00000000000000000566	-21.10000000000000142109
0.00000000000000000566	-21.10000000000000142109
-0.00000000000000001374	-21.14688487934699878679
-0.00000000000000001374	-21.14688487934699878679
-0.00000000000000000277	-21.18302238962800032596
-0.00000000000000000277	-21.18302238962800032596
-0.00000000000000000748	-21.19999999999999928946
-0.00000000000000000748	-21.19999999999999928946
-0.00000000000000002390	-21.19999999999999928946
-0.00000000000000002390	-21.19999999999999928946
0.00000000000000002489	-21.21697761037199825296
0.00000000000000002489	-21.21697761037199825296
0.00000000000000001850	-21.25311512065299979213
0.00000000000000001850	-21.25311512065299979213
0.00000000000000000468	-21.30000000000000071054
0.00000000000000000468	-21.30000000000000071054
-0.00000000000000001137	-21.34688487934700162896
-0.00000000000000001137	-21.34688487934700162896
-0.00000000000000000229	-21.38302238962799961541
-0.00000000000000000229	-21.38302238962799961541
-0.00000000000000000619	-21.39999999999999857891
-0.00000000000000000619	-21.39999999999999857891
-0.00000000000000002886	-21.39999999999999857891
-0.00000000000000002886	-21.39999999999999857891
0.00000000000000003007	-21.41697761037200109513
0.00000000000000003007	-21.41697761037200109513
0.00000000000000002235	-21.45311512065299908159
0.00000000000000002235	-21.45311512065299908159
0.00000000000000000566	-21.50000000000000000000
0.00000000000000000566	-21.50000000000000000000
-0.00000000000000001374	-21.54688487934700091841
-0.00000000000000001374	-21.54688487934700091841
-0.00000000000000000277	-21.58302238962799890487
-0.00000000000000000277	-21.58302238962799890487
-0.00000000000000000748	-21.60000000000000142109
-0.00000000000000000748	-21.60000000000000142109
-0.00000000000000003095	-21.60000000000000142109
-0.00000000000000003095	-21.60000000000000142109
0.00000000000000003224	-21.61697761037200038459
0.00000000000000003224	-21.61697761037200038459
0.00000000000000002396	-21.65311512065299837104
0.00000000000000002396	-21.65311512065299837104
0.00000000000000000606	-21.69999999999999928946
0.00000000000000000606	-21.69999999999999928946
-0.00000000000000001473	-21.74688487934700020787
-0.00000000000000001473	-21.74688487934700020787
-0.00000000000000000297	-21.78302238962800174704
-0.00000000000000000297	-21.78302238962800174704
-0.00000000000000000802	-21.80000000000000071054
-0.00000000000000000802	-21.80000000000000071054
-0.00000000000000003124	-21.80000000000000071054
-0.00000000000000003124	-21.80000000000000071054
0.00000000000000003254	-21.81697761037199967404
0.00000000000000003254	-21.81697761037199967404
0.00000000000000002419	-21.85311512065300121321
0.00000000000000002419	-21.85311512065300121321
0.00000000000000000612	-21.89999999999999857891
0.00000000000000000612	-21.89999999999999857891
-0.00000000000000001487	-21.94688487934699949733
-0.00000000000000001487	-21.94688487934699949733
-0.00000000000000000300	-21.98302238962800103650
-0.00000000000000000300	-21.98302238962800103650
-0.00000000000000000810	-22.00000000000000000000
-0.00000000000000000810	-22.00000000000000000000
-0.00000000000000003278	-22.00000000000000000000
-0.00000000000000003278	-22.00000000000000000000
0.00000000000000003414	-22.01697761037199896350
0.00000000000000003414	-22.01697761037199896350
0.00000000000000002538	-22.05311512065300050267
0.00000000000000002538	-22.05311512065300050267
0.00000000000000000642	-22.10000000000000142109
0.00000000000000000642	-22.10000000000000142109
-0.00000000000000001560	-22.14688487934699878679
-0.00000000000000001560	-22.14688487934699878679
-0.00000000000000000314	-22.18302238962800032596
-0.00000000000000000314	-22.18302238962800032596
-0.00000000000000000850	-22.19999999999999928946
-0.00000000000000000850	-22.19999999999999928946
-0.00000000000000003235	-22.19999999999999928946
-0.00000000000000003235	-22.19999999999999928946
0.00000000000000003370	-22.21697761037199825296
0.00000000000000003370	-22.21697761037199825296
0.00000000000000002505	-22.25311512065299979213
0.00000000000000002505	-22.25311512065299979213
0.00000000000000000634	-22.30000000000000071054
0.00000000000000000634	-22.30000000000000071054
-0.00000000000000001540	-22.34688487934700162896
-0.00000000000000001540	-22.34688487934700162896
-0.00000000000000000310	-22.38302238962799961541
-0.00000000000000000310	-22.38302238962799961541
-0.00000000000000000839	-22.39999999999999857891
-0.00000000000000000839	-22.39999999999999857891
-0.00000000000000002886	-22.39999999999999857891
-0.00000000000000002886	-22.39999999999999857891
0.00000000000000003007	-22.41697761037200109513
0.00000000000000003007	-22.41697761037200109513
0.00000000000000002235	-22.45311512065299908159
0.00000000000000002235	-22.45311512065299908159
0.00000000000000000566	-22.50000000000000000000
0.00000000000000000566	-22.50000000000000000000
-0.00000000000000001374	-22.54688487934700091841
-0.00000000000000001374	-22.54688487934700091841
-0.00000000000000000277	-22.58302238962799890487
-0.00000000000000000277	-22.58302238962799890487
-0.00000000000000000748	-22.60000000000000142109
-0.00000000000000000748	-22.60000000000000142109
-0.00000000000000002951	-22.60000000000000142109
-0.00000000000000002951	-22.60000000000000142109
0.00000000000000003074	-22.61697761037200038459
0.00000000000000003074	-22.61697761037200038459
0.00000000000000002285	-22.65311512065299837104
0.00000000000000002285	-22.65311512065299837104
0.00000000000000000578	-22.69999999999999928946
0.00000000000000000578	-22.69999999999999928946
-0.00000000000000001405	-22.74688487934700020787
-0.00000000000000001405	-22.74688487934700020787
-0.00000000000000000283	-22.78302238962800174704
-0.00000000000000000283	-22.78302238962800174704
-0.00000000000000000765	-22.80000000000000071054
-0.00000000000000000765	-22.80000000000000071054
-0.00000000000000003227	-22.80000000000000071054
-0.00000000000000003227	-22.80000000000000071054
0.00000000000000003361	-22.81697761037199967404
0.00000000000000003361	-22.81697761037199967404
0.00000000000000002498	-22.85311512065300121321
0.00000000000000002498	-22.85311512065300121321
0.00000000000000000632	-22.89999999999999857891
0.00000000000000000632	-22.89999999999999857891
-0.00000000000000001536	-22.94688487934699949733
-0.00000000000000001536	-22.94688487934699949733
-0.00000000000000000310	-22.98302238962800103650
-0.00000000000000000310	-22.98302238962800103650
-0.00000000000000000836	-23.00000000000000000000
-0.00000000000000000836	-23.00000000000000000000
-0.00000000000000002428	-23.00000000000000000000
-0.00000000000000002428	-23.00000000000000000000
0.00000000000000002529	-23.01697761037199896350
0.00000000000000002529	-23.01697761037199896350
0.00000000000000001880	-23.05311512065300050267
0.00000000000000001880	-23.05311512065300050267
0.00000000000000000476	-23.10000000000000142109
0.00000000000000000476	-23.10000000000000142109
-0.00000000000000001156	-23.14688487934699878679
-0.00000000000000001156	-23.14688487934699878679
-0.00000000000000000233	-23.18302238962800032596
-0.00000000000000000233	-23.18302238962800032596
-0.00000000000000000629	-23.19999999999999928946
-0.00000000000000000629	-23.19999999999999928946
-0.00000000000000003160	-23.19999999999999928946
-0.00000000000000003160	-23.19999999999999928946
0.00000000000000003292	-23.21697761037199825296
0.00000000000000003292	-23.21697761037199825296
0.00000000000000002447	-23.25311512065299979213
0.00000000000000002447	-23.25311512065299979213
0.00000000000000000619	-23.30000000000000071054
0.00000000000000000619	-23.30000000000000071054
-0.00000000000000001504	-23.34688487934700162896
-0.00000000000000001504	-23.34688487934700162896
-0.00000000000000000303	-23.38302238962799961541
-0.00000000000000000303	-23.38302238962799961541
-0.00000000000000000819	-23.39999999999999857891
-0.00000000000000000819	-23.39999999999999857891
-0.00000000000000002217	-23.39999999999999857891
-0.00000000000000002217	-23.39999999999999857891
0.00000000000000002310	-23.41697761037200109513
0.00000000000000002310	-23.41697761037200109513
0.00000000000000001717	-23.45311512065299908159
0.00000000000000001717	-23.45311512065299908159
0.00000000000000000434	-23.50000000000000000000
0.00000000000000000434	-23.50000000000000000000
-0.00000000000000001055	-23.54688487934700091841
-0.00000000000000001055	-23.54688487934700091841
-0.00000000000000000213	-23.58302238962799890487
-0.00000000000000000213	-23.58302238962799890487
-0.00000000000000000575	-23.60000000000000142109
-0.00000000000000000575	-23.60000000000000142109
-0.00000000000000002741	-23.60000000000000142109
-0.00000000000000002741	-23.60000000000000142109
0.00000000000000002855	-23.61697761037200038459
0.00000000000000002855	-23.61697761037200038459
0.00000000000000002122	-23.65311512065299837104
0.00000000000000002122	-23.65311512065299837104
0.00000000000000000537	-23.69999999999999928946
0.00000000000000000537	-23.69999999999999928946
-0.00000000000000001304	-23.74688487934700020787
-0.00000000000000001304	-23.74688487934700020787
-0.00000000000000000263	-23.78302238962800174704
-0.00000000000000000263	-23.78302238962800174704
-0.00000000000000000710	-23.80000000000000071054
-0.00000000000000000710	-23.80000000000000071054
-0.00000000000000003542	-12.20000000000099937836
-0.00000000000000003542	-12.20000000000099937836
0.00000000000000003690	-12.21697761037400020712
0.00000000000000003690	-12.21697761037400020712
0.00000000000000002742	-12.25311512065499996993
0.00000000000000002742	-12.25311512065499996993
0.00000000000000000694	-12.30000000000199911199
0.00000000000000000694	-12.30000000000199911199
-0.00000000000000001686	-12.34688487935000011930
-0.00000000000000001686	-12.34688487935000011930
-0.00000000000000000340	-12.38302238963099988212
-0.00000000000000000340	-12.38302238963099988212
-0.00000000000000000918	-12.40000000000300062197
-0.00000000000000000918	-12.40000000000300062197
-0.00000000000000002668	-12.40000000000300062197
-0.00000000000000002668	-12.40000000000300062197
0.00000000000000002780	-12.41697761037499958547
0.00000000000000002780	-12.41697761037499958547
0.00000000000000002066	-12.45311512065599934829
0.00000000000000002066	-12.45311512065599934829
0.00000000000000000523	-12.50000000000400035560
0.00000000000000000523	-12.50000000000400035560
-0.00000000000000001270	-12.54688487935099949766
-0.00000000000000001270	-12.54688487935099949766
-0.00000000000000000256	-12.58302238963199926047
-0.00000000000000000256	-12.58302238963199926047
-0.00000000000000000692	-12.60000000000400000033
-0.00000000000000000692	-12.60000000000400000033
-0.00000000000000003296	-12.60000000000400000033
-0.00000000000000003296	-12.60000000000400000033
0.00000000000000003434	-12.61697761037700082909
0.00000000000000003434	-12.61697761037700082909
0.00000000000000002552	-12.65311512065800059190
0.00000000000000002552	-12.65311512065800059190
0.00000000000000000646	-12.70000000000499973396
0.00000000000000000646	-12.70000000000499973396
-0.00000000000000001569	-12.74688487935200065237
-0.00000000000000001569	-12.74688487935200065237
-0.00000000000000000316	-12.78302238963300041519
-0.00000000000000000316	-12.78302238963300041519
-0.00000000000000000854	-12.80000000000599946759
-0.00000000000000000854	-12.80000000000599946759
-0.00000000000000002150	-12.80000000000599946759
-0.00000000000000002150	-12.80000000000599946759
0.00000000000000002239	-12.81697761037800020745
0.00000000000000002239	-12.81697761037800020745
0.00000000000000001664	-12.85311512065899997026
0.00000000000000001664	-12.85311512065899997026
0.00000000000000000421	-12.90000000000599911232
0.00000000000000000421	-12.90000000000599911232
-0.00000000000000001023	-12.94688487935400011963
-0.00000000000000001023	-12.94688487935400011963
-0.00000000000000000206	-12.98302238963499988245
-0.00000000000000000206	-12.98302238963499988245
-0.00000000000000000557	-13.00000000000700062230
-0.00000000000000000557	-13.00000000000700062230
-0.00000000000000002691	-13.00000000000700062230
-0.00000000000000002691	-13.00000000000700062230
0.00000000000000002804	-13.01697761037899958581
0.00000000000000002804	-13.01697761037899958581
0.00000000000000002084	-13.05311512065999934862
0.00000000000000002084	-13.05311512065999934862
0.00000000000000000527	-13.10000000000800035593
0.00000000000000000527	-13.10000000000800035593
-0.00000000000000001281	-13.14688487935499949799
-0.00000000000000001281	-13.14688487935499949799
-0.00000000000000000258	-13.18302238963599926080
-0.00000000000000000258	-13.18302238963599926080
-0.00000000000000000698	-13.20000000000800000066
-0.00000000000000000698	-13.20000000000800000066
-0.00000000000000002886	-13.20000000000800000066
-0.00000000000000002886	-13.20000000000800000066
0.00000000000000003007	-13.21697761038100082942
0.00000000000000003007	-13.21697761038100082942
0.00000000000000002235	-13.25311512066200059223
0.00000000000000002235	-13.25311512066200059223
0.00000000000000000566	-13.30000000000899973429
0.00000000000000000566	-13.30000000000899973429
-0.00000000000000001374	-13.34688487935700074161
-0.00000000000000001374	-13.34688487935700074161
-0.00000000000000000277	-13.38302238963800050442
-0.00000000000000000277	-13.38302238963800050442
-0.00000000000000000748	-13.40000000000999946792
-0.00000000000000000748	-13.40000000000999946792
-0.00000000000000002886	-13.40000000000999946792
-0.00000000000000002886	-13.40000000000999946792
0.00000000000000003007	-13.41697761038200020778
0.00000000000000003007	-13.41697761038200020778
0.00000000000000002235	-13.45311512066299997059
0.00000000000000002235	-13.45311512066299997059
0.00000000000000000566	-13.50000000001099920155
0.00000000000000000566	-13.50000000001099920155
-0.00000000000000001374	-13.54688487935800011996
-0.00000000000000001374	-13.54688487935800011996
-0.00000000000000000277	-13.58302238963899988278
-0.00000000000000000277	-13.58302238963899988278
-0.00000000000000000748	-13.60000000001100062264
-0.00000000000000000748	-13.60000000001100062264
-0.00000000000000002876	-13.60000000001100062264
-0.00000000000000002876	-13.60000000001100062264
0.00000000000000002996	-13.61697761038399967504
0.00000000000000002996	-13.61697761038399967504
0.00000000000000002227	-13.65311512066499943785
0.00000000000000002227	-13.65311512066499943785
0.00000000000000000563	-13.70000000001200035626
0.00000000000000000563	-13.70000000001200035626
-0.00000000000000001369	-13.74688487935899949832
-0.00000000000000001369	-13.74688487935899949832
-0.00000000000000000276	-13.78302238963999926114
-0.00000000000000000276	-13.78302238963999926114
-0.00000000000000000746	-13.80000000001300008989
-0.00000000000000000746	-13.80000000001300008989
-0.00000000000000002495	-13.80000000001300008989
-0.00000000000000002495	-13.80000000001300008989
0.00000000000000002599	-13.81697761038500082975
0.00000000000000002599	-13.81697761038500082975
0.00000000000000001932	-13.85311512066600059256
0.00000000000000001932	-13.85311512066600059256
0.00000000000000000489	-13.90000000001299973462
0.00000000000000000489	-13.90000000001299973462
-0.00000000000000001187	-13.94688487936100074194
-0.00000000000000001187	-13.94688487936100074194
-0.00000000000000000239	-13.98302238964200050475
-0.00000000000000000239	-13.98302238964200050475
-0.00000000000000000647	-14.00000000001399946825
-0.00000000000000000647	-14.00000000001399946825
-0.00000000000000003641	-14.00000000001399946825
-0.00000000000000003641	-14.00000000001399946825
0.00000000000000003793	-14.01697761038600020811
0.00000000000000003793	-14.01697761038600020811
0.00000000000000002819	-14.05311512066699997092
0.00000000000000002819	-14.05311512066699997092
0.00000000000000000713	-14.10000000001499920188
0.00000000000000000713	-14.10000000001499920188
-0.00000000000000001733	-14.14688487936200012030
-0.00000000000000001733	-14.14688487936200012030
-0.00000000000000000349	-14.18302238964299988311
-0.00000000000000000349	-14.18302238964299988311
-0.00000000000000000944	-14.20000000001600071187
-0.00000000000000000944	-14.20000000001600071187
-0.00000000000000002719	-14.20000000001600071187
-0.00000000000000002719	-14.20000000001600071187
0.00000000000000002832	-14.21697761038799967537
0.00000000000000002832	-14.21697761038799967537
0.00000000000000002105	-14.25311512066899943818
0.00000000000000002105	-14.25311512066899943818
0.00000000000000000533	-14.30000000001600035660
0.00000000000000000533	-14.30000000001600035660
-0.00000000000000001294	-14.34688487936399958755
-0.00000000000000001294	-14.34688487936399958755
-0.00000000000000000261	-14.38302238964499935037
-0.00000000000000000261	-14.38302238964499935037
-0.00000000000000000705	-14.40000000001700009022
-0.00000000000000000705	-14.40000000001700009022
-0.00000000000000002998	-14.40000000001700009022
-0.00000000000000002998	-14.40000000001700009022
0.00000000000000003123	-14.41697761038900083008
0.00000000000000003123	-14.41697761038900083008
0.00000000000000002321	-14.45311512067000059290
0.00000000000000002321	-14.45311512067000059290
0.00000000000000000587	-14.50000000001799982385
0.00000000000000000587	-14.50000000001799982385
-0.00000000000000001427	-14.54688487936500074227
-0.00000000000000001427	-14.54688487936500074227
-0.00000000000000000288	-14.58302238964600050508
-0.00000000000000000288	-14.58302238964600050508
-0.00000000000000000777	-14.60000000001799946858
-0.00000000000000000777	-14.60000000001799946858
-0.00000000000000003215	-14.60000000001799946858
-0.00000000000000003215	-14.60000000001799946858
0.00000000000000003350	-14.61697761039100029734
0.00000000000000003350	-14.61697761039100029734
0.00000000000000002490	-14.65311512067200006015
0.00000000000000002490	-14.65311512067200006015
0.00000000000000000630	-14.70000000001899920221
0.00000000000000000630	-14.70000000001899920221
-0.00000000000000001530	-14.74688487936700020953
-0.00000000000000001530	-14.74688487936700020953
-0.00000000000000000308	-14.78302238964799997234
-0.00000000000000000308	-14.78302238964799997234
-0.00000000000000000833	-14.80000000002000071220
-0.00000000000000000833	-14.80000000002000071220
-0.00000000000000002225	-14.80000000002000071220
-0.00000000000000002225	-14.80000000002000071220
0.00000000000000002318	-14.81697761039199967570
0.00000000000000002318	-14.81697761039199967570
0.00000000000000001723	-14.85311512067299943851
0.00000000000000001723	-14.85311512067299943851
0.00000000000000000436	-14.90000000002100044583
0.00000000000000000436	-14.90000000002100044583
-0.00000000000000001059	-14.94688487936799958788
-0.00000000000000001059	-14.94688487936799958788
-0.00000000000000000213	-14.98302238964899935070
-0.00000000000000000213	-14.98302238964899935070
-0.00000000000000000577	-15.00000000002100009056
-0.00000000000000000577	-15.00000000002100009056
-0.00000000000000002771	-15.00000000002100009056
-0.00000000000000002771	-15.00000000002100009056
0.00000000000000002887	-15.01697761039300083041
0.00000000000000002887	-15.01697761039300083041
0.00000000000000002146	-15.05311512067500068213
0.00000000000000002146	-15.05311512067500068213
0.00000000000000000543	-15.10000000002199982418
0.00000000000000000543	-15.10000000002199982418
-0.00000000000000001319	-15.14688487936900074260
-0.00000000000000001319	-15.14688487936900074260
-0.00000000000000000266	-15.18302238965000050541
-0.00000000000000000266	-15.18302238965000050541
-0.00000000000000000718	-15.20000000002299955781
-0.00000000000000000718	-15.20000000002299955781
-0.00000000000000002886	-15.20000000002299955781
-0.00000000000000002886	-15.20000000002299955781
0.00000000000000003007	-15.21697761039500029767
0.00000000000000003007	-15.21697761039500029767
0.00000000000000002235	-15.25311512067600006048
0.00000000000000002235	-15.25311512067600006048
0.00000000000000000566	-15.30000000002299920254
0.00000000000000000566	-15.30000000002299920254
-0.00000000000000001374	-15.34688487937100020986
-0.00000000000000001374	-15.34688487937100020986
-0.00000000000000000277	-15.38302238965199997267
-0.00000000000000000277	-15.38302238965199997267
-0.00000000000000000748	-15.40000000002400071253
-0.00000000000000000748	-15.40000000002400071253
-0.00000000000000003253	-15.40000000002400071253
-0.00000000000000003253	-15.40000000002400071253
0.00000000000000003388	-15.41697761039599967603
0.00000000000000003388	-15.41697761039599967603
0.00000000000000002518	-15.45311512067699943884
0.00000000000000002518	-15.45311512067699943884
0.00000000000000000637	-15.50000000002500044616
0.00000000000000000637	-15.50000000002500044616
-0.00000000000000001548	-15.54688487937199958822
-0.00000000000000001548	-15.54688487937199958822
-0.00000000000000000312	-15.58302238965299935103
-0.00000000000000000312	-15.58302238965299935103
-0.00000000000000000843	-15.60000000002500009089
-0.00000000000000000843	-15.60000000002500009089
-0.00000000000000002886	-15.60000000002500009089
-0.00000000000000002886	-15.60000000002500009089
0.00000000000000003007	-15.61697761039799914329
0.00000000000000003007	-15.61697761039799914329
0.00000000000000002235	-15.65311512067900068246
0.00000000000000002235	-15.65311512067900068246
0.00000000000000000566	-15.70000000002599982452
0.00000000000000000566	-15.70000000002599982452
-0.00000000000000001374	-15.74688487937400083183
-0.00000000000000001374	-15.74688487937400083183
-0.00000000000000000277	-15.78302238965500059464
-0.00000000000000000277	-15.78302238965500059464
-0.00000000000000000748	-15.80000000002699955814
-0.00000000000000000748	-15.80000000002699955814
-0.00000000000000003374	-15.80000000002699955814
-0.00000000000000003374	-15.80000000002699955814
0.00000000000000003515	-15.81697761039900029800
0.00000000000000003515	-15.81697761039900029800
0.00000000000000002612	-15.85311512068000006082
0.00000000000000002612	-15.85311512068000006082
0.00000000000000000661	-15.90000000002699920287
0.00000000000000000661	-15.90000000002699920287
-0.00000000000000001606	-15.94688487937500021019
-0.00000000000000001606	-15.94688487937500021019
-0.00000000000000000324	-15.98302238965599997300
-0.00000000000000000324	-15.98302238965599997300
-0.00000000000000000875	-16.00000000002799893650
-0.00000000000000000875	-16.00000000002799893650
-0.00000000000000002302	-16.00000000002799893650
-0.00000000000000002302	-16.00000000002799893650
0.00000000000000002397	-16.01697761040000145272
0.00000000000000002397	-16.01697761040000145272
0.00000000000000001782	-16.05311512068000112663
0.00000000000000001782	-16.05311512068000112663
0.00000000000000000451	-16.10000000002499831453
0.00000000000000000451	-16.10000000002499831453
-0.00000000000000001095	-16.14688487937100092040
-0.00000000000000001095	-16.14688487937100092040
-0.00000000000000000221	-16.18302238965100059431
-0.00000000000000000221	-16.18302238965100059431
-0.00000000000000000597	-16.20000000002299955781
-0.00000000000000000597	-16.20000000002299955781
-0.00000000000000002806	-16.20000000002299955781
-0.00000000000000002806	-16.20000000002299955781
0.00000000000000002923	-16.21697761039400020877
0.00000000000000002923	-16.21697761039400020877
0.00000000000000002172	-16.25311512067399988268
0.00000000000000002172	-16.25311512067399988268
0.00000000000000000550	-16.30000000001999893584
0.00000000000000000550	-16.30000000001999893584
-0.00000000000000001335	-16.34688487936600154171
-0.00000000000000001335	-16.34688487936600154171
-0.00000000000000000269	-16.38302238964499935037
-0.00000000000000000269	-16.38302238964499935037
-0.00000000000000000727	-16.40000000001699831387
-0.00000000000000000727	-16.40000000001699831387
-0.00000000000000002914	-16.40000000001699831387
-0.00000000000000002914	-16.40000000001699831387
0.00000000000000003035	-16.41697761038900083008
0.00000000000000003035	-16.41697761038900083008
0.00000000000000002256	-16.45311512066799863874
0.00000000000000002256	-16.45311512066799863874
0.00000000000000000571	-16.50000000001400124461
0.00000000000000000571	-16.50000000001400124461
-0.00000000000000001387	-16.54688487936000029777
-0.00000000000000001387	-16.54688487936000029777
-0.00000000000000000279	-16.58302238963999997168
-0.00000000000000000279	-16.58302238963999997168
-0.00000000000000000755	-16.60000000001100062264
-0.00000000000000000755	-16.60000000001100062264
-0.00000000000000003088	-16.60000000001100062264
-0.00000000000000003088	-16.60000000001100062264
0.00000000000000003216	-16.61697761038299958614
0.00000000000000003216	-16.61697761038299958614
0.00000000000000002391	-16.65311512066299926005
0.00000000000000002391	-16.65311512066299926005
0.00000000000000000605	-16.70000000000899831321
0.00000000000000000605	-16.70000000000899831321
-0.00000000000000001469	-16.74688487935399905382
-0.00000000000000001469	-16.74688487935399905382
-0.00000000000000000296	-16.78302238963399872773
-0.00000000000000000296	-16.78302238963399872773
-0.00000000000000000800	-16.80000000000600124395
-0.00000000000000000800	-16.80000000000600124395
-0.00000000000000002537	-2.19999999999989981347
-0.00000000000000002537	-2.19999999999989981347
0.00000000000000002643	-2.21697761037200002932
0.00000000000000002643	-2.21697761037200002932
0.00000000000000001964	-2.25311512065279995198
0.00000000000000001964	-2.25311512065279995198
0.00000000000000000497	-2.29999999999979998222
0.00000000000000000497	-2.29999999999979998222
-0.00000000000000001207	-2.34688487934680001246
-0.00000000000000001207	-2.34688487934680001246
-0.00000000000000000243	-2.38302238962750001505
-0.00000000000000000243	-2.38302238962750001505
-0.00000000000000000658	-2.39999999999959978680
-0.00000000000000000658	-2.39999999999959978680
-0.00000000000000003483	-2.39999999999959978680
-0.00000000000000003483	-2.39999999999959978680
0.00000000000000003629	-2.41697761037170000264
0.00000000000000003629	-2.41697761037170000264
0.00000000000000002697	-2.45311512065240000524
0.00000000000000002697	-2.45311512065240000524
0.00000000000000000682	-2.49999999999940003548
0.00000000000000000682	-2.49999999999940003548
-0.00000000000000001658	-2.54688487934640006571
-0.00000000000000001658	-2.54688487934640006571
-0.00000000000000000334	-2.58302238962710006831
-0.00000000000000000334	-2.58302238962710006831
-0.00000000000000000903	-2.59999999999919984006
-0.00000000000000000903	-2.59999999999919984006
-0.00000000000000002886	-2.59999999999919984006
-0.00000000000000002886	-2.59999999999919984006
0.00000000000000003007	-2.61697761037139997597
0.00000000000000003007	-2.61697761037139997597
0.00000000000000002235	-2.65311512065219989864
0.00000000000000002235	-2.65311512065219989864
0.00000000000000000566	-2.69999999999929984895
0.00000000000000000566	-2.69999999999929984895
-0.00000000000000001374	-2.74688487934639979926
-0.00000000000000001374	-2.74688487934639979926
-0.00000000000000000277	-2.78302238962720016602
-0.00000000000000000277	-2.78302238962720016602
-0.00000000000000000748	-2.79999999999929993777
-0.00000000000000000748	-2.79999999999929993777
-0.00000000000000002737	-2.79999999999929993777
-0.00000000000000002737	-2.79999999999929993777
0.00000000000000002851	-2.81697761037150007368
0.00000000000000002851	-2.81697761037150007368
0.00000000000000002119	-2.85311512065229999635
0.00000000000000002119	-2.85311512065229999635
0.00000000000000000536	-2.89999999999939994666
0.00000000000000000536	-2.89999999999939994666
-0.00000000000000001303	-2.94688487934639997690
-0.00000000000000001303	-2.94688487934639997690
-0.00000000000000000263	-2.98302238962719989956
-0.00000000000000000263	-2.98302238962719989956
-0.00000000000000000710	-2.99999999999940003548
-0.00000000000000000710	-2.99999999999940003548
-0.00000000000000003397	-2.99999999999940003548
-0.00000000000000003397	-2.99999999999940003548
0.00000000000000003539	-3.01697761037149980723
0.00000000000000003539	-3.01697761037149980723
0.00000000000000002630	-3.05311512065230017399
0.00000000000000002630	-3.05311512065230017399
0.00000000000000000666	-3.09999999999940012430
0.00000000000000000666	-3.09999999999940012430
-0.00000000000000001617	-3.14688487934650007460
-0.00000000000000001617	-3.14688487934650007460
-0.00000000000000000326	-3.18302238962729999727
-0.00000000000000000326	-3.18302238962729999727
-0.00000000000000000881	-3.19999999999940021311
-0.00000000000000000881	-3.19999999999940021311
-0.00000000000000002759	-3.19999999999940021311
-0.00000000000000002759	-3.19999999999940021311
0.00000000000000002874	-3.21697761037149998486
0.00000000000000002874	-3.21697761037149998486
0.00000000000000002136	-3.25311512065219998746
0.00000000000000002136	-3.25311512065219998746
0.00000000000000000540	-3.29999999999920001770
0.00000000000000000540	-3.29999999999920001770
-0.00000000000000001313	-3.34688487934610012786
-0.00000000000000001313	-3.34688487934610012786
-0.00000000000000000265	-3.38302238962680013046
-0.00000000000000000265	-3.38302238962680013046
-0.00000000000000000715	-3.39999999999889990221
-0.00000000000000000715	-3.39999999999889990221
-0.00000000000000002432	-3.39999999999889990221
-0.00000000000000002432	-3.39999999999889990221
0.00000000000000002533	-3.41697761037100011805
0.00000000000000002533	-3.41697761037100011805
0.00000000000000001883	-3.45311512065160020057
0.00000000000000001883	-3.45311512065160020057
0.00000000000000000476	-3.49999999999849986665
0.00000000000000000476	-3.49999999999849986665
-0.00000000000000001157	-3.54688487934539997681
-0.00000000000000001157	-3.54688487934539997681
-0.00000000000000000233	-3.58302238962600005934
-0.00000000000000000233	-3.58302238962600005934
-0.00000000000000000630	-3.59999999999809983109
-0.00000000000000000630	-3.59999999999809983109
-0.00000000000000003700	-3.59999999999809983109
-0.00000000000000003700	-3.59999999999809983109
0.00000000000000003854	-3.61697761037020004693
0.00000000000000003854	-3.61697761037020004693
0.00000000000000002865	-3.65311512065080012945
0.00000000000000002865	-3.65311512065080012945
0.00000000000000000725	-3.69999999999769979553
0.00000000000000000725	-3.69999999999769979553
-0.00000000000000001761	-3.74688487934459990569
-0.00000000000000001761	-3.74688487934459990569
-0.00000000000000000355	-3.78302238962519998822
-0.00000000000000000355	-3.78302238962519998822
-0.00000000000000000959	-3.79999999999730020406
-0.00000000000000000959	-3.79999999999730020406
-0.00000000000000002886	-3.79999999999730020406
-0.00000000000000002886	-3.79999999999730020406
0.00000000000000003007	-3.81697761036939997581
0.00000000000000003007	-3.81697761036939997581
0.00000000000000002235	-3.85311512065000005833
0.00000000000000002235	-3.85311512065000005833
0.00000000000000000566	-3.89999999999700008857
0.00000000000000000566	-3.89999999999700008857
-0.00000000000000001374	-3.94688487934390019873
-0.00000000000000001374	-3.94688487934390019873
-0.00000000000000000277	-3.98302238962449983717
-0.00000000000000000277	-3.98302238962449983717
-0.00000000000000000748	-3.99999999999660005301
-0.00000000000000000748	-3.99999999999660005301
-0.00000000000000002852	-3.99999999999660005301
-0.00000000000000002852	-3.99999999999660005301
0.00000000000000002971	-4.01697761036870026885
0.00000000000000002971	-4.01697761036870026885
0.00000000000000002208	-4.05311512064950019152
0.00000000000000002208	-4.05311512064950019152
0.00000000000000000559	-4.09999999999659969774
0.00000000000000000559	-4.09999999999659969774
-0.00000000000000001357	-4.14688487934370009214
-0.00000000000000001357	-4.14688487934370009214
-0.00000000000000000274	-4.18302238962450001480
-0.00000000000000000274	-4.18302238962450001480
-0.00000000000000000739	-4.19999999999660023065
-0.00000000000000000739	-4.19999999999660023065
-0.00000000000000002786	-4.19999999999660023065
-0.00000000000000002786	-4.19999999999660023065
0.00000000000000002903	-4.21697761036879992247
0.00000000000000002903	-4.21697761036879992247
0.00000000000000002157	-4.25311512064959984514
0.00000000000000002157	-4.25311512064959984514
0.00000000000000000546	-4.29999999999670023954
0.00000000000000000546	-4.29999999999670023954
-0.00000000000000001326	-4.34688487934379974575
-0.00000000000000001326	-4.34688487934379974575
-0.00000000000000000267	-4.38302238962459966842
-0.00000000000000000267	-4.38302238962459966842
-0.00000000000000000722	-4.39999999999669988426
-0.00000000000000000722	-4.39999999999669988426
-0.00000000000000002816	-4.39999999999669988426
-0.00000000000000002816	-4.39999999999669988426
0.00000000000000002934	-4.41697761036889957609
0.00000000000000002934	-4.41697761036889957609
0.00000000000000002180	-4.45311512064970038693
0.00000000000000002180	-4.45311512064970038693
0.00000000000000000552	-4.49999999999670041717
0.00000000000000000552	-4.49999999999670041717
-0.00000000000000001340	-4.54688487934379992339
-0.00000000000000001340	-4.54688487934379992339
-0.00000000000000000270	-4.58302238962459984606
-0.00000000000000000270	-4.58302238962459984606
-0.00000000000000000730	-4.59999999999680042606
-0.00000000000000000730	-4.59999999999680042606
-0.00000000000000003546	-4.59999999999680042606
-0.00000000000000003546	-4.59999999999680042606
0.00000000000000003694	-4.61697761036889975372
0.00000000000000003694	-4.61697761036889975372
0.00000000000000002745	-4.65311512064969967639
0.00000000000000002745	-4.65311512064969967639
0.00000000000000000695	-4.69999999999680007079
0.00000000000000000695	-4.69999999999680007079
-0.00000000000000001687	-4.74688487934389957701
-0.00000000000000001687	-4.74688487934389957701
-0.00000000000000000340	-4.78302238962470038786
-0.00000000000000000340	-4.78302238962470038786
-0.00000000000000000919	-4.79999999999690007968
-0.00000000000000000919	-4.79999999999690007968
-0.00000000000000002296	-4.79999999999690007968
-0.00000000000000002296	-4.79999999999690007968
0.00000000000000002391	-4.81697761036900029552
0.00000000000000002391	-4.81697761036900029552
0.00000000000000001777	-4.85311512064980021819
0.00000000000000001777	-4.85311512064980021819
0.00000000000000000450	-4.89999999999689972441
0.00000000000000000450	-4.89999999999689972441
-0.00000000000000001093	-4.94688487934400011881
-0.00000000000000001093	-4.94688487934400011881
-0.00000000000000000220	-4.98302238962480004147
-0.00000000000000000220	-4.98302238962480004147
-0.00000000000000000595	-4.99999999999699973330
-0.00000000000000000595	-4.99999999999699973330
-0.00000000000000002792	-4.99999999999699973330
-0.00000000000000002792	-4.99999999999699973330
0.00000000000000002909	-5.01697761036909994914
0.00000000000000002909	-5.01697761036909994914
0.00000000000000002162	-5.05311512064989987181
0.00000000000000002162	-5.05311512064989987181
0.00000000000000000547	-5.09999999999700026621
0.00000000000000000547	-5.09999999999700026621
-0.00000000000000001329	-5.14688487934409977242
-0.00000000000000001329	-5.14688487934409977242
-0.00000000000000000268	-5.18302238962489969509
-0.00000000000000000268	-5.18302238962489969509
-0.00000000000000000724	-5.19999999999710027510
-0.00000000000000000724	-5.19999999999710027510
-0.00000000000000002848	-5.19999999999710027510
-0.00000000000000002848	-5.19999999999710027510
0.00000000000000002966	-5.21697761036919960276
0.00000000000000002966	-5.21697761036919960276
0.00000000000000002205	-5.25311512065000041360
0.00000000000000002205	-5.25311512065000041360
0.00000000000000000558	-5.29999999999709991982
0.00000000000000000558	-5.29999999999709991982
-0.00000000000000001355	-5.34688487934420031422
-0.00000000000000001355	-5.34688487934420031422
-0.00000000000000000273	-5.38302238962500023689
-0.00000000000000000273	-5.38302238962500023689
-0.00000000000000000738	-5.39999999999709956455
-0.00000000000000000738	-5.39999999999709956455
-0.00000000000000002897	-5.39999999999709956455
-0.00000000000000002897	-5.39999999999709956455
0.00000000000000003018	-5.41697761036930014455
0.00000000000000003018	-5.41697761036930014455
0.00000000000000002243	-5.45311512065010006722
0.00000000000000002243	-5.45311512065010006722
0.00000000000000000568	-5.49999999999719957344
0.00000000000000000568	-5.49999999999719957344
-0.00000000000000001379	-5.54688487934429996784
-0.00000000000000001379	-5.54688487934429996784
-0.00000000000000000278	-5.58302238962509989051
-0.00000000000000000278	-5.58302238962509989051
-0.00000000000000000751	-5.59999999999720010635
-0.00000000000000000751	-5.59999999999720010635
-0.00000000000000002617	-5.59999999999720010635
-0.00000000000000002617	-5.59999999999720010635
0.00000000000000002726	-5.61697761036939979817
0.00000000000000002726	-5.61697761036939979817
0.00000000000000002026	-5.65311512065019972084
0.00000000000000002026	-5.65311512065019972084
0.00000000000000000513	-5.69999999999730011524
0.00000000000000000513	-5.69999999999730011524
-0.00000000000000001245	-5.74688487934439962146
-0.00000000000000001245	-5.74688487934439962146
-0.00000000000000000251	-5.78302238962520043231
-0.00000000000000000251	-5.78302238962520043231
-0.00000000000000000678	-5.79999999999729975997
-0.00000000000000000678	-5.79999999999729975997
-0.00000000000000004150	-5.79999999999729975997
-0.00000000000000004150	-5.79999999999729975997
0.00000000000000004323	-5.81697761036950033997
0.00000000000000004323	-5.81697761036950033997
0.00000000000000003213	-5.85311512065030026264
0.00000000000000003213	-5.85311512065030026264
0.00000000000000000813	-5.89999999999739976886
0.00000000000000000813	-5.89999999999739976886
-0.00000000000000001975	-5.94688487934439979909
-0.00000000000000001975	-5.94688487934439979909
-0.00000000000000000398	-5.98302238962519972176
-0.00000000000000000398	-5.98302238962519972176
-0.00000000000000001076	-5.99999999999740030177
-0.00000000000000001076	-5.99999999999740030177
-0.00000000000000002886	-5.99999999999740030177
-0.00000000000000002886	-5.99999999999740030177
0.00000000000000003007	-6.01697761036959999359
0.00000000000000003007	-6.01697761036959999359
0.00000000000000002235	-6.05311512065039991626
0.00000000000000002235	-6.05311512065039991626
0.00000000000000000566	-6.09999999999739994649
0.00000000000000000566	-6.09999999999739994649
-0.00000000000000001374	-6.14688487934450034089
-0.00000000000000001374	-6.14688487934450034089
-0.00000000000000000277	-6.18302238962530026356
-0.00000000000000000277	-6.18302238962530026356
-0.00000000000000000748	-6.19999999999749995538
-0.00000000000000000748	-6.19999999999749995538
-0.00000000000000002926	-6.19999999999749995538
-0.00000000000000002926	-6.19999999999749995538
0.00000000000000003048	-6.21697761036960017123
0.00000000000000003048	-6.21697761036960017123
0.00000000000000002265	-6.25311512065040009389
0.00000000000000002265	-6.25311512065040009389
0.00000000000000000573	-6.29999999999749960011
0.00000000000000000573	-6.29999999999749960011
-0.00000000000000001393	-6.34688487934459999451
-0.00000000000000001393	-6.34688487934459999451
-0.00000000000000000281	-6.38302238962539991718
-0.00000000000000000281	-6.38302238962539991718
-0.00000000000000000758	-6.39999999999759960900
-0.00000000000000000758	-6.39999999999759960900
-0.00000000000000002829	-6.39999999999759960900
-0.00000000000000002829	-6.39999999999759960900
0.00000000000000002947	-6.41697761036969982484
0.00000000000000002947	-6.41697761036969982484
0.00000000000000002190	-6.45311512065049974751
0.00000000000000002190	-6.45311512065049974751
0.00000000000000000554	-6.49999999999760014191
0.00000000000000000554	-6.49999999999760014191
-0.00000000000000001346	-6.54688487934469964813
-0.00000000000000001346	-6.54688487934469964813
-0.00000000000000000271	-6.58302238962549957080
-0.00000000000000000271	-6.58302238962549957080
-0.00000000000000000733	-6.59999999999770015080
-0.00000000000000000733	-6.59999999999770015080
-0.00000000000000002863	-6.59999999999770015080
-0.00000000000000002863	-6.59999999999770015080
0.00000000000000002982	-6.61697761036980036664
0.00000000000000002982	-6.61697761036980036664
0.00000000000000002216	-6.65311512065060028931
0.00000000000000002216	-6.65311512065060028931
0.00000000000000000561	-6.69999999999769979553
0.00000000000000000561	-6.69999999999769979553
-0.00000000000000001362	-6.74688487934480018993
-0.00000000000000001362	-6.74688487934480018993
-0.00000000000000000275	-6.78302238962560011259
-0.00000000000000000275	-6.78302238962560011259
-0.00000000000000000742	-6.79999999999770032844
-0.00000000000000000742	-6.79999999999770032844
-0.00000000000000002968	-6.79999999999770032844
-0.00000000000000002968	-6.79999999999770032844
0.00000000000000003092	-6.81697761036990002026
0.00000000000000003092	-6.81697761036990002026
0.00000000000000002298	-6.85311512065069994293
0.00000000000000002298	-6.85311512065069994293
0.00000000000000000581	-6.89999999999780033733
0.00000000000000000581	-6.89999999999780033733
-0.00000000000000001412	-6.94688487934489984355
-0.00000000000000001412	-6.94688487934489984355
-0.00000000000000000285	-6.98302238962569976621
-0.00000000000000000285	-6.98302238962569976621
-0.00000000000000000769	-6.99999999999779998205
-0.00000000000000000769	-6.99999999999779998205
-0.00000000000000003142	-6.99999999999779998205
-0.00000000000000003142	-6.99999999999779998205
0.00000000000000003273	-7.01697761036999967388
0.00000000000000003273	-7.01697761036999967388
0.00000000000000002433	-7.05311512065079959655
0.00000000000000002433	-7.05311512065079959655
0.00000000000000000616	-7.09999999999789999094
0.00000000000000000616	-7.09999999999789999094
-0.00000000000000001495	-7.14688487934500038534
-0.00000000000000001495	-7.14688487934500038534
-0.00000000000000000301	-7.18302238962580030801
-0.00000000000000000301	-7.18302238962580030801
-0.00000000000000000815	-7.19999999999789963567
-0.00000000000000000815	-7.19999999999789963567
-0.00000000000000002939	-7.19999999999789963567
-0.00000000000000002939	-7.19999999999789963567
0.00000000000000003062	-7.21697761037010021568
0.00000000000000003062	-7.21697761037010021568
0.00000000000000002276	-7.25311512065090013834
0.00000000000000002276	-7.25311512065090013834
0.00000000000000000576	-7.29999999999799964456
0.00000000000000000576	-7.29999999999799964456
-0.00000000000000001399	-7.34688487934510003896
-0.00000000000000001399	-7.34688487934510003896
-0.00000000000000000282	-7.38302238962589996163
-0.00000000000000000282	-7.38302238962589996163
-0.00000000000000000762	-7.39999999999800017747
-0.00000000000000000762	-7.39999999999800017747
-0.00000000000000002936	-7.39999999999800017747
-0.00000000000000002936	-7.39999999999800017747
0.00000000000000003058	-7.41697761037019986929
0.00000000000000003058	-7.41697761037019986929
0.00000000000000002273	-7.45311512065099979196
0.00000000000000002273	-7.45311512065099979196
0.00000000000000000575	-7.49999999999799982220
0.00000000000000000575	-7.49999999999799982220
-0.00000000000000001397	-7.54688487934510021660
-0.00000000000000001397	-7.54688487934510021660
-0.00000000000000000282	-7.58302238962590013927
-0.00000000000000000282	-7.58302238962590013927
-0.00000000000000000761	-7.59999999999809983109
-0.00000000000000000761	-7.59999999999809983109
-0.00000000000000002895	-7.59999999999809983109
-0.00000000000000002895	-7.59999999999809983109
0.00000000000000003016	-7.61697761037020004693
0.00000000000000003016	-7.61697761037020004693
0.00000000000000002242	-7.65311512065099996960
0.00000000000000002242	-7.65311512065099996960
0.00000000000000000567	-7.69999999999810036400
0.00000000000000000567	-7.69999999999810036400
-0.00000000000000001378	-7.74688487934519987022
-0.00000000000000001378	-7.74688487934519987022
-0.00000000000000000278	-7.78302238962599979288
-0.00000000000000000278	-7.78302238962599979288
-0.00000000000000000750	-7.79999999999820037289
-0.00000000000000000750	-7.79999999999820037289
-0.00000000000000002978	-7.79999999999820037289
-0.00000000000000002978	-7.79999999999820037289
0.00000000000000003102	-7.81697761037029970055
0.00000000000000003102	-7.81697761037029970055
0.00000000000000002306	-7.85311512065109962322
0.00000000000000002306	-7.85311512065109962322
0.00000000000000000583	-7.89999999999820001761
0.00000000000000000583	-7.89999999999820001761
-0.00000000000000001417	-7.94688487934530041201
-0.00000000000000001417	-7.94688487934530041201
-0.00000000000000000286	-7.98302238962610033468
-0.00000000000000000286	-7.98302238962610033468
-0.00000000000000000772	-7.99999999999830002650
-0.00000000000000000772	-7.99999999999830002650
-0.00000000000000002886	-7.99999999999830002650
-0.00000000000000002886	-7.99999999999830002650
0.00000000000000003007	-8.01697761037040024235
0.00000000000000003007	-8.01697761037040024235
0.00000000000000002235	-8.05311512065119927684
0.00000000000000002235	-8.05311512065119927684
0.00000000000000000566	-8.09999999999829967123
0.00000000000000000566	-8.09999999999829967123
-0.00000000000000001374	-8.14688487934540006563
-0.00000000000000001374	-8.14688487934540006563
-0.00000000000000000277	-8.18302238962620087648
-0.00000000000000000277	-8.18302238962620087648
-0.00000000000000000748	-8.19999999999840056830
-0.00000000000000000748	-8.19999999999840056830
-0.00000000000000002059	-8.19999999999840056830
-0.00000000000000002059	-8.19999999999840056830
0.00000000000000002145	-8.21697761037050078414
0.00000000000000002145	-8.21697761037050078414
0.00000000000000001594	-8.25311512065129981863
0.00000000000000001594	-8.25311512065129981863
0.00000000000000000403	-8.29999999999840021303
0.00000000000000000403	-8.29999999999840021303
-0.00000000000000000980	-8.34688487934550060743
-0.00000000000000000980	-8.34688487934550060743
-0.00000000000000000197	-8.38302238962629964192
-0.00000000000000000197	-8.38302238962629964192
-0.00000000000000000534	-8.39999999999839985776
-0.00000000000000000534	-8.39999999999839985776
-0.00000000000000002708	-8.39999999999839985776
-0.00000000000000002708	-8.39999999999839985776
0.00000000000000002821	-8.41697761037059954958
0.00000000000000002821	-8.41697761037059954958
0.00000000000000002097	-8.45311512065140036043
0.00000000000000002097	-8.45311512065140036043
0.00000000000000000531	-8.49999999999850075483
0.00000000000000000531	-8.49999999999850075483
-0.00000000000000001289	-8.54688487934559937287
-0.00000000000000001289	-8.54688487934559937287
-0.00000000000000000260	-8.58302238962640018372
-0.00000000000000000260	-8.58302238962640018372
-0.00000000000000000702	-8.59999999999850039956
-0.00000000000000000702	-8.59999999999850039956
-0.00000000000000003235	-8.59999999999850039956
-0.00000000000000003235	-8.59999999999850039956
0.00000000000000003370	-8.61697761037070009138
0.00000000000000003370	-8.61697761037070009138
0.00000000000000002505	-8.65311512065149912587
0.00000000000000002505	-8.65311512065149912587
0.00000000000000000634	-8.69999999999859952027
0.00000000000000000634	-8.69999999999859952027
-0.00000000000000001540	-8.74688487934569991467
-0.00000000000000001540	-8.74688487934569991467
-0.00000000000000000310	-8.78302238962650072551
-0.00000000000000000310	-8.78302238962650072551
-0.00000000000000000839	-8.79999999999859916500
-0.00000000000000000839	-8.79999999999859916500
-0.00000000000000003060	-8.79999999999859916500
-0.00000000000000003060	-8.79999999999859916500
0.00000000000000003188	-8.81697761037080063318
0.00000000000000003188	-8.81697761037080063318
0.00000000000000002369	-8.85311512065159966767
0.00000000000000002369	-8.85311512065159966767
0.00000000000000000600	-8.89999999999870006206
0.00000000000000000600	-8.89999999999870006206
-0.00000000000000001456	-8.94688487934569920412
-0.00000000000000001456	-8.94688487934569920412
-0.00000000000000000294	-8.98302238962650001497
-0.00000000000000000294	-8.98302238962650001497
-0.00000000000000000793	-8.99999999999869970679
-0.00000000000000000793	-8.99999999999869970679
-0.00000000000000002886	-8.99999999999869970679
-0.00000000000000002886	-8.99999999999869970679
0.00000000000000003007	-9.01697761037089939862
0.00000000000000003007	-9.01697761037089939862
0.00000000000000002235	-9.05311512065170020946
0.00000000000000002235	-9.05311512065170020946
0.00000000000000000566	-9.09999999999869935152
0.00000000000000000566	-9.09999999999869935152
-0.00000000000000001374	-9.14688487934579974592
-0.00000000000000001374	-9.14688487934579974592
-0.00000000000000000277	-9.18302238962660055677
-0.00000000000000000277	-9.18302238962660055677
-0.00000000000000000748	-9.19999999999880024859
-0.00000000000000000748	-9.19999999999880024859
-0.00000000000000002999	-9.19999999999880024859
-0.00000000000000002999	-9.19999999999880024859
0.00000000000000003124	-9.21697761037090046443
0.00000000000000003124	-9.21697761037090046443
0.00000000000000002322	-9.25311512065169949892
0.00000000000000002322	-9.25311512065169949892
0.00000000000000000588	-9.29999999999879989332
0.00000000000000000588	-9.29999999999879989332
-0.00000000000000001427	-9.34688487934590028772
-0.00000000000000001427	-9.34688487934590028772
-0.00000000000000000288	-9.38302238962669932221
-0.00000000000000000288	-9.38302238962669932221
-0.00000000000000000777	-9.39999999999890079039
-0.00000000000000000777	-9.39999999999890079039
-0.00000000000000002430	-9.39999999999890079039
-0.00000000000000002430	-9.39999999999890079039
0.00000000000000002531	-9.41697761037099922987
0.00000000000000002531	-9.41697761037099922987
0.00000000000000001881	-9.45311512065180004072
0.00000000000000001881	-9.45311512065180004072
0.00000000000000000476	-9.49999999999890043512
0.00000000000000000476	-9.49999999999890043512
-0.00000000000000001156	-9.54688487934600082951
-0.00000000000000001156	-9.54688487934600082951
-0.00000000000000000233	-9.58302238962679986400
-0.00000000000000000233	-9.58302238962679986400
-0.00000000000000000630	-9.59999999999899955583
-0.00000000000000000630	-9.59999999999899955583
-0.00000000000000003309	-9.59999999999899955583
-0.00000000000000003309	-9.59999999999899955583
0.00000000000000003447	-9.61697761037109977167
0.00000000000000003447	-9.61697761037109977167
0.00000000000000002562	-9.65311512065190058252
0.00000000000000002562	-9.65311512065190058252
0.00000000000000000648	-9.69999999999899920056
0.00000000000000000648	-9.69999999999899920056
-0.00000000000000001575	-9.74688487934609959495
-0.00000000000000001575	-9.74688487934609959495
-0.00000000000000000317	-9.78302238962690040580
-0.00000000000000000317	-9.78302238962690040580
-0.00000000000000000858	-9.79999999999910009763
-0.00000000000000000858	-9.79999999999910009763
-0.00000000000000002216	-9.79999999999900062164
-0.00000000000000002216	-9.79999999999900062164
0.00000000000000002308	-9.81697761037120031347
0.00000000000000002308	-9.81697761037120031347
0.00000000000000001715	-9.85311512065199934796
0.00000000000000001715	-9.85311512065199934796
0.00000000000000000434	-9.89999999999909974235
0.00000000000000000434	-9.89999999999909974235
-0.00000000000000001054	-9.94688487934620013675
-0.00000000000000001054	-9.94688487934620013675
-0.00000000000000000213	-9.98302238962699917124
-0.00000000000000000213	-9.98302238962699917124
-0.00000000000000000574	-9.99999999999909938708
-0.00000000000000000574	-9.99999999999909938708
-0.00000000000000002886	-9.99999999999909938708
-0.00000000000000002886	-9.99999999999909938708
0.00000000000000003007	-10.01697761037100065096
0.00000000000000003007	-10.01697761037100065096
0.00000000000000002235	-10.05311512065200041377
0.00000000000000002235	-10.05311512065200041377
0.00000000000000000566	-10.09999999999899955583
0.00000000000000000566	-10.09999999999899955583
-0.00000000000000001374	-10.14688487934600047424
-0.00000000000000001374	-10.14688487934600047424
-0.00000000000000000277	-10.18302238962700023706
-0.00000000000000000277	-10.18302238962700023706
-0.00000000000000000748	-10.19999999999899920056
-0.00000000000000000748	-10.19999999999899920056
-0.00000000000000002891	-10.19999999999899920056
-0.00000000000000002891	-10.19999999999899920056
0.00000000000000003011	-10.21697761037099994041
0.00000000000000003011	-10.21697761037099994041
0.00000000000000002238	-10.25311512065199970323
0.00000000000000002238	-10.25311512065199970323
0.00000000000000000566	-10.29999999999900062164
0.00000000000000000566	-10.29999999999900062164
-0.00000000000000001376	-10.34688487934599976370
-0.00000000000000001376	-10.34688487934599976370
-0.00000000000000000277	-10.38302238962699952651
-0.00000000000000000277	-10.38302238962699952651
-0.00000000000000000749	-10.39999999999900026637
-0.00000000000000000749	-10.39999999999900026637
-0.00000000000000002694	-10.39999999999900026637
-0.00000000000000002694	-10.39999999999900026637
0.00000000000000002806	-10.41697761037099922987
0.00000000000000002806	-10.41697761037099922987
0.00000000000000002085	-10.45311512065200076904
0.00000000000000002085	-10.45311512065200076904
0.00000000000000000528	-10.49999999999899991110
0.00000000000000000528	-10.49999999999899991110
-0.00000000000000001282	-10.54688487934600082951
-0.00000000000000001282	-10.54688487934600082951
-0.00000000000000000258	-10.58302238962700059233
-0.00000000000000000258	-10.58302238962700059233
-0.00000000000000000698	-10.59999999999899955583
-0.00000000000000000698	-10.59999999999899955583
-0.00000000000000002390	-10.59999999999899955583
-0.00000000000000002390	-10.59999999999899955583
0.00000000000000002490	-10.61697761037200038459
0.00000000000000002490	-10.61697761037200038459
0.00000000000000001850	-10.65311512065200005850
0.00000000000000001850	-10.65311512065200005850
0.00000000000000000468	-10.69999999999899920056
0.00000000000000000468	-10.69999999999899920056
-0.00000000000000001137	-10.74688487934700020787
-0.00000000000000001137	-10.74688487934700020787
-0.00000000000000000229	-10.78302238962699988178
-0.00000000000000000229	-10.78302238962699988178
-0.00000000000000000620	-10.79999999999900062164
-0.00000000000000000620	-10.79999999999900062164
-0.00000000000000003426	-10.79999999999900062164
-0.00000000000000003426	-10.79999999999900062164
0.00000000000000003569	-10.81697761037199967404
0.00000000000000003569	-10.81697761037199967404
0.00000000000000002653	-10.85311512065199934796
0.00000000000000002653	-10.85311512065199934796
0.00000000000000000671	-10.90000000000000035527
0.00000000000000000671	-10.90000000000000035527
-0.00000000000000001631	-10.94688487934699949733
-0.00000000000000001631	-10.94688487934699949733
-0.00000000000000000329	-10.98302238962699917124
-0.00000000000000000329	-10.98302238962699917124
-0.00000000000000000888	-11.00000000000000000000
-0.00000000000000000888	-11.00000000000000000000
-0.00000000000000002392	-11.00000000000000000000
-0.00000000000000002392	-11.00000000000000000000
0.00000000000000002492	-11.01697761037200073986
0.00000000000000002492	-11.01697761037200073986
0.00000000000000001852	-11.05311512065300050267
0.00000000000000001852	-11.05311512065300050267
0.00000000000000000469	-11.09999999999999964473
0.00000000000000000469	-11.09999999999999964473
-0.00000000000000001138	-11.14688487934700056314
-0.00000000000000001138	-11.14688487934700056314
-0.00000000000000000229	-11.18302238962700023706
-0.00000000000000000229	-11.18302238962700023706
-0.00000000000000000620	-11.19999999999999928946
-0.00000000000000000620	-11.19999999999999928946
-0.00000000000000002929	-11.19999999999999928946
-0.00000000000000002929	-11.19999999999999928946
0.00000000000000003051	-11.21697761037200002932
0.00000000000000003051	-11.21697761037200002932
0.00000000000000002268	-11.25311512065299979213
0.00000000000000002268	-11.25311512065299979213
0.00000000000000000574	-11.30000000000000071054
0.00000000000000000574	-11.30000000000000071054
-0.00000000000000001394	-11.34688487934699985260
-0.00000000000000001394	-11.34688487934699985260
-0.00000000000000000281	-11.38302238962799961541
-0.00000000000000000281	-11.38302238962799961541
-0.00000000000000000759	-11.40000000000000035527
-0.00000000000000000759	-11.40000000000000035527
-0.00000000000000002886	-11.40000000000000035527
-0.00000000000000002886	-11.40000000000000035527
0.00000000000000003007	-11.41697761037199931877
0.00000000000000003007	-11.41697761037199931877
0.00000000000000002235	-11.45311512065300085794
0.00000000000000002235	-11.45311512065300085794
0.00000000000000000566	-11.50000000000000000000
0.00000000000000000566	-11.50000000000000000000
-0.00000000000000001374	-11.54688487934699914206
-0.00000000000000001374	-11.54688487934699914206
-0.00000000000000000277	-11.58302238962800068123
-0.00000000000000000277	-11.58302238962800068123
-0.00000000000000000748	-11.59999999999999964473
-0.00000000000000000748	-11.59999999999999964473
-0.00000000000000002922	-11.59999999999999964473
-0.00000000000000002922	-11.59999999999999964473
0.00000000000000003043	-11.61697761037200038459
0.00000000000000003043	-11.61697761037200038459
0.00000000000000002262	-11.65311512065300014740
0.00000000000000002262	-11.65311512065300014740
0.00000000000000000572	-11.69999999999999928946
0.00000000000000000572	-11.69999999999999928946
-0.00000000000000001390	-11.74688487934700020787
-0.00000000000000001390	-11.74688487934700020787
-0.00000000000000000280	-11.78302238962799997068
-0.00000000000000000280	-11.78302238962799997068
-0.00000000000000000757	-11.80000000000000071054
-0.00000000000000000757	-11.80000000000000071054
-0.00000000000000002610	-0.19999999999963000152
-0.00000000000000002610	-0.19999999999963000152
0.00000000000000002719	-0.21697761037172999532
0.00000000000000002719	-0.21697761037172999532
0.00000000000000002021	-0.25311512065241997815
0.00000000000000002021	-0.25311512065241997815
0.00000000000000000511	-0.29999999999936999284
0.00000000000000000511	-0.29999999999936999284
-0.00000000000000001242	-0.34688487934632000753
-0.00000000000000001242	-0.34688487934632000753
-0.00000000000000000250	-0.38302238962702001013
-0.00000000000000000250	-0.38302238962702001013
-0.00000000000000000676	-0.39999999999912000392
-0.00000000000000000676	-0.39999999999912000392
-0.00000000000000002807	-0.39999999999912000392
-0.00000000000000002807	-0.39999999999912000392
0.00000000000000002924	-0.41697761037121000571
0.00000000000000002924	-0.41697761037121000571
0.00000000000000002173	-0.45311512065189002429
0.00000000000000002173	-0.45311512065189002429
0.00000000000000000550	-0.49999999999881999946
0.00000000000000000550	-0.49999999999881999946
-0.00000000000000001336	-0.54688487934576002214
-0.00000000000000001336	-0.54688487934576002214
-0.00000000000000000269	-0.58302238962644004072
-0.00000000000000000269	-0.58302238962644004072
-0.00000000000000000728	-0.59999999999853004251
-0.00000000000000000728	-0.59999999999853004251
-0.00000000000000002886	-0.59999999999853004251
-0.00000000000000002886	-0.59999999999853004251
0.00000000000000003007	-0.61697761037063003631
0.00000000000000003007	-0.61697761037063003631
0.00000000000000002235	-0.65311512065131005489
0.00000000000000002235	-0.65311512065131005489
0.00000000000000000566	-0.69999999999824003005
0.00000000000000000566	-0.69999999999824003005
-0.00000000000000001374	-0.74688487934517999722
-0.00000000000000001374	-0.74688487934517999722
-0.00000000000000000277	-0.78302238962586001580
-0.00000000000000000277	-0.78302238962586001580
-0.00000000000000000748	-0.79999999999795001759
-0.00000000000000000748	-0.79999999999795001759
-0.00000000000000002932	-0.79999999999795001759
-0.00000000000000002932	-0.79999999999795001759
0.00000000000000003054	-0.81697761037005001139
0.00000000000000003054	-0.81697761037005001139
0.00000000000000002270	-0.85311512065073002997
0.00000000000000002270	-0.85311512065073002997
0.00000000000000000574	-0.89999999999766999714
0.00000000000000000574	-0.89999999999766999714
-0.00000000000000001395	-0.94688487934460996431
-0.00000000000000001395	-0.94688487934460996431
-0.00000000000000000281	-0.98302238962528998290
-0.00000000000000000281	-0.98302238962528998290
-0.00000000000000000760	-0.99999999999738997669
-0.00000000000000000760	-0.99999999999738997669
-0.00000000000000002628	-0.99999999999738997669
-0.00000000000000002628	-0.99999999999738997669
0.00000000000000002738	-1.01697761036959999359
0.00000000000000002738	-1.01697761036959999359
0.00000000000000002035	-1.05311512065050005837
0.00000000000000002035	-1.05311512065050005837
0.00000000000000000515	-1.09999999999760000868
0.00000000000000000515	-1.09999999999760000868
-0.00000000000000001251	-1.14688487934480010111
-0.00000000000000001251	-1.14688487934480010111
-0.00000000000000000252	-1.18302238962569994385
-0.00000000000000000252	-1.18302238962569994385
-0.00000000000000000681	-1.19999999999790007976
-0.00000000000000000681	-1.19999999999790007976
-0.00000000000000001969	-1.19999999999790007976
-0.00000000000000001969	-1.19999999999790007976
0.00000000000000002052	-1.21697761037009999363
0.00000000000000002052	-1.21697761037009999363
0.00000000000000001525	-1.25311512065100005842
0.00000000000000001525	-1.25311512065100005842
0.00000000000000000386	-1.29999999999819992880
0.00000000000000000386	-1.29999999999819992880
-0.00000000000000000937	-1.34688487934540002122
-0.00000000000000000937	-1.34688487934540002122
-0.00000000000000000189	-1.38302238962619994389
-0.00000000000000000189	-1.38302238962619994389
-0.00000000000000000511	-1.39999999999840007980
-0.00000000000000000511	-1.39999999999840007980
-0.00000000000000002886	-1.39999999999840007980
-0.00000000000000002886	-1.39999999999840007980
0.00000000000000003007	-1.41697761037059999367
0.00000000000000003007	-1.41697761037059999367
0.00000000000000002235	-1.45311512065150005846
0.00000000000000002235	-1.45311512065150005846
0.00000000000000000566	-1.49999999999869992884
0.00000000000000000566	-1.49999999999869992884
-0.00000000000000001374	-1.54688487934590002126
-0.00000000000000001374	-1.54688487934590002126
-0.00000000000000000277	-1.58302238962680008605
-0.00000000000000000277	-1.58302238962680008605
-0.00000000000000000748	-1.59999999999890007985
-0.00000000000000000748	-1.59999999999890007985
-0.00000000000000002842	-1.59999999999890007985
-0.00000000000000002842	-1.59999999999890007985
0.00000000000000002960	-1.61697761037109999371
0.00000000000000002960	-1.61697761037109999371
0.00000000000000002200	-1.65311512065200005850
0.00000000000000002200	-1.65311512065200005850
0.00000000000000000557	-1.69999999999919992888
0.00000000000000000557	-1.69999999999919992888
-0.00000000000000001352	-1.74688487934640002130
-0.00000000000000001352	-1.74688487934640002130
-0.00000000000000000273	-1.78302238962730008609
-0.00000000000000000273	-1.78302238962730008609
-0.00000000000000000737	-1.79999999999949999996
-0.00000000000000000737	-1.79999999999949999996
