-0.34071551591095
1.6964920502578
-2.418118026732
-5.5584648881008
-3.7215515111822
3.6943962619214
0.46611939474937
1.8565580571754
1.3277288527021
-9.5957233631152
-0.40279770752533
-3.0980753580722
-2.0560390828224
4.707711456257
1.3472991162612
-4.9472936047249
-0.58504558454162
-8.7522153886386
3.1350038971498
2.3212600432875
7.0710430275446
4.5505435174502
3.2540817411782
-2.9555329365585
-4.3415565648517
-8.4023473813544
3.0982201424182
-9.3878072223099
-1.6716479853811
1.6333993950686
1.3559797315364
3.6667017111984
-6.932878953323
-1.9845923747275
0.23454713767519
4.9804772551567
-3.6596936078723
6.4738283168228
5.5149545916052
0.1960720707788
-2.1548069192083
-1.4224915354326
5.3987733038106
-1.995859063148
0.27335529218372
1.3015424575339
-1.8462539369754
-0.40835768181993
-1.2552040095739
-1.3841440387463
-1.2003230804539
-0.99221257779057
-0.1134864703704
-4.578691458669
-6.0216271835909
-0.340938508613
-3.3498815485294
2.2269222058743
-0.9167417810523
1.2336600716613
-3.7268298897522
-6.391198303413
-1.1460670388049
3.1730299042623
-4.1411028544884
-9.7260003555453
0.5507643177583
-6.032088265295
6.3396616586023
2.0275350990069
0.31127787309083
6.0334591307941
4.7086080411958
0.71555116706371
6.7144235095132
5.5031666152971
-2.0655500983063
-3.4693064965434
-13.216651800356
3.9465809348827
-7.6758813038239
-2.854242439873
4.4720530056573
-3.6955172499953
4.0582192580603
4.9902428509132
0.78375149212691
-4.079683772585
-2.5929863800829
2.7565094615763
-3.872182493874
-2.9839688284993
3.8492753017807
5.2809232320003
2.3833378332533
-0.51413890790289
-7.8575791245094
4.5890529467039
-0.85998642040225
6.2150262980401
0.23318362848233
-2.4118477125557
5.2765388353827
-0.085062882308806
-1.2460098220423
-0.11689138799497
-5.6604288833
2.7939502797415
0.48890810845034
-5.9433415650708
-2.3364742982901
5.5203390065267
4.3198361673728
-2.5556970225561
-1.6427029284068
1.46117460234
1.7218810847885
0.2558008103044
0.37314726730758
5.8805104416787
-3.4552282135718
-1.1005851065753
-5.0279133834189
3.851684522648
5.6227818941979
-5.3371163817043
-3.2175783427064
-3.3484544672351
-1.6181133776185
-1.0636572621938
-7.269252169735
4.19732797362
-3.0785221079737
-9.705766979714
3.6698706274303
0.49789058324749
-4.7867211846469
1.6215846300278
-1.4833587958998
-3.4960326453874
-3.1424524659526
-11.348986684681
1.3723830068474
-2.5961820672628
-10.158874052264
8.0813457001221
-4.7235978491556
-7.5419421750192
-4.5082528618333
-2.4221025328314
-5.5422718353793
5.6583799795284
-3.7321990282962
-1.2556482458452
-8.0609299401442
-3.3075099233054
3.9307348188733
5.5156985084384
-2.7151226684084
8.2961755548081
-3.1452072984747
-2.8626695287413
1.1557752270959
-0.37407370719527
-1.527652649354
-0.19595318989622
1.0630185597449
-5.5968831428644
-1.1025292196161
5.9674680986637
-2.0012941150232
1.725899217959
1.3513730797579
2.9160792244922
2.8666259884305
-1.6908734345635
2.1275524397322
3.1330650049035
5.506559986826
-1.3124874887584
-2.6946214346385
1.4731636103855
-10.075958366084
-0.48175272356695
0.74669431672575
-7.5086071412493
-3.9043416727015
-4.9479011204498
-1.2838236254664
1.0642059669461
6.5113239377537
0.026268215570284
-6.1763877505439
-0.91841430386016
5.042915748004
5.3167537713371
7.5062300021337
3.7829810015614
-10.263087086979
2.087414512178
1.0897143637536
-7.3554863804354
0.14288833483308
-5.6389831481377
2.2160726728716
0.088847462187074
0.70416923697163
-0.584710193688
-8.6046002650912
0.56173897947614
-4.8830309784791
1.7407375668954
3.986308716932
-3.1503987036175
-9.4756944793352
-4.6409127862876
4.0646695697113
-1.5619760600481
3.3699309521269
-4.6486202609629
0.68237640081752
3.8030687041031
-3.2062141111366
-4.1694587877545
4.5536086107362
5.4434154469103
-7.8755011014378
0.81996336627254
1.8121640073779
-2.4661066604517
-3.8417405756247
-3.6029654963122
-0.061209638903879
-6.6070251728341
-9.4319824761428
3.4569861300495
2.8539797731775
-5.7288833150988
6.3081395587292
-0.80698863232771
-5.4092975188615
-1.6437344921181
-1.8647547106833
5.0130795819678
7.7908350724212
-5.2269921949994
-2.8731872624925
4.0722896044663
-3.4100486064839
-6.4163136466953
-8.1218469043217
0.79472428997646
-1.984359577155
9.7796379906439
1.9489179604488
0.02580187000734
0.39354964128349
-8.6958004795105
0.33861239187969
-3.8507613160026
6.2607834248402
1.5730839063769
-2.9643313979454
4.966769347174
6.039574344492
7.4203012468366
3.6454427316312
2.7198119030076
2.4413882614362
1.4543990759333
-4.9142351022993
-2.510151592792
2.3078510390043
-4.3313577047788
-3.1048948708195
-1.1178813471978
3.4785123854301
7.2926362393721
-2.3607024428056
-4.0130635413757
-3.8923643686066
0.02530427239469
1.335819468286
-9.9016911782657
3.4110280013745
-1.8312024799929
2.1318902092289
2.3682185797008
0.91507350064954
7.2612994294045
2.2100957148031
7.6564087411918
3.0533805697176
7.8497037894329
-0.79658042525536
-3.8108588815794
-2.2578494806672
8.9315836799324
5.5197198266465
-3.6088089444791
1.4232135987121
3.3004508554614
-3.8572404104894
2.7639181656512
1.7595506027208
-1.7331015939978
3.363844312508
-4.1503755415047
-0.68063147498051
4.306976030161
-5.5105644205985
2.2237823508143
3.8535083716843
-10.126735671496
-8.8808189124325
4.0732491886682
-2.4222150784052
-2.1282306951961
6.9738795884076
-7.3978599615601
-1.5117879065866
3.2077767319624
5.3710259664391
2.4010114962125
-4.3633807569051
-1.9981555122706
2.9489063719075
-4.6418244951742
-1.0654359553632
-7.202815017946
6.860383157791
1.7191416678766
1.2913795568523
3.0811376595001
-1.4782978743722
-2.2930343940802
6.2023234398404
-7.7726444431141
6.1390415881468
1.6387207541838
3.2299503865987
5.5601530345621
5.4006771690004
8.4674497928706
-2.8591973090905
3.341405253496
-3.4768579470434
-3.9888056259002
-2.3677985995073
-5.7406766320361
9.7876421415761
8.5517669810151
-1.3043020736088
0.10868854295374
4.6201950524829
-1.7482934777041
-0.33807082742477
4.4737947793391
9.5757777642048
1.8729745141929
3.5402552357717
-3.4737004528043
3.2411054549583
-2.8247121550854
-0.12916500929146
-4.7581216073561
-1.3911235392287
2.4878244914672
-5.0301561687971
-13.978797325432
2.719665274433
8.5680898201064
-4.2358013229149
8.5959533553559
4.8082596593706
-2.9092829648683
4.1048795807373
-4.3369766360862
-1.3720681783698
5.4364253541294
3.8826617172533
-2.089702418618
-2.1955303895938
0.6864485167991
3.2045782465279
-1.8957634754367
-2.5663827732913
3.4829472281624
-5.595848721059
1.8532516573875
-6.595296370287
2.0178106747233
4.7597381653743
1.314375797781
5.1379875349639
3.3193510405166
-8.6818042722262
-8.0875927576747
0.33610184793152
-0.40484869672319
-4.1903248665156
-3.6640428481606
6.7462439177847
-6.9248228379831
2.535836525008
-1.3625578169306
6.8161465762786
2.1614208152347
2.3893999920841
-1.5736922271431
4.8131704603282
0.58966682696606
3.3729663763762
-1.3065233231487
-1.5075928959655
-1.8112432967494
2.9174578170605
2.1755351365106
-1.5666709398124
2.8397065639843
-3.8139515277624
-0.54302200929956
4.0796754524514
3.2508272032168
5.1579445032278
-3.0847998767753
-2.910601158944
-3.1742955315789
-0.010127807244821
-3.7120635820839
-3.3288536936459
-3.8725607479882
2.1044837221958
-0.70210310979763
-0.83090074677609
2.3713380951331
-1.0647167809339
-2.2689261426891
-2.2410171853576
2.0897865645942
1.7885275845405
-3.9081558709571
-5.7924609405201
3.7625520847416
1.724283865638
-0.46613353333533
-0.069594424948523
2.3996901317933
3.5190376255091
3.8608032165756
3.2363329068373
-10.155733023287
-3.8743320506039
-3.2828473077154
-4.0694131909177
-5.2121375244271
-2.2215068017278
-0.80768586182556
-0.6263055489097
1.7589531723146
6.1185059638119
2.9900128204177
-0.37864378462886
-3.3067275769683
1.6831648216692
1.3470409697105
0.39202611243072
2.5619834015891
2.4076350475892
-2.1943621500705
-3.2106286111594
9.104453287301
1.8933090812389
4.4623255393916
5.2610909227939
10.840127768219
3.429809850852
-2.4920989153735
-5.3019611007099
-1.2520911981419
-4.5587848483069
4.2977575184575
-0.2107864463665
-1.5532293454399
0.044110658507714
-1.435855888026
3.1413485273612
-0.16723128281503
-0.12191294538022
2.2378446504377
1.7270496747824
-5.5964956603466
3.3632241810999
12.629174653307
0.48366039818433
4.2407790456391
-1.4103990370581
7.3566115111959
1.8083569411054
-2.5619177659324
-3.158722751466
5.3512348839094
-1.1214161335659
-7.0285198215661
-2.0112724410001
-0.98027433235676
2.1910749408
0.80669628149303
-1.6921143799899
0.51701174640565
3.9226172399287
-5.2593708119018
1.3140399634502
1.012971305799
6.8857206230524
3.7859258982743
3.1406639630083
-5.7508281226382
-4.079193350857
-1.782903647546
4.6698962557473
1.3090340534728
5.2307799770243
-6.7536240024988
-5.4779373703142
4.2582258300274
-6.2548812304745
-3.5881779507106
2.788684818729
-0.62338022956361
-1.1687722057037
-3.8863345714663
-0.24550894259747
5.9643766095435
-2.3777706001332
5.8882407713583
5.5485844248738
11.501991121868
-2.4755049858087
-0.48437559372697
4.8553113056104
-1.4334686348873
-7.8721501314934
1.1073741265369
4.2147511899855
-5.4919198384799
8.8649830641675
-3.5075021154723
-2.2269164644582
6.5446152764288
-10.812591445715
0.58697854597049
-3.0890456808154
0.66600942738686
-4.4208580296619
-5.867487995862
3.1972856232147
2.4282685531076
1.5232592260094
2.0284396895837
-3.195379223634
1.1028802839401
7.1757004881383
-5.0419857413904
0.23976019385711
3.7406931178211
5.0354452853328
-1.9360074590176
2.0907488853714
-0.33533199017885
6.5056012785776
2.6174474795556
-8.5037857481526
-1.909352245794
2.2841625636099
5.1808877173171
2.0408755390334
-1.7874957225016
-2.9955554432881
1.6128645432239
-5.0636308784079
0.76891312877447
3.0939021568469
-1.6160705143821
0.30782592439044
-0.72455756278853
-6.6442895597595
-4.6924959590314
-3.0083672433504
-4.8256956531346
3.2606358783991
-0.17019753209356
6.3741460832067
0.11507528688341
-4.8625740691332
-5.8727095299792
3.7692022102885
8.5125685497926
-1.6119936525249
-5.5929672585795
-1.6841354917862
1.2883209474399
-3.5732728874718
15.885300925138
-7.8871016006362
-1.3927495474943
-5.0402168402053
1.7053778525394
-5.3597313153228
0.01414195785469
-1.7941535158255
3.3279781125377
4.1402061749854
-1.6010065685461
6.4186362536201
-1.8586523497691
-2.7190572781382
-4.6520187461512
0.64436021851881
1.5401049948373
2.2551623052276
0.26624865220091
2.5090021060726
-0.1258861232148
5.9197562813706
-5.1685967647947
-4.9877454374228
-7.4291690720256
-0.95362763642277
-4.8462754598629
2.3151402291238
-4.9955917012402
-0.29843267438792
3.7662155015343
1.4271800564413
-4.9881101147341
-7.4033009752999
1.70837633892
-4.8972854748965
4.3944727754563
3.3552079210664
4.8243306336165
-4.7940440274472
0.29664958530333
4.211179607858
1.2942175830207
0.33561207020583
5.2508664105542
-0.17177986735651
-2.5615407094043
8.1135021576307
-4.7531867870866
-1.0758764577925
-0.16631794281685
4.9472296642733
4.604300034612
0.64816573960901
-1.4188006366029
2.6860282690102
-1.9031581254605
-2.5124892525957
0.00038060985841741
-6.3683121305074
3.0892711383234
-0.83621962475281
-4.8497643399344
-0.10900567466983
-0.261409525056
0.92490812750128
-12.279595932917
-0.014049221170318
4.6786240105282
1.9697905923685
-7.7373814758485
1.8620696363626
2.3704994375258
5.3792665868904
-5.9078093792888
0.49429560694427
8.1961912008765
2.213058882014
-3.5711670656204
-1.0514062187229
4.1473767814607
-2.3397858684394
-3.2347122443907
-1.8102527849843
2.1460220313737
0.096417744171962
-3.8164960045718
1.5433257047199
0.11029426963887
-0.58824235740049
1.944140969846
1.1190535749314
3.2159582188756
-2.6159932339431
2.7306465252566
4.2694415859386
-4.1271874148616
-1.2699263307536
-4.6451057323497
6.8870459571401
2.7480628367628
-1.5331826713119
1.287877607899
-10.475393011096
1.5311687548785
6.5944105821326
5.9814915552104
-4.5125931200852
1.9053732938364
6.5996097916796
-5.8998255772231
-3.6838386364967
1.2278388319015
-8.320495232901
4.3545127161029
-1.710321483246
6.1006093030713
1.5132382776393
-0.066208185210758
2.1488424763693
0.45595274709758
3.9076507402722
-7.7503258176321
-2.8344304457565
-2.0107043920494
0.76823876805193
-0.95677908610498
0.50430176491711
1.3478340337631
1.9860099922225
2.7971837008077
-5.1384847323383
0.92258797942815
1.5328276145398
-2.0522259796505
-1.0148583666754
9.7350762600596
0.35998849933534
-9.3416001294014
3.5295648513046
4.4419169892157
10.136579673701
6.9667427752698
-2.8340207972923
8.8589646828084
-6.9682433701961
9.4721815060585
0.31027756214607
-4.163641438074
5.0158811046735
7.4696389124805
-0.47994962923809
-0.71342894780335
-2.1591757765567
0.7966735158076
1.1878715421532
-3.5223201407398
-7.8100866681874
4.0900226080566
-2.5370793943495
5.4626584866723
5.5355779118378
-1.8618750486011
5.0909673652902
1.7293920517846
4.9701776818487
3.5835478055004
6.1627975003023
9.888960590303
-4.1616071218829
0.54817927090012
8.2997879832598
0.098894661246703
-2.6995285337171
1.43339858465
5.8348639598839
2.801302150194
2.2050897816646
5.8500046972367
-1.9258313570021
4.2379187338968
-3.0764341793366
-0.7151915384045
-0.60986859379043
4.5130574838199
2.1330716180701
0.29286796932195
2.7176511577026
3.9018440883558
-0.16953330655388
4.1347602131199
0.76214009442207
1.5628137449325
1.8331310509427
-7.0181945070603
-1.5764128563642
-3.9953765900898
-1.2488130811284
7.1019305741307
-5.4079109838044
-2.8210300914861
-6.1699457282086
8.4034170636608
5.94295786714
2.8018700709471
10.950897584098
0.26022372320843
1.1628212449804
-2.3806547284156
-7.2618665553665
-4.9703595516552
0.090483869235422
-2.3405582693874
6.5471020341316
12.452541095605
-6.3077278152737
1.6832826076702
2.9486766726068
-2.1971210152847
-0.060027632756844
8.257262253239
1.4475552536305
-3.2241003586848
-6.9438604165214
-1.5336333953995
2.0045094062632
-0.88275161621716
-7.0053471433382
-7.8904540742087
-3.7538513691876
7.3099629417843
4.0182372787066
7.8460600434693
4.0126523588336
0.63952869333694
6.2353982765234
0.48213000444243
1.956287384206
-3.8812577014181
-3.0102544618679
-4.2010830904001
1.5996418177723
5.7114813471269
-1.4670977139608
-8.9816483245037
-1.3928206007886
1.1430207710679
5.7637465445851
-0.22958557250531
3.1282424424843
7.9658816323494
-0.009272648269529
4.2462289966879
1.5160399664887
1.746507674686
6.66981549569
4.2244255662063
-0.62374524833851
4.3047221192764
-4.5301447925314
-3.6336873195281
3.7688679516222
3.4267241151452
1.3787752840474
-4.9077821110903
-3.3073552985142
-4.7991773973646
1.7279125743394
2.053496481179
-9.2766601598038
3.8191673958828
5.8650423419219
6.9715437408492
-4.431700933019
-1.8257264573184
-0.59093435419247
-1.6030521222311
-4.4990500025421
-0.29207193656146
-6.4312254121995
-4.3609536215809
-0.67502375119387
8.0730115955168
-6.689303895276
-1.6371832043308
-9.5434670886216
0.94566484391289
-1.1956460851327
2.5577210949704
0.12648187171028
6.8429768743031
-0.33307529901391
-3.1038518905861
3.172240649527
1.6688062908341
-0.12440133969934
1.8362227071865
-0.3140352783687
-5.5066527767271
-0.90397101705701
6.3776495738467
-1.2624189378573
-1.244812880546
-4.5417624358364
6.8372613299
-5.2731866279508
-0.61057672436121
5.0946237462058
-5.5054191804374
-1.5135258236472
-9.1475140963651
0.38682041232638
1.191101110117
-5.1991799788617
2.5963507957729
-2.5824791798004
-5.1705597539582
-12.714863195935
0.86373049503986
0.87601517360077
1.3281904791486
6.189551634437
2.0586533979394
-0.90281702471279
2.5055923494448
-1.4823568197181
-3.2407389964981
1.5016911489943
4.9238678220988
-0.60304642487785
2.0819659589479
-5.4722331204248
-5.1227315904419
0.54795018517549
-2.2645977349768
-1.7159571059238
0.49863479894013
0.0058227763432581
-2.7019337055473
-0.27008492123053
-6.9416456903995
1.3034631560898
8.1741309442888
1.2149054598955
-2.9107675791222
1.3025134647541
2.8173305095193
-5.0530516011733
-10.523513590195
-0.83392669757385
0.47876578482442
-4.2503833596529
7.3219856863521
3.0929567651768
1.3797890712131
-4.1332196192976
-6.6485290948734
4.9884440188419
4.3911025578114
7.4606436023313
-2.2807165586221
0.98179939566176
-1.2773967638998
-0.62103003656638
0.86760991802934
1.3166575512668
3.3278398614576
-5.4201192802014
-1.8371768271639
-0.52071352206386
-1.3439462682481
3.9672380951087
1.5346278396621
-5.6498294437684
-10.439398625743
3.2627073543189
-1.3680510954593
-4.4587037666972
0.080747254895808
2.2593488621656
1.3877780983738
-5.2939072746884
0.086160116277905
0.68717219067315
-6.6564234301456
8.0131040836768
-0.94943533709138
-0.19836392979487
1.1291052392316
-2.6780732137831
-5.6546976073073
-1.2537074501322
-3.855157436399
-0.45237133238747
0.43054604274635
2.6713341294878
11.116093443514
9.7298397779815
-8.9351306531674
-1.2666656887412
10.320929554432
10.057674521705
2.2075420039476
-2.5948105678173
0.60056460210267
5.6465369825529
5.0133682113002
-5.0777490607319
4.1235334622167
-1.0580415768379
0.74124433310672
-8.4524631060699
-7.3484284286144
0.63712096391003
-2.7937332063055
-2.0883129234716
4.4954657509981
-3.9994287094762
1.486116877154
-0.74057492070244
0.99606383066209
-4.1155580974856
-5.1439847481154
4.2741649131501
-4.5800907684671
3.2793419631366
0.015729780236749
-0.2441818620875
-1.1162223535548
-0.78199207302826
3.7279131639487
-1.0343576270774
-5.1996272998931
4.8169382731529
-0.35392307226106
4.2441575582659
-6.2878615905143
4.7098238630164
-6.2315728095125
-3.9436212159606
1.8603065309829
-0.79940398536533
0.27520095558726
-1.5126018912399
-6.4503122356687
8.5930959996267
4.6721004684838
6.7492265659936
-7.5861962961072
8.2477904093376
0.1841574184697
5.1090390522762
-0.2530118405371
5.8118572817988
-0.23756695565071
-3.7408350460909
-3.9606071996624
-1.0935984867992
2.5632962105243
1.7421555201944
8.284772975401
-5.9483152468705
5.2386082943032
0.91640830795182
-0.58265080985368
3.6649088644873
3.9899435036075
1.9595428136052
-0.91472707024269
-0.68359819415014
15.836890352723
-0.77548921052443
-3.0141739677541
-0.14429974966975
0.99330461586754
-1.2245958238549
2.4882961961803
2.17992074709
-0.10556225253562
2.4097359096678
-1.8261775469306
-2.8642749845756
0.42808863564652
-4.5692224085247
2.1185650923345
-3.63262539191
-2.1847634150154
6.8597332853796
0.59122504517665
-3.6068076464184
-5.1424798115171
-2.3645490588206
0.83791614200921
2.8116208618624
6.7412512505716
-2.6158185064574
-5.4692343856422
4.5398548080477
0.84303240095053
4.9334142233035
-7.8036779973914
-2.564085715108
0.13268625926225
6.8382272012911
4.8717531296816
-4.0224696832944
-5.427919665987
1.5729774161874
6.759080123585
-4.6981729232189
12.343973786898
-3.4569886286261
3.8529387925615
3.4765632142492
5.3340787296168
1.1231124892532
4.4922153951807
3.3117911141175
-6.3699316707425
-2.0193879278318
2.3480792022895
0.50691020844518
-2.628037087816
-5.2976085189204
6.6961908890678
-0.81971842740056
-4.1441562591565
7.691162348416
-0.8729194661867
0.14400096717159
4.0736116262225
-4.2783233783946
-2.9455637277112
-1.468346365451
-1.5755340339951
9.7024147940866
0.49261834751184
-1.8871036353457
3.4952180905794
0.38471259179305
-1.837470503932
0.75963060809404
-1.5117164611756
-4.0349408144159
1.2185893642258
5.1239571157663
-6.0601497271686
4.1262304275431
-7.4872965389435
-0.26606492453822
-0.96187096200581
3.4664679931988
-7.9586363808373
2.3691815716659
-2.9339182327481
3.0736229925149
-5.753572756904
-7.1321764918881
4.6805051196931
-1.9191732820692
-0.9349138476369
-0.93818502385162
0.98857247835859
-3.511403586069
-2.4741323006046
-0.35295483051507
-1.5814958754392
-3.5164075637021
2.4166325547385
-1.9531448912955
2.4465012138521
8.8560847058257
3.9873676153214
-4.9218933870917
3.3544618238978
-7.0499993095952
-1.0851965376516
-7.1546762218547
6.8036369284235
-3.9525977624137
-0.50477235065303
0.82327962702964
8.0726329812505
-2.681727038435
6.3734243747248
1.6688367858813
4.9818718491301
1.7934493812348
0.020438649133137
0.73758425910337
0.24182702098557
0.93739080035572
-1.8195399172837
-5.7753244256221
-4.5273320389999
-1.4455124582215
-3.5453619314515
0.47954070983166
8.4932522590233
-2.0654476223511
-1.1219995379843
2.4804752851584
0.82400479974249
2.8421345551185
0.97795894045545
3.7634199496392
5.4036369725555
0.061804682626396
-1.0830123918404
4.151022470115
0.10865019893433
7.573990909001
0.68564973861872
2.6790437190047
3.2436137639201
4.9912088808394
4.3960410813944
-8.6682871113632
1.3700334981813
-7.0130967391988
2.8203183539718
0.36767492623332
2.5373118213622
-6.0772502606242
-7.06133710498
-0.49045903090209
1.4570640882069
3.5288324186714
0.74324716642051
9.9022781588115
5.5220315798896
5.0888832193822
5.3478325750518
-7.024145401315
0.76219819875021
0.3172470195393
-0.31966106274366
-5.5196319420174
2.5482504093081
-2.0467575175665
-7.0285847136798
0.51114699867717
6.3927549072507
-0.40123501276688
2.8524068143698
0.35919645113526
8.777617631826
-2.7193233907292
-5.7366319827537
-2.0585144342931
0.68970262059557
-1.3536510468426
4.722447722599
-2.8245738128587
-1.5510448027049
-2.7290731339047
-7.6037640748784
-0.087522630910822
8.5516167839963
0.15183508025413
4.8497653634277
-4.8795561061625
-5.276352437602
-10.520944673179
3.0846537257587
-5.2964343644262
3.2433603798868
-2.398832320052
-0.06730386000936
7.4128369723071
-1.4748706760468
-3.2922948457147
-3.1172116533171
-2.3097382195812
4.8210171994326
1.2977627956251
1.6022658543538
2.853839903684
-6.8395726905836
0.58514166823944
6.6098129793292
-1.0643856828997
0.53461314222758
-5.4813513844759
-1.5524938238911
3.294203790232
-0.41469218224512
1.8553089203389
-3.1679222117892
-1.6536726839304
-3.2600760973355
5.3612822275072
2.6554360652573
0.6068053786289
0.2633265554761
-0.34527767446276
2.5784969471788
-4.0355780454529
-0.75172568972623
6.6192815934034
7.1528644317727
-9.5003448519223
-4.6259692336319
0.46097795311258
-0.82989008571632
-3.2481176603805
-0.45341907153439
-4.4039060056907
1.4930347309398
6.1732454803161
0.1952136599872
0.87969121829818
-3.2079266345286
2.7386069983638
-2.565214179503
1.2253585488381
6.1833363719303
-5.014084872015
2.5742010754575
-1.9109225037298
0.3356941360206
1.7295149229613
-2.7545920205773
-0.058262424474708
2.9057418078291
2.676922933428
-9.8543275406711
-0.78968801753882
-4.0147747576149
3.4832063226181
-6.3767998588335
-1.5656759271853
-9.4986632543532
6.5588029423315
3.7948824139741
0.90026048879199
-3.4763961632831
-0.31436929259126
-4.498739047872
-3.7397458362969
-1.9806369891854
0.33027779571399
-0.12182933304248
4.2205350295602
-0.65388283699951
4.1575716505401
-3.9011423514315
-2.5121692081927
1.7321619860005
1.242617081207
-3.3344800888418
-3.2192342308231
-4.2378095760369
6.1807603074629
-3.7747868395976
-5.9723070436534
2.8453950260026
-0.83896096650736
-0.061585611988268
-0.864126894601
3.2275704615102
3.5152401812274
-0.34767377112072
-3.7425219318162
-0.93014992639372
-6.8830416872422
3.2698861811372
5.966660357008
-4.878893032668
0.37056693450696
-6.2426287057703
-3.7003690549138
8.5609547362209
3.7493672154022
5.8483499706456
-1.4122557565418
-0.73202159532942
4.079026423493
4.7609463261671
-2.3365083338873
-0.32309221954607
-6.8008431133614
0.29844481324352
5.8250927160147
0.80377476974752
4.6990865350245
0.41187227921235
-6.4553798414491
0.67229079734037
-10.873951041642
-6.2062938322204
4.7217518606568
-2.3446964142434
-1.1900975500513
-5.2739685220364
-1.4595779342322
-0.305115618547
-2.5474046095986
-1.2682230036574
0.98085933743699
0.83591644604053
-0.019440654987054
-3.2096548524137
10.49896664687
-3.4892239736467
2.0122338233586
5.6997023664288
-7.1754252325987
1.5929088185464
-1.5830246270821
-8.8652526943362
-4.0990502654811
1.9514007638479
-6.4613385770244
5.3866544949447
5.3978787699134
-1.0276692984746
-0.98617399975274
3.2446345520756
-4.9834702653916
-8.7263233665228
1.3548988431346
3.8098943487274
-4.8890544862535
1.7904903622124
0.13134066826916
-7.8995509115509
1.868431896985
3.091373856803
-3.9541652582123
-8.2710922038001
5.1823674943272
3.3251134631711
-2.3517278041533
-1.4891207903774
6.6721311207238
6.8453441521863
-0.082805735053576
-0.54297644966322
-0.66791907371841
-3.3657159119322
1.7402387727503
-6.1459458249122
4.7982039531016
-3.687343321579
-3.2457231132016
0.14447245778929
3.5996660774211
1.7862146622956
-8.6662385618774
5.0658449276258
-6.6703451172023
1.2784187120679
4.5393103385927
-6.0867417961144
0.71050788608025
-3.5816062411821
0.66938342106666
4.2117972230128
6.0801152699104
2.6780517801929
8.0796294657554
-3.8059246819091
5.571815782027
-0.063937295133239
-0.26596391252157
-3.7076671889538
-1.0444388035715
1.4675468735068
2.2520326801417
-1.3499609661532
2.3498101402255
1.702533696719
3.0324236208333
7.2793274215729
-0.36435949607802
5.4995698749871
5.7411612997777
-7.7043883879279
-1.9651297702032
-0.99809094527967
-4.9425366326469
-1.2457858712349
0.21213803035777
-1.3777991500761
5.5748512146505
1.1536482837725
-2.4991594147066
3.9273422128805
-0.72005964010582
-3.8909350120324
-1.7810885019426
-4.0916364983276
5.1119981246848
-0.15493639565175
-2.6678154454127
-6.2091577150407
-6.4768762135748
5.995516283041
5.9578331708686
-5.6001401800181
1.3498148193308
-1.4379028663663
-0.28979309531372
3.1479340286192
-6.9569991980935
6.0320522788766
1.0286920012645
0.70990326674573
5.4641473050718
8.1522932784269
5.5830981489331
7.434250748095
-1.461165750826
1.4594352259549
3.3283233973834
-0.37047422663548
-1.9627651914148
2.3868773358575
-2.7894261709384
-6.8624388274686
-1.7331867836427
-0.80364841796834
-3.3615503259061
-1.1867981902675
0.82565948483198
0.40681856395776
8.5776453577902
-0.89139412772863
4.2109037100481
-0.94165387148568
0.61519147606232
5.4265769623478
-1.205332137284
0.61902310840996
-4.5503021823769
-3.7281174718571
-2.4557714341597
-2.2648566164006
-10.475705487434
-2.9877660627409
-2.1349074195251
6.7269448896235
4.927796260832
3.3472518750496
-0.56676973114197
-6.8317232797134
-5.6421542487102
5.178359922728
4.1407032510334
-4.0067365937469
0.22646327747855
2.2272363698364
2.766896523378
-4.1353557834688
3.175995266293
4.5453621172321
-2.8749153654035
0.29122241699117
-2.988238208383
5.6379071352946
0.10563349500789
-1.4574001557106
-4.0267597362609
0.78509703737908
0.067712216861936
1.0785750782603
-4.1366560198765
-0.26660218909334
-0.44687237645928
-5.7104763456321
-1.5835586862094
-0.9309542755506
-7.6603081153367
2.0008589980577
-1.300982575754
-2.2740919774444
-2.2186401516513
-3.1140147192325
3.5318822333026
5.1962715270706
3.972346484882
-11.946125178118
6.6744455118578
-6.8674093663741
-3.1387380799576
2.278916825689
1.7088227941223
-2.0009347219491
-0.60244513451997
-1.8877311246121
2.0688333902507
3.6732738414093
5.5224694956317
-4.0267207968778
-0.285682041976
-4.8720722730426
4.9769014822065
0.95733664043651
10.196531632229
-8.1185247799295
-8.4760373446407
1.9949368609245
-4.1501149283575
0.16250710336257
-4.9442662512119
1.966804724416
8.5950929068018
-2.4414663146705
3.8146578413041
5.7961240509692
-5.3622061550022
4.3511898568588
-5.7898269193775
4.5593997172794
5.6477504428155
0.13909481866986
-9.4771499677491
