0.00000000000000000000	0.69999999999999995559
-0.01200600300150075038	0.69999741101329204795
-0.02401200600300150076	0.69998944831009890510
-0.03601800900450224940	0.69997593091394427756
-0.04802401200600300152	0.69995683566702671108
-0.06003001500750375363	0.69993230344645063212
-0.07203601800900449881	0.69990264118348466393
-0.08404202101050525786	0.69986831955794859272
-0.09604802401200600304	0.69982996637082894864
-0.10805402701350674821	0.69978835573051545449
-0.12006003001500750726	0.69974439331770077466
-0.13206603301650826632	0.69969909811710051528
-0.14407203601800899762	0.69965358111697983912
-0.15607803901950975667	0.69960902157653692690
-0.16808404202101051572	0.69956664154335257422
-0.18009004502251124702	0.69952767936569593132
-0.19209604802401200607	0.69949336298532061029
-0.20410205102551276513	0.69946488381394722467
-0.21610805402701349642	0.69944337198999750882
-0.22811405702851425548	0.69942987378110099694
-0.24012006003001501453	0.69942533184291544313
-0.25212606303151574583	0.69943056896704769443
-0.26413206603301653264	0.69944627585218765997
-0.27613806903451726393	0.69947300331543160734
-0.28814407203601799523	0.69951115922822826310
-0.30015007503751878204	0.69956101031696038550
-0.31215607803901951334	0.69962268881583411506
-0.32416208104052024463	0.69969620380372565815
-0.33616808404202103144	0.69978145690138404689
-0.34817408704352176274	0.69987826185541324175
-0.36018009004502249404	0.69998636739523278916
-0.37218609304652328085	0.70010548262303129441
-0.38419209604802401214	0.70023530408857681540
-0.39619809904952474344	0.70037554361423814964
-0.40820410205102553025	0.70052595587376054187
-0.42021010505252626155	0.70068636469372114206
-0.43221610805402699285	0.70085668704093206927
-0.44422211105552777965	0.70103695368341090166
-0.45622811405702851095	0.70122732556715161589
-0.46823411705852924225	0.70142810503522390331
-0.48024012006003002906	0.70163974112834004426
-0.49224612306153076036	0.70186282834477431436
-0.50425212606303149165	0.70209809839946302201
-0.51625812906453227846	0.70234640470363807196
-0.52826413206603306527	0.70260869948320681111
-0.54027013506753374106	0.70288600366153886068
-0.55227613806903452787	0.70317936984519002763
-0.56428214107053531468	0.70348983896395977933
-0.57628814407203599046	0.70381839132395862535
-0.58829414707353677727	0.70416589302847565346
-0.60030015007503756408	0.70453303890095153594
-0.61230615307653823987	0.70492029320211302412
-0.62431215607803902667	0.70532782956458761614
-0.63631815907953981348	0.70575547166889218698
-0.64832416208104048927	0.70620263625106927119
-0.66033016508254127608	0.70666828006166548803
-0.67233616808404206289	0.70715085238631647524
-0.68434217108554273867	0.70764825468893333138
-0.69634817408704352548	0.70815780884935874973
-0.70835417708854431229	0.70867623533932810886
-0.72036018009004498808	0.70919964251556300017
-0.73236618309154577489	0.70972352800971472142
-0.74437218609304656169	0.71024279296542935924
-0.75637818909454723748	0.71075176961759956029
-0.76838419209604802429	0.71124426243320848506
-0.78039019509754881110	0.71171360274294204196
-0.79239619809904948688	0.71215271649433176115
-0.80440220110055027369	0.71255420445726991296
-0.81640820410205106050	0.71291043391817554564
-0.82841420710355173629	0.71321364061674308310
-0.84042021010505252310	0.71345603941578017437
-0.85242621310655330991	0.71362994195652063034
-0.86443221610805398569	0.71372787934488146622
-0.87643821910955477250	0.71374272774370972616
-0.88844422211105555931	0.71366783461664717869
-0.90045022511255623510	0.71349714328449287404
-0.91245622811405702191	0.71322531341753736545
-0.92446223111555780871	0.71284783509892335474
-0.93646823411705848450	0.71236113415520263548
-0.94847423711855927131	0.71176266656034603564
-0.96048024012006005812	0.71105099987683273444
-0.97248624312156073390	0.71022587989935437314
-0.98449224612306152071	0.70928828090931728134
-0.99649824912456230752	0.70824043822698645734
-1.00850425212606298331	0.70708586205722423479
-1.02051025512756377012	0.70582933195802854964
-1.03251625812906455693	0.70447687161162353409
-1.04452226113056534373	0.70303570393841130493
-1.05652826413206613054	0.70151418695712097762
-1.06853426713356669531	0.69992173115239264547
-1.08054027013506748212	0.69826869945628367020
-1.09254627313656826892	0.69656629127556002334
-1.10455227613806905573	0.69482641229531938443
-1.11655827913956984254	0.69306153205529730243
-1.12856428214107062935	0.69128453152265789683
-1.14057028514257119411	0.68950854306956477213
-1.15257628814407198092	0.68774678540173850294
-1.16458229114557276773	0.68601239607293795775
-1.17658829414707355454	0.68431826425836661532
-1.18859429714857434135	0.68267686644705372068
-1.20060030015007512816	0.68110010765005701838
-1.21260630315157569292	0.67959917060975350012
-1.22461230615307647973	0.67818437533846243070
-1.23661830915457726654	0.67686505111605699270
-1.24862431215607805335	0.67564942284084217317
-1.26063031515757884016	0.67454451336130683003
-1.27263631815907962697	0.67355606312450044815
-1.28464232116058019173	0.67268846816630933905
-1.29664832416208097854	0.67194473714664681996
-1.30865432716358176535	0.67132646780549032339
-1.32066033016508255216	0.67083384289070413509
-1.33266633316658333896	0.67046564529235808116
-1.34467233616808412577	0.67021929181709027912
-1.35667833916958469054	0.67009088475574241084
-1.36868434217108547735	0.67007528014311934506
-1.38069034517258626416	0.67016617138462375447
-1.39269634817408705096	0.67035618673415753310
-1.40470235117558783777	0.67063699895357620218
-1.41670835417708862458	0.67099944536769196013
-1.42871435717858918935	0.67143365645087993432
-1.44072036018008997615	0.67192919104133486119
-1.45272636318159076296	0.67247517627555830622
-1.46473236618309154977	0.67306045036649253532
-1.47673836918459233658	0.67367370641079027394
-1.48874437218609312339	0.67430363550029914776
-1.50075037518759368815	0.67493906752564702956
-1.51275637818909447496	0.67556910819113702438
-1.52476238119059526177	0.67618327090501595400
-1.53676838419209604858	0.67677160236249478409
-1.54877438719359683539	0.67732480079563084363
-1.56078039019509762220	0.67783432601950077689
-1.57278639319659840901	0.67829250055352974247
-1.58479239619809897377	0.67869260123639718607
-1.59679839919959976058	0.67902894087923959532
-1.60880440220110054739	0.67929693961224746346
-1.62081040520260133420	0.67949318567230798660
-1.63281640820410212100	0.67961548545305672242
-1.64482241120560290781	0.67966290269336970820
-1.65682841420710347258	0.67963578671665458852
-1.66883441720860425939	0.67953578965280381219
-1.68084042021010504619	0.67936587257965364017
-1.69284642321160583300	0.67913030051425182787
-1.70485242621310661981	0.67883462616975087656
-1.71685842921460740662	0.67848566237537311086
-1.72886443221610797139	0.67809144303898150064
-1.74087043521760875819	0.67766117251887203476
-1.75287643821910954500	0.67720516326796875717
-1.76488244122061033181	0.67673476162399193168
-1.77688844422211111862	0.67626226164733072022
-1.78889444722361190543	0.67580080695776012512
-1.80090045022511247019	0.67536428059455122508
-1.81290645322661325700	0.67496718302393032829
-1.82491245622811404381	0.67462449854427619655
-1.83691845922961483062	0.67435155049294981389
-1.84892446223111561743	0.67416384583819266574
-1.86093046523261640424	0.67407690994293978370
-1.87293646823411696900	0.67410611251145269307
-1.88494247123561775581	0.67426648597003113750
-1.89694847423711854262	0.67457253778443126979
-1.90895447723861932943	0.67503805847276099339
-1.92096048024012011624	0.67567592732661319044
-1.93296648324162090304	0.67649791809744730386
-1.94497248624312146781	0.67751450713182370666
-1.95697848924462225462	0.67873468663986846749
-1.96898449224612304143	0.68016578594821797132
-1.98099049524762382823	0.68181330371383730427
-1.99299649824912461504	0.68368075415123175098
-2.00500250125062517981	0.68584045208800292759
-2.01700850425212596662	0.68827899218960986172
-2.02901450725362675342	0.69087211256403646686
-2.04102051025512754023	0.69360851427348391152
-2.05302651325662832704	0.69647504797295234358
-2.06503251625812911385	0.69945682045093071633
-2.07703851925962990066	0.70253732561536696988
-2.08904452226113068747	0.70569859906933241067
-2.10105052526263147428	0.70892139499832063088
-2.11305652826413226109	0.71218538366847172760
-2.12506253126563260381	0.71546936742148592447
-2.13706853426713339061	0.71875151265712056148
-2.14907453726863417742	0.72200959492742011747
-2.16108054027013496423	0.72522125393743297472
-2.17308654327163575104	0.72836425496384560319
-2.18509254627313653785	0.73141675297370856157
-2.19709854927463732466	0.73435755555730930499
-2.20910455227613811147	0.73716638068821327412
-2.22111055527763889827	0.73982410529415987277
-2.23311655827913968508	0.74231300066808847404
-2.24512256128064047189	0.74461695087068258125
-2.25712856428214125870	0.74672165047446359409
-2.26913456728364160142	0.74861477827294120591
-2.28114057028514238823	0.75028614392324788351
-2.29314657328664317504	0.75172780490201240866
-2.30515257628814396185	0.75293415162534926832
-2.31715857928964474866	0.75390195910664992152
-2.32916458229114553546	0.75463040409096959760
-2.34117058529264632227	0.75512104720163741867
-2.35317658829414710908	0.75537778025180446484
-2.36518259129564789589	0.75540673949880832172
-2.37718859429714868270	0.75521618623985142804
-2.38919459729864946951	0.75481635675078451175
-2.40120060030015025632	0.75421928414308436750
-2.41320660330165104313	0.75343859524513479009
-2.42521260630315138584	0.75248928609105592002
-2.43721860930465217265	0.75138748001290978085
-2.44922461230615295946	0.75015017267065675632
-2.46123061530765374627	0.74879496861069294589
-2.47323661830915453308	0.74733981411170147258
-2.48524262131065531989	0.74580273115126527461
-2.49724862431215610670	0.74420155730544401695
-2.50925462731365689351	0.74255369627559131285
-2.52126063031515768031	0.74087588352338573650
-2.53326663331665846712	0.73918397118973089288
-2.54527263631815925393	0.73749273608121757029
-2.55727863931966004074	0.73581571403654011387
-2.56928464232116038346	0.73416506344367349346
-2.58129064532266117027	0.73255146007747196091
-2.59329664832416195708	0.73098402477871426974
-2.60530265132566274389	0.72947028481276454670
-2.61730865432716353070	0.72801616904307242528
-2.62931465732866431750	0.72662603634642830563
-2.64132066033016510431	0.72530273599821837305
-2.65332666333166589112	0.72404769808184010760
-2.66533266633316667793	0.72286105134152711660
-2.67733866933466746474	0.72174176531596379025
-2.68934467233616825155	0.72068781307413942727
-2.70135067533766903836	0.71969635043647861572
-2.71335667833916938108	0.71876390721341243406
-2.72536268134067016788	0.71788658573846741984
-2.73736868434217095469	0.71706026181987203572
-2.74937468734367174150	0.71628078318772503419
-2.76138069034517252831	0.71554416057475367374
-2.77338669334667331512	0.71484674673714265758
-2.78539269634817410193	0.71418539899500721457
-2.79739869934967488874	0.71355762124471089347
-2.80940470235117567555	0.71296168186006481093
-2.82141070535267646235	0.71239670444711300501
-2.83341670835417724916	0.71186272903642633381
-2.84542271135567803597	0.71136074197468024405
-2.85742871435717837869	0.71089267349945328700
-2.86943471735867916550	0.71046136273225268809
-2.88144072036017995231	0.71007049058855464807
-2.89344672336168073912	0.70972448186356096311
-2.90545272636318152593	0.70942837849172268871
-2.91745872936468231273	0.70918768668050791160
-2.92946473236618309954	0.70900820126865460313
-2.94147073536768388635	0.70889581124152623026
-2.95347673836918467316	0.70885629083777113024
-2.96548274137068545997	0.70889508109050103357
-2.97748874437218624678	0.70901706695276922598
-2.98949474737368703359	0.70922635535348954594
-3.00150075037518737631	0.70952605961065950968
-3.01350675337668816312	0.70991809559083240977
-3.02551275637818894992	0.71040299484678537389
-3.03751875937968973673	0.71097973969135108696
-3.04952476238119052354	0.71164562477907600258
-3.06153076538269131035	0.71239614927586747406
-3.07353676838419209716	0.71322494310951778385
-3.08554277138569288397	0.71412373012256002980
-3.09754877438719367078	0.71508233020680478376
-3.10955477738869445758	0.71608870170127669752
-3.12156078039019524439	0.71712902449857729437
-3.13356678339169603120	0.71818782344639209292
-3.14557278639319681801	0.71924813076899729580
-3.15757878939469716073	0.72029168538648802311
-3.16958479239619794754	0.72129916619519640619
-3.18159079539769873435	0.72225045560895084762
-3.19359679839919952116	0.72312492896413593790
-3.20560280140070030797	0.72390176477727896653
-3.21760880440220109477	0.72456027032587921877
-3.22961480740370188158	0.72508021661318644568
-3.24162081040520266839	0.72544217648526054809
-3.25362681340670345520	0.72562785950106911681
-3.26563281640820424201	0.72562043711822987735
-3.27763881940970502882	0.72540485185017433700
-3.28964482241120581563	0.72496810427415658840
-3.30165082541270615835	0.72429951212005205807
-3.31365682841420694515	0.72339093614098748386
-3.32566283141570773196	0.72223696804965231699
-3.33766883441720851877	0.72083507648739097995
-3.34967483741870930558	0.71918570776342605200
-3.36168084042021009239	0.71729233894347599332
-3.37368684342171087920	0.71516148176368965483
-3.38569284642321166601	0.71280263677906996467
-3.39769884942471245282	0.71022819810640336335
-3.40970485242621323962	0.70745331007069478524
-3.42171085542771402643	0.70449567799173684612
-3.43371685842921481324	0.70137533623459658028
-3.44572286143071515596	0.69811437747613003246
-3.45772886443221594277	0.69473664789196942770
-3.46973486743371672958	0.69126741362912436095
-3.48174087043521751639	0.68773300448462648671
-3.49374687343671830320	0.68416044114894269956
-3.50575287643821909001	0.68057705268499435469
-3.51775887943971987681	0.67701009109300580580
-3.52976488244122066362	0.67348634985427402455
-3.54177088544272145043	0.67003179325236572605
-3.55377688844422223724	0.66667120304015492493
-3.56578289144572302405	0.66342784866029569368
-3.57778889444722381086	0.66032318674271228698
-3.58979489744872415358	0.65737659500559764147
-3.60180090045022494039	0.65460514498873567657
-3.61380690345172572719	0.65202341726431001234
-3.62581290645322651400	0.64964336191713789592
-3.63781890945472730081	0.64747420618134354786
-3.64982491245622808762	0.64552241018279199469
-3.66183091545772887443	0.64379167078576127192
-3.67383691845922966124	0.64228297259819355780
-3.68584292146073044805	0.64099468427213068811
-3.69784892446223123486	0.63992269736369533639
-3.70985492746373202166	0.63906060420833132873
-3.72186093046523280847	0.63839991053864841852
-3.73386693346673315119	0.63793027793909973244
-3.74587293646823393800	0.63763979070672283100
-3.75787893946973472481	0.63751524128083647547
-3.76988494247123551162	0.63754242812486627834
-3.78189094547273629843	0.63770645979559703598
-3.79389694847423708524	0.63799205892147259345
-3.80590295147573787204	0.63838385993155977172
-3.81790895447723865885	0.63886669462702527778
-3.82991495747873944566	0.63942586006120749609
-3.84192096048024023247	0.64004736368368242427
-3.85392696348174101928	0.64071814129673421156
-3.86593296648324180609	0.64142624405571679880
-3.87793896948474259290	0.64216099150239458471
-3.88994497248624293562	0.64291308843532024575
-3.90195097548774372243	0.64367470427531037203
-3.91395697848924450923	0.64443951445794434019
-3.92596298149074529604	0.64520270425919112878
-3.93796898449224608285	0.64596093631525464129
-3.94997498749374686966	0.64671228391448587480
-3.96198099049524765647	0.64745613289959114134
-3.97398699349674844328	0.64819305570551810636
-3.98599299649824923009	0.64892466165712237025
-3.99799899949975001689	0.64965342814783588743
-4.01000500250125035961	0.65038251770514821093
-4.02201100550275114642	0.65111558621243004197
-4.03401700850425193323	0.65185658769381960020
-4.04602301150575272004	0.65260958107677169426
-4.05802901450725350685	0.65337854422555741163
-4.07003501750875429366	0.65416720029154140637
-4.08204102051025508047	0.65497886105834124404
-4.09404702351175586728	0.65581629148062103862
-4.10605302651325665408	0.65668159903542921985
-4.11805902951475744089	0.65757615083813292234
-4.13006503251625822770	0.65850052073656872853
-4.14207103551775901451	0.65945446780414562760
-4.15407703851925980132	0.66043694682369991078
-4.16608304152076058813	0.66144615050818589275
-4.17808904452226137494	0.66247958236151993638
-4.19009504752376216175	0.66353415826281048062
-4.20210105052526294855	0.66460633407910119086
-4.21410705352676373536	0.66569225589407554633
-4.22611305652826452217	0.66678792880006887422
-4.23811905952976530898	0.66788939965369642504
-4.25012506253126520761	0.66899294875490988854
-4.26213106553276599442	0.67009528508645843647
-4.27413706853426678123	0.67119373955410388533
-4.28614307153576756804	0.67228645060326430727
-4.29814907453726835485	0.67337253665782148548
-4.31015507753876914165	0.67445225003142783571
-4.32216108054026992846	0.67552710729749720908
-4.33416708354177071527	0.67659999156495376216
-4.34617308654327150208	0.67767522268360702586
-4.35817908954477228889	0.67875859208396205347
-4.37018509254627307570	0.67985735972710914510
-4.38219109554777386251	0.68098021148471388209
-4.39419709854927464932	0.68213717616887903361
-4.40620310155077543612	0.68333950236717733162
-4.41820910455227622293	0.68459949618892068646
-4.43021510755377700974	0.68593032197358361213
-4.44222111055527779655	0.68734576893006116283
-4.45422711355677858336	0.68885998754526023280
-4.46623311655827937017	0.69048720040241007290
-4.47823911955978015698	0.69224139276469687232
-4.49024512256128094378	0.69413598889135486036
-4.50225112556278173059	0.69618352054621490677
-4.51425712856428251740	0.69839529452038273671
-4.52626313156578330421	0.70078106621136848631
-4.53826913456728320284	0.70334872637371204096
-4.55027513756878398965	0.70610400807719198024
-4.56228114057028477646	0.70905022067749801096
-4.57428714357178556327	0.71218801722352453876
-4.58629314657328635008	0.71551520120112421797
-4.59829914957478713688	0.71902657785433765625
-4.61030515257628792369	0.72271385454380743241
-4.62231115557778871050	0.72656559371306894679
-4.63431715857928949731	0.73056722105387461585
-4.64632316158079028412	0.73470109041095144065
-4.65832916458229107093	0.73894660586561089488
-4.67033516758379185774	0.74328040030867148502
-4.68234117058529264455	0.74767656867930532005
-4.69434717358679343135	0.75210695293106577530
-4.70635317658829421816	0.75654147471273458514
-4.71835917958979500497	0.76094851074234404198
-4.73036518259129579178	0.76529530492921793439
-4.74237118559279657859	0.76954841048104249968
-4.75437718859429736540	0.77367415453866172914
-4.76638319159579815221	0.77763911732598089976
-4.77838919459729893902	0.78141061739877892833
-4.79039519759879972582	0.78495719433409960608
-4.80240120060030051263	0.78824908012769778765
-4.81440720360180129944	0.79125865066383960222
-4.82641320660330208625	0.79396084888921980571
-4.83841920960480198488	0.79633357175699992503
-4.85042521260630277169	0.79835801360067271126
-4.86243121560780355850	0.80001895934005173849
-4.87443721860930434531	0.80130502179947826757
-4.88644322161080513212	0.80220881841481983532
-4.89844922461230591892	0.80272708370200596129
-4.91045522761380670573	0.80286071503456313270
-4.92246123061530749254	0.80261475050805364262
-4.93446723361680827935	0.80199827893141462098
-4.94647323661830906616	0.80102428325411656473
-4.95847923961980985297	0.79970941998874722767
-4.97048524262131063978	0.79807373839626905010
-4.98249124562281142659	0.79614034434176006449
-4.99449724862431221339	0.79393501477915084941
-5.00650325162581300020	0.79148576976326667776
-5.01850925462731378701	0.78882240969747474679
-5.03051525762881457382	0.78597602618908524175
-5.04252126063031536063	0.78297849538889618959
-5.05452726363181614744	0.77986196302559818161
-5.06653326663331693425	0.77665833050326293918
-5.07853926963481772106	0.77339875140739267056
-5.09054527263631850786	0.77011314756222948308
-5.10255127563781929467	0.76682975340296055666
-5.11455727863932008148	0.76357469687843348982
-5.12656328164081998011	0.76037162439366434707
-5.13856928464232076692	0.75724137645061662116
-5.15057528764382155373	0.75420171966716076373
-5.16258129064532234054	0.75126713976701919862
-5.17458729364682312735	0.74844869895928156645
-5.18659329664832391416	0.74575395988782822165
-5.19859929964982470096	0.74318697705311331791
-5.21060530265132548777	0.74074835531633809182
-5.22261130565282627458	0.73843537381447910128
-5.23461730865432706139	0.73624217236902855799
-5.24662331165582784820	0.73415999628601824600
-5.25862931465732863501	0.73217749434301993006
-5.27063531765882942182	0.73028106376173651526
-5.28264132066033020863	0.72845523509176157706
-5.29464732366183099543	0.72668308919880730823
-5.30665332666333178224	0.72494669797306487968
-5.31865932966483256905	0.72322757996110997869
-5.33066533266633335586	0.72150716188533858819
-5.34267133566783414267	0.71976723695227506905
-5.35467733866933492948	0.71799041096568327891
-5.36668334167083571629	0.71616052754914205636
-5.37868934467233650309	0.71426306423910645993
-5.39069534767383728990	0.71228549182363276593
-5.40270135067533807671	0.71021759006100027012
-5.41470735367683886352	0.70805171380070186515
-5.42671335667833876215	0.70578300452850739610
-5.43871935967983954896	0.70340954344724571090
-5.45072536268134033577	0.70093244336362614533
-5.46273136568284112258	0.69835587785565955699
-5.47473736868434190939	0.69568704742107045913
-5.48674337168584269619	0.69293608353034041869
-5.49874937468734348300	0.69011589270467821322
-5.51075537768884426981	0.68724194388601389516
-5.52276138069034505662	0.68433200344094657908
-5.53476738369184584343	0.68140582312292774514
-5.54677338669334663024	0.67848478718835047996
-5.55877938969484741705	0.67559152560648139119
-5.57078539269634820386	0.67274950090686813642
-5.58279139569784899066	0.66998257666041105551
-5.59479739869934977747	0.66731457588426579264
-5.60680340170085056428	0.66476883779191575652
-5.61880940470235135109	0.66236778127718343168
-5.63081540770385213790	0.66013248332696061738
-5.64282141070535292471	0.65808228020755610288
-5.65482741370685371152	0.65623439877234512885
-5.66683341670835449833	0.65460362460526977380
-5.67883941970985528513	0.65320201295966751065
-5.69084542271135607194	0.65203864759116025862
-5.70285142571285685875	0.65111945163508333501
-5.71485742871435675738	0.65044705366287591808
-5.72686343171585754419	0.65002071098878166922
-5.73886943471735833100	0.64983629120961039494
-5.75087543771885911781	0.64988631186785839056
-5.76288144072035990462	0.65016003705367997334
-5.77488744372186069143	0.65064362872483971767
-5.78689344672336147823	0.65132034954562467721
-5.79889944972486226504	0.65217081314402802761
-5.81090545272636305185	0.65317327687781612244
-5.82291145572786383866	0.65430397149869634621
-5.83491745872936462547	0.65553746152167113870
-5.84692346173086541228	0.65684702965314911705
-5.85892946473236619909	0.65820507831307528690
-5.87093546773386698590	0.65958354110700001538
-5.88294147073536777270	0.66095429706447816898
-5.89494747373686855951	0.66228958055849729281
-5.90695347673836934632	0.66356238005201628738
-5.91895947973987013313	0.66474681917475531012
-5.93096548274137091994	0.66581851410632897359
-5.94297148574287170675	0.66675490181864061068
-5.95497748874437249356	0.66753553439729085284
-5.96698349174587328037	0.66814233540313416881
-5.97898949474737406717	0.66855981503438033364
-5.99099549774887485398	0.66877524168926405501
-6.00300150075037475261	0.66877876839133432174
-6.01500750375187553942	0.66856351340579245335
-6.02701350675337632623	0.66812559522832193348
-6.03901950975487711304	0.66746412295045309815
-6.05102551275637789985	0.66658114378170396641
-6.06303151575787868666	0.66548155022387356361
-6.07503751875937947347	0.66417295003396903397
-6.08704352176088026027	0.66266550266819046477
-6.09904952476238104708	0.66097172636121015454
-6.11105552776388183389	0.65910628035588503248
-6.12306153076538262070	0.65708572705415080328
-6.13506753376688340751	0.65492827900815397957
-6.14707353676838419432	0.65265353571207473937
-6.15907953976988498113	0.65028221509230765829
-6.17108554277138576794	0.64783588443164963344
-6.18309154577288655474	0.64533669520890524218
-6.19509754877438734155	0.64280712599775768901
-6.20710355177588812836	0.64026973715836676959
-6.21910955477738891517	0.63774694058382375150
-6.23111555777888970198	0.63526078724423529209
-6.24312156078039048879	0.63283277471750409848
-6.25512756378189127560	0.63048367632188917487
-6.26713356678339206240	0.62823339288534130187
-6.27913956978489284921	0.62610082761432228615
-6.29114557278639363602	0.62410378397367827219
-6.30315157578789353465	0.62225888597162759552
-6.31515757878939432146	0.62058151977138042987
-6.32716358179089510827	0.61908579513327177679
-6.33916958479239589508	0.61778452483691936870
-6.35117558779389668189	0.61668921994839354106
-6.36318159079539746870	0.61581009858740520801
-6.37518759379689825550	0.61515610571679413265
-6.38719359679839904231	0.61473494142187279365
-6.39919959979989982912	0.61455309516916034607
-6.41120560280140061593	0.61461588362956576237
-6.42321160580290140274	0.61492748981512124207
-6.43521760880440218955	0.61549100150427848988
-6.44722361180590297636	0.61630844721039945711
-6.45922961480740376317	0.61738082827199869396
-6.47123561780890454997	0.61870814600113210879
-6.48324162081040533678	0.62028942320689994805
-6.49524762381190612359	0.62212271980277700223
-6.50725362681340691040	0.62420514259763204556
-6.51925962981490769721	0.62653284974924339235
-6.53126563281640848402	0.62910105071470368010
-6.54327163581790927083	0.63190400285385339707
-6.55527763881941005764	0.63493500612032094388
-6.56728364182091084444	0.63818639750159489310
-6.57928964482241163125	0.64164954703795151758
-6.59129564782391152988	0.64531485735473192999
-6.60330165082541231669	0.64917176867985437738
-6.61530765382691310350	0.65320877128679555312
-6.62731365682841389031	0.65741342720269146938
-6.63931965982991467712	0.66177240285363303496
-6.65132566283141546393	0.66627151408843254821
-6.66333166583291625074	0.67089578473358635335
-6.67533766883441703754	0.67562951949292737730
-6.68734367183591782435	0.68045639162404070177
-6.69934967483741861116	0.68535954540961019354
-6.71135567783891939797	0.69032171300616174126
-6.72336168084042018478	0.69532534480660213028
-6.73536768384192097159	0.70035275200836832887
-6.74737368684342175840	0.70538625964794288148
-6.75937968984492254521	0.71040836795684836336
-6.77138569284642333201	0.71540191952546838827
-6.78339169584792411882	0.72035026943991842252
-6.79539769884942490563	0.72523745529347594108
-6.80740370185092569244	0.73004836377632142952
-6.81940970485242647925	0.73476889042263027196
-6.83141570785392726606	0.73938608904784486331
-6.84342171085542805287	0.74388830744489331526
-6.85542771385692883968	0.74826530602796592628
-6.86743371685842962648	0.75250835631597734476
-6.87943971985992952511	0.75661031643281151382
-6.89144572286143031192	0.76056568116366551902
-6.90345172586293109873	0.76437060454015604005
-6.91545772886443188554	0.76802289342344087775
-6.92746373186593267235	0.77152197110486464560
-6.93946973486743345916	0.77486881053658174245
-6.95147573786893424597	0.77806583742801604942
-6.96348174087043503278	0.78111680408471539927
-6.97548774387193581958	0.78402663551028339839
-6.98749374687343660639	0.78680124992540978468
-6.99949974987493739320	0.78944735646626629233
-7.01150575287643818001	0.79197223339365685479
-7.02351175587793896682	0.79438349066085822692
-7.03551775887943975363	0.79668882113944772261
-7.04752376188094054044	0.79889574517720884916
-7.05952976488244132725	0.80101135345042584479
-7.07153576788394211405	0.80304205326624411576
-7.08354177088544290086	0.80499332356286390500
-7.09554777388694368767	0.80686948384177770155
-7.10755377688844447448	0.80867348214488010694
-7.11955977988994526129	0.81040670696010863594
-7.13156578289144604810	0.81206882760468390714
-7.14357178589294683491	0.81365766719959420339
-7.15557778889444762171	0.81516911181952267373
-7.16758379189594840852	0.81659705878783439559
-7.17958979489744830715	0.81793340639732714514
-7.19159579789894909396	0.81916808658673623267
-7.20360180090044988077	0.82028914130446739517
-7.21560780390195066758	0.82128284245993621315
-7.22761380690345145439	0.82213385451530940351
-7.23961980990495224120	0.82282543792307660802
-7.25162581290645302801	0.82333969078464952496
-7.26363181590795381481	0.82365782530890396806
-7.27563781890945460162	0.82376047490361847814
-7.28764382191095538843	0.82362802705267690317
-7.29964982491245617524	0.82324097653214156622
-7.31165582791395696205	0.82258029301187185478
-7.32366183091545774886	0.82162779668757135454
-7.33566783391695853567	0.82036653530033842863
-7.34767383691845932248	0.81878115573416831996
-7.35967983991996010928	0.81685826334125866133
-7.37168584292146089609	0.81458676223285131357
-7.38369184592296168290	0.81195816998959258193
-7.39569784892446246971	0.80896690058740294837
-7.40770385192596325652	0.80561050979752790724
-7.41970985492746404333	0.80188989789524423024
-7.43171585792896483014	0.79780946519086226587
-7.44372186093046561695	0.79337721666729965619
-7.45572786393196640375	0.78860481285684946862
-7.46773386693346630238	0.78350756500048179820
-7.47973986993496708919	0.77810437348941974278
-7.49174587293646787600	0.77241760957317751046
-7.50375187593796866281	0.76647294131242538207
-7.51575787893946944962	0.76029910574038683801
-7.52776388194097023643	0.75392763015445729557
-7.53976988494247102324	0.74739250637231535723
-7.55177588794397181005	0.74072982263669429059
-7.56378189094547259685	0.73397735862409885232
-7.57578789394697338366	0.72717414969038740580
-7.58779389694847417047	0.72036002705740653784
-7.59979989994997495728	0.71357514109881581277
-7.61180590295147574409	0.70685947521118819292
-7.62381190595297653090	0.70025235795208751188
-7.63581790895447731771	0.69379198118630125425
-7.64782391195597810452	0.68751493190352186424
-7.65982991495747889132	0.68145574515689744111
-7.67183591795897967813	0.67564648522597459124
-7.68384192096048046494	0.67011636163607413152
-7.69584792396198125175	0.66489138607791165025
-7.70785392696348203856	0.65999407557728306806
-7.71985992996498282537	0.65544320647788933965
-7.73186593296648361218	0.65125362293554744930
-7.74387193596798439899	0.64743610269526619128
-7.75587793896948518579	0.64399728195117011964
-7.76788394197098508442	0.64093964009104320567
-7.77988994497248587123	0.63826154412074775912
-7.79189594797398665804	0.63595735156742405625
-7.80390195097548744485	0.63401756969238998174
-7.81590795397698823166	0.63242906792254494075
-7.82791395697848901847	0.63117533954940219232
-7.83991995997998980528	0.63023680796287318007
-7.85192596298149059209	0.62959117199626435379
-7.86393196598299137889	0.62921378437146269214
-7.87593796898449216570	0.62907805675872940920
-7.88794397198599295251	0.62915588461146654264
-7.89994997498749373932	0.62941808470792481867
-7.91195597798899452613	0.62983483823186059425
-7.92396198099049531294	0.63037613225289179653
-7.93596798399199609975	0.63101219262257912668
-7.94797398699349688656	0.63171390157951901045
-7.95997998999499767336	0.63245319374914232835
-7.97198599299649846017	0.63320342472251112120
-7.98399199599799924698	0.63393970699234214461
-7.99599799899950003379	0.63463920870117973561
-8.00800400200099993242	0.63528141140212235349
-8.02001000500250071923	0.63584832383165945657
-8.03201600800400150604	0.63632464953105472016
-8.04402201100550229285	0.63669790701088291307
-8.05602801400700307966	0.63695850201618497977
-8.06803401700850386646	0.63709975230079662900
-8.08004002001000465327	0.63711786614277077234
-8.09204602301150544008	0.63701187661327740575
-8.10405202601300622689	0.63678353433484413681
-8.11605802901450701370	0.63643716211855339004
-8.12806403201600780051	0.63597947544269151088
-8.14007003501750858732	0.63541937321796959637
-8.15207603801900937412	0.63476770366940571400
-8.16408204102051016093	0.63403701044689353417
-8.17608804402201094774	0.63324126425220350622
-8.18809404702351173455	0.63239558533861928158
-8.20010005002501252136	0.63151596220175976182
-8.21210605302651330817	0.63061897163961777579
-8.22411205602801409498	0.62972150512173474812
-8.23611805902951488179	0.62884050607886565754
-8.24812406203101566859	0.62799272231431779723
-8.26013006503251645540	0.62719447725672161642
-8.27213606803401724221	0.62646146323290685665
-8.28414207103551802902	0.62580855935142765123
-8.29614807403701881583	0.62524967596545122372
-8.30815407703851960264	0.62479762704196450951
-8.32016008004002038945	0.62446403111650305995
-8.33216608304152117626	0.62425924087266349005
-8.34417208604302196306	0.62419230076687104436
-8.35617808904452274987	0.62427093153393642400
-8.36818409204602353668	0.62450153986953993446
-8.38019009504752432349	0.62488925110248039196
-8.39219609804902511030	0.62543796225146042200
-8.40420210105052589711	0.62615041251593950289
-8.41620810405202668392	0.62702826798406419151
-8.42821410705352747073	0.62807221715697580944
-8.44022011005502825753	0.62928207379013689771
-8.45222611305652904434	0.63065688353906312891
-8.46423211605802983115	0.63219503096749452009
-8.47623811905953061796	0.63389434362726870820
-8.48824412206103140477	0.63575219014595429901
-8.50025012506253041522	0.63776556955404961613
-8.51225612806403120203	0.63993118944022786554
-8.52426213106553198884	0.64224553093145231308
-8.53626813406703277565	0.64470489894451210588
-8.54827413706853356246	0.64730545663558625158
-8.56028014007003434926	0.65004324347321251754
-8.57228614307153513607	0.65291417686564234835
-8.58429214607303592288	0.65591403777409518217
-8.59629814907453670969	0.65903844122719301701
-8.60830415207603749650	0.66228279310768967125
-8.62031015507753828331	0.66564223500001618028
-8.63231615807903907012	0.66911157925663267143
-8.64432216108053985693	0.67268523675430724751
-8.65632816408204064373	0.67635714006117053643
-8.66833416708354143054	0.68012066491608824670
-8.68034017008504221735	0.68396855302951986566
-8.69234617308654300416	0.68789283924717059548
-8.70435217608804379097	0.69188478607369074957
-8.71635817908954457778	0.69593482843439913310
-8.72836418209104536459	0.70003253136116183608
-8.74037018509254615140	0.70416656302836966308
-8.75237618809404693820	0.70832468524218739070
-8.76438219109554772501	0.71249376310800049961
-8.77638819409704851182	0.71665979517560229883
-8.78839419709854929863	0.72080796489850462727
-8.80040020010005008544	0.72492271375302508307
-8.81240620310155087225	0.72898783585530124718
-8.82441220610305165906	0.73298659340131000484
-8.83641820910455244587	0.73690185174764932796
-8.84842421210605323267	0.74071623246051254696
-8.86043021510755401948	0.74441228219785227083
-8.87243621810905480629	0.74797265486552766411
-8.88444222111055559310	0.75138030411181888635
-8.89644822411205637991	0.75461868290464639841
-8.90845422711355716672	0.75767194667958348564
-8.92046023011505795353	0.76052515636039386138
-8.93246623311655874033	0.76316447744203963488
-8.94447223611805952714	0.76557737129201641757
-8.95647823911956031395	0.76775277487101856178
-8.96848424212106110076	0.76968126519820645459
-8.98049024512256188757	0.77135520508801802553
-8.99249624812406267438	0.77276886696119084785
-9.00450225112556346119	0.77391853187759140908
-9.01650825412706424800	0.77480256134627134568
-9.02851425712856503480	0.77542143993129764024
-9.04052026013006582161	0.77577778718156586990
-9.05252626313156660842	0.77587633795927146707
-9.06453226613306739523	0.77572389081446035952
-9.07653826913456640568	0.77532922464101494686
-9.08854427213606719249	0.77470298444109630953
-9.10055027513756797930	0.77385753760890130248
-9.11255627813906876611	0.77280680270911383811
-9.12456228114056955292	0.77156605325950955443
-9.13656828414207033973	0.77015169952021433897
-9.14857428714357112653	0.76858105173429314139
-9.16058029014507191334	0.76687206864677981422
-9.17258629314657270015	0.76504309544419868416
-9.18459229614807348696	0.76311259549760135368
-9.19659829914957427377	0.76109888045407980695
-9.20860430215107506058	0.75901984330104876886
-9.22061030515257584739	0.75689269902232669818
-9.23261630815407663420	0.75473373737478688383
-9.24462231115557742100	0.75255809214034075083
-9.25662831415707820781	0.75037953095306331175
-9.26863431715857899462	0.74821026946973978600
-9.28064032016007978143	0.74606081324980977332
-9.29264632316158056824	0.74393983024475984767
-9.30465232616308135505	0.74185405627582157173
-9.31665832916458214186	0.73980823531176498342
-9.32866433216608292867	0.73780509575589703353
-9.34067033516758371547	0.73584536332400896086
-9.35267633816908450228	0.73392781045436006337
-9.36468234117058528909	0.73204934154847489669
-9.37668834417208607590	0.73020511270923227354
-9.38869434717358686271	0.72838868403192325029
-9.40070035017508764952	0.72659220192571905006
-9.41270635317658843633	0.72480660840779109755
-9.42471235617808922314	0.72302187382983462705
-9.43671835917959000994	0.72122724907564150776
-9.44872436218109079675	0.71941153291622073063
-9.46073036518259158356	0.71756334993204529127
-9.47273636818409237037	0.71567143421521739466
-9.48474237118559315718	0.71372491395114145973
-9.49674837418709394399	0.71171359195156336241
-9.50875437718859473080	0.70962821726896385677
-9.52076038019009551761	0.70746074316507523427
-9.53276638319159630441	0.70520456693102373524
-9.54477238619309709122	0.70285474735910391519
-9.55677838919459787803	0.70040819604091619777
-9.56878439219609866484	0.69786383910670835018
-9.58079039519759945165	0.69522274651829873982
-9.59279639819910023846	0.69248822657396114089
-9.60480240120060102527	0.68966588386834004609
-9.61680840420210181207	0.68676363956343833284
-9.62881440720360259888	0.68379171345710354490
-9.64082041020510338569	0.68076256797214917960
-9.65282641320660417250	0.67769081482112036863
-9.66483241620810318295	0.67459308571778142660
-9.67683841920960396976	0.67148786909602176110
-9.68884442221110475657	0.66839531534997354001
-9.70085042521260554338	0.66533701361634456362
-9.71285642821410633019	0.66233574357281843614
-9.72486243121560711700	0.65941520611742354685
-9.73686843421710790381	0.65659973711673103036
-9.74887443721860869061	0.65391400866058879693
-9.76088044022010947742	0.65138272243414618856
-9.77288644322161026423	0.64903029991188021519
-9.78489244622311105104	0.64688057409232713191
-9.79689844922461183785	0.64495648742681166432
-9.80890445222611262466	0.64327980045260291231
-9.82091045522761341147	0.64187081542391488664
-9.83291645822911419828	0.64074811894761130038
-9.84492246123061498508	0.63992834728011938061
-9.85692846423211577189	0.63942597753476992928
-9.86893446723361655870	0.63925314759231088857
-9.88094047023511734551	0.63941950701026839532
-9.89294647323661813232	0.63993210069831185649
-9.90495247623811891913	0.64079528657646978029
-9.91695847923961970594	0.64201068787081450040
-9.92896448224112049274	0.64357718013710674132
-9.94097048524262127955	0.64549091254672918971
-9.95297648824412206636	0.64774536243070057751
-9.96498249124562285317	0.65033142156581202897
-9.97698849424712363998	0.65323751221055670335
-9.98899449724862442679	0.65644973046537136163
-10.00100050025012521360	0.65995201414871251799
-10.01300650325162600041	0.66372633205360298536
-10.02501250625312678721	0.66775289118336322858
-10.03701850925462757402	0.67201035836396016965
-10.04902451225612836083	0.67647609249622076000
-10.06103051525762914764	0.68112638364527644530
-10.07303651825912993445	0.68593669516695565669
-10.08504252126063072126	0.69088190514013503307
-10.09704852426213150807	0.69593654350776767981
-10.10905452726363229488	0.70107502152379197469
-10.12106053026513308168	0.70627185035365269705
-10.13306653326663386849	0.71150184597706844780
-10.14507253626813465530	0.71674031788641923146
-10.15707853926963544211	0.72196323945547191681
-10.16908454227113622892	0.72714739826328733674
-10.18109054527263701573	0.73227052508883683224
-10.19309654827413780254	0.73731140073460188500
-10.20510255127563858935	0.74224994028364432719
-10.21710855427713937615	0.74706725483580227465
-10.22911455727864016296	0.75174569119646839077
-10.24112056028014094977	0.75626885039793156906
-10.25312656328163996022	0.76062158631109944018
-10.26513256628314074703	0.76478998594782798826
-10.27713856928464153384	0.76876133335508267663
-10.28914457228614232065	0.77252405925667988473
-10.30115057528764310746	0.77606767880226579237
-10.31315657828914389427	0.77938271993341978749
-10.32516258129064468108	0.78246064497132106208
-10.33716858429214546788	0.78529376806840900382
-10.34917458729364625469	0.78787517114814309416
-10.36118059029514704150	0.79019862088365977471
-10.37318659329664782831	0.79225848914024821212
-10.38519259629814861512	0.79404967913153801096
-10.39719859929964940193	0.79556755931945855043
-10.40920460230115018874	0.79680790682859536922
-10.42121060530265097555	0.79776686185244538585
-10.43321660830415176235	0.79844089420881747543
-10.44522261130565254916	0.79882678286123243172
-10.45722861430715333597	0.79892160887001617553
-10.46923461730865412278	0.79872276187838397998
-10.48124062031015490959	0.79822795988276817880
-10.49324662331165569640	0.79743528169041177911
-10.50525262631315648321	0.79634321113805117687
-10.51725862931465727002	0.79495069184015787478
-10.52926463231615805682	0.79325719095996505281
-10.54127063531765884363	0.79126277025701297063
-10.55327663831915963044	0.78896816246604828393
-10.56528264132066041725	0.78637485090780756547
-10.57728864432216120406	0.78348515012557506942
-10.58929464732366199087	0.78030228528448353220
-10.60130065032516277768	0.77683046806437050513
-10.61330665332666356448	0.77307496682158960422
-10.62531265632816435129	0.76904216888944365582
-10.63731865932966513810	0.76473963302876735160
-10.64932466233116592491	0.76017613022656815858
-10.66133066533266671172	0.75536167126755249246
-10.67333666833416749853	0.75030751976598908382
-10.68534267133566828534	0.74502618963813527220
-10.69734867433716907215	0.73953142631218526937
-10.70935467733866985895	0.73383817130669637407
-10.72136068034017064576	0.72796251015266877360
-10.73336668334167143257	0.72192160398160720725
-10.74537268634317221938	0.71573360544463726640
-10.75737868934467300619	0.70941755995880972918
-10.76938469234617379300	0.70299329358905460197
-10.78139069534767457981	0.69648128916115670251
-10.79339669834917536662	0.68990255245644782622
-10.80540270135067615342	0.68327847055710921875
-10.81740870435217694023	0.67663066458724863139
-10.82941470735367772704	0.66998083922533890888
-10.84142071035517673749	0.66335063144516370759
-10.85342671335667752430	0.65676146097310950100
-10.86543271635817831111	0.65023438492852747572
-10.87743871935967909792	0.64378995904107383375
-10.88944472236117988473	0.63744810771562432361
-10.90145072536268067154	0.63122800504380183195
-10.91345672836418145835	0.62514796864463539894
-10.92546273136568224515	0.61922536795960958500
-10.93746873436718303196	0.61347654833449305478
-10.94947473736868381877	0.60791677189773707379
-10.96148074037018460558	0.60256017589947974411
-10.97348674337168539239	0.59741974881336845637
-10.98549274637318617920	0.59250732413302842350
-10.99749874937468696601	0.58783359142378377449
-11.00950475237618775282	0.58340812382601647812
-11.02151075537768853962	0.57923942085708313154
-11.03351675837918932643	0.57533496503151715373
-11.04552276138069011324	0.57170129052148344062
-11.05752876438219090005	0.56834406181769026034
-11.06953476738369168686	0.56526816013116487625
-11.08154077038519247367	0.56247777510354346475
-11.09354677338669326048	0.55997649927203108078
-11.10555277638819404729	0.55776742266812873172
-11.11755877938969483409	0.55585322491869182393
-11.12956478239119562090	0.55423626226481714774
-11.14157078539269640771	0.55291864701822257544
-11.15357678839419719452	0.55190231713476145536
-11.16558279139569798133	0.55118909379789204905
-11.17758879439719876814	0.55078072516759335464
-11.18959479739869955495	0.55067891475755370578
-11.20160080040020034176	0.55088533324968147475
-11.21360680340170112856	0.55140161293343026294
-11.22561280640320191537	0.55222932436063887351
-11.23761880940470270218	0.55336993522655175681
-11.24962481240620348899	0.55482475191585822749
-11.26163081540770427580	0.55659484458020080933
-11.27363681840920506261	0.55868095703171416488
-11.28564282141070584942	0.56108340313690285850
-11.29764882441220663623	0.56380195176793013179
-11.30965482741370742303	0.56683570270595540208
-11.32166083041520820984	0.57018295618589920348
-11.33366683341670899665	0.57384107901705927457
-11.34567283641820978346	0.57780637040337445853
-11.35767883941971057027	0.58207393071586666089
-11.36968484242121135708	0.58663753653410299904
-11.38169084542271214389	0.59148952527080989050
-11.39369684842421293069	0.59662069262278505377
-11.40570285142571371750	0.60202020595205985032
-11.41770885442721272796	0.60767553649529881810
-11.42971485742871351476	0.61357241302948206663
-11.44172086043021430157	0.61969479929210091740
-11.45372686343171508838	0.62602489706977815231
-11.46573286643321587519	0.63254317643690749495
-11.47773886943471666200	0.63922843415319252625
-11.48974487243621744881	0.64605788072431646896
-11.50175087543771823562	0.65300725610266074916
-11.51375687843921902243	0.66005097346483876386
-11.52576288144071980923	0.66716228996005899621
-11.53776888444222059604	0.67431350278843282808
-11.54977488744372138285	0.68147616845173208944
-11.56178089044522216966	0.68862134253103823855
-11.57378689344672295647	0.69571983689604510737
-11.58579289644822374328	0.70274249084872164595
-11.59779889944972453009	0.70966045235807329039
-11.60980490245122531690	0.71644546526033159317
-11.62181090545272610370	0.72307015808644370392
-11.63381690845422689051	0.72950833004131654391
-11.64582291145572767732	0.73573522960065573795
-11.65782891445722846413	0.74172782121369640329
-11.66983491745872925094	0.74746503570442390796
-11.68184092046023003775	0.75292800014923522145
-11.69384692346173082456	0.75810024327307334868
-11.70585292646323161136	0.76296787274499755505
-11.71785892946473239817	0.76751972116263689205
-11.72986493246623318498	0.77174745798629684757
-11.74187093546773397179	0.77564566520971589547
-11.75387693846923475860	0.77921187512651712836
-11.76588294147073554541	0.78244656915925581142
-11.77788894447223633222	0.78535313735085221509
-11.78989494747373711903	0.78793779876473579726
-11.80190095047523790583	0.79020948368854759813
-11.81390695347673869264	0.79217967917487652763
-11.82591295647823947945	0.79386224006953087784
-11.83791895947974026626	0.79527316826183369614
-11.84992496248124105307	0.79643036343150486189
-11.86193096548274183988	0.79735334905274513062
-11.87393696848424262669	0.79806297783897650611
-11.88594297148574341350	0.79858112116331469998
-11.89794897448724420030	0.79893034726349043684
-11.90995497748874498711	0.79913359323031474268
-11.92196098049024577392	0.79921383588210637150
-11.93396698349174656073	0.79919376664165786561
-11.94597298649324734754	0.79909547545678960567
-11.95797898949474813435	0.79894014864157691935
-11.96998499249624892116	0.79874778526576839521
-11.98199099549774970797	0.79853693638926259712
-11.99399699849925049477	0.79832447103277837108
-12.00600300150074950523	0.79802722239886447753
-12.01800900450225029203	0.79765878246607946345
-12.03001500750375107884	0.79732807126435778500
-12.04202101050525186565	0.79704325052672309049
-12.05402701350675265246	0.79681008514041951063
-12.06603301650825343927	0.79663194500940082143
-12.07803901950975422608	0.79650984477144837204
-12.09004502251125501289	0.79644251991236891808
-12.10205102551275579970	0.79642653721570755287
-12.11405702851425658650	0.79645643692655343493
-12.12606303151575737331	0.79652490350237314942
-12.13806903451725816012	0.79662296138130972434
-12.15007503751875894693	0.79674019182672517481
-12.16208104052025973374	0.79686496661220584947
-12.17408704352176052055	0.79698469409853767154
-12.18609304652326130736	0.79708607312643531273
-12.19809904952476209417	0.79715535010753812983
-12.21010505252626288097	0.79717857474116993188
-12.22211105552776366778	0.79714184991371628275
-12.23411705852926445459	0.79703157154770898352
-12.24612306153076524140	0.79683465445378476311
-12.25812906453226602821	0.79653874059413753983
-12.27013506753376681502	0.79613238658314033902
-12.28214107053526760183	0.79560522772059416585
-12.29414707353676838864	0.79494811636570372748
-12.30615307653826917544	0.79415323300482287827
-12.31815907953976996225	0.79321416893212237653
-12.33016508254127074906	0.79212598003820544612
-12.34217108554277153587	0.79088521177583637201
-12.35417708854427232268	0.78948989593304119694
-12.36618309154577310949	0.78793952038092096579
-12.37818909454727389630	0.78623497346627091442
-12.39019509754877468310	0.78437846517796938617
-12.40220110055027546991	0.78237342762255412953
-12.41420710355177625672	0.78022439769104234841
-12.42621310655327704353	0.77793688507978953073
-12.43821910955477783034	0.77551722903832720490
-12.45022511255627861715	0.77297244735346870570
-12.46223111555777940396	0.77031008113988552743
-12.47423711855928019077	0.76753803899272154965
-12.48624312156078097757	0.76466444396910160375
-12.49824912456228176438	0.76169748670555470493
-12.51025512756378255119	0.75864528775181094833
-12.52226113056528333800	0.75551577191386054544
-12.53426713356678412481	0.75231655705750799523
-12.54627313656828491162	0.74905485943586669340
-12.55827913956978569843	0.74573741717915986715
-12.57028514257128648524	0.74237043313232109476
-12.58229114557278727204	0.73895953775521705520
-12.59429714857428628250	0.73550977232207359613
-12.60630315157578706931	0.73202559218118601336
-12.61830915457728785611	0.72851088937333730033
-12.63031515757878864292	0.72496903346728813755
-12.64232116058028942973	0.72140292906239800175
-12.65432716358179021654	0.71781508804028337778
-12.66633316658329100335	0.71420771432686969149
-12.67833916958479179016	0.71058279865963025479
-12.69034517258629257697	0.70694222064738287958
-12.70235117558779336377	0.70328785526558312835
-12.71435717858929415058	0.69962168085110354454
-12.72636318159079493739	0.69594588564804882314
-12.73836918459229572420	0.69226297000988423758
-12.75037518759379651101	0.68857584148123085477
-12.76238119059529729782	0.68488790016199041499
-12.77438719359679808463	0.68120311199255456636
-12.78639319659829887144	0.67752606788613356503
-12.79839919959979965824	0.67386202696604402540
-12.81040520260130044505	0.67021694253457886337
-12.82241120560280123186	0.66659746979754186391
-12.83441720860430201867	0.66301095478584748388
-12.84642321160580280548	0.65946540434354961047
-12.85842921460730359229	0.65596943748093994309
-12.87043521760880437910	0.65253221881262291060
-12.88244122061030516591	0.64916337520468048172
-12.89444722361180595271	0.64587289713353290832
-12.90645322661330673952	0.64267102660389152646
-12.91845922961480752633	0.63956813377702348422
-12.93046523261630831314	0.63657458471712002890
-12.94247123561780909995	0.63370060286762863733
-12.95447723861930988676	0.63095612701689152146
-12.96648324162081067357	0.62835066860048971460
-12.97848924462231146038	0.62589317121478460493
-12.99049524762381224718	0.62359187518204062251
-13.00250125062531303399	0.62145418991329626213
-13.01450725362681382080	0.61948657666319828508
-13.02651325662831460761	0.61769444406489337762
-13.03851925962981539442	0.61608205857753428614
-13.05052526263131618123	0.61465247167971970299
-13.06253126563281696804	0.61340746530590983809
-13.07453726863431775485	0.61234751665692066513
-13.08654327163581854165	0.61147178312795946731
-13.09854927463731932846	0.61077810769670259905
-13.11055527763882011527	0.61026304470821524095
-13.12256128064032090208	0.60992190559170167408
-13.13456728364182168889	0.60974882365463067835
-13.14657328664332247570	0.60973683673084089207
-13.15857928964482326251	0.60987798611843924146
-13.17058529264632404931	0.61016342993762229252
-13.18259129564782305977	0.61058356877414055042
-13.19459729864932384658	0.61112818125621204413
-13.20660330165082463338	0.61178656704542988543
-13.21860930465232542019	0.61254769460867697362
-13.23061530765382620700	0.61340035108009283160
-13.24262131065532699381	0.61433329152040827559
-13.25462731365682778062	0.61533538493488537657
-13.26663331665832856743	0.61639575451892070213
-13.27863931965982935424	0.61750390975916080727
-13.29064532266133014105	0.61864986822376022424
-13.30265132566283092785	0.61982426512320132339
-13.31465732866433171466	0.62101844900706171249
-13.32666333166583250147	0.62222456227568712084
-13.33866933466733328828	0.62343560552175736333
-13.35067533766883407509	0.62464548506766082170
-13.36268134067033486190	0.62584904342258462773
-13.37468734367183564871	0.62704207274040879572
-13.38669334667333643552	0.62822131170804906830
-13.39869934967483722232	0.62938442662630667002
-13.41070535267633800913	0.63052997775445163153
-13.42271135567783879594	0.63165737226917828551
-13.43471735867933958275	0.63276680543244001598
-13.44672336168084036956	0.63385919176605698411
-13.45872936468234115637	0.63493608818989355491
-13.47073536768384194318	0.63599961119187953251
-13.48274137068534272998	0.63705235016031680484
-13.49474737368684351679	0.63809727902102109098
-13.50675337668834430360	0.63913766828430529365
-13.51875937968984509041	0.64017699952108220174
-13.53076538269134587722	0.64121888415606087541
-13.54277138569284666403	0.64226698829268791258
-13.55477738869434745084	0.64332496507367575855
-13.56678339169584823765	0.64439639583797203581
-13.57878939469734902445	0.64548474106588704657
-13.59079539769884981126	0.64659330181537455484
-13.60280140070035059807	0.64772519205113665564
-13.61480740370185138488	0.64888332196150522169
-13.62681340670335217169	0.65007039205325156672
-13.63881940970485295850	0.65128889751879082137
-13.65082541270635374531	0.65254114209066582664
-13.66283141570785453212	0.65382926034126409576
-13.67483741870935531892	0.65515524715746753515
-13.68684342171085610573	0.65652099292569054967
-13.69884942471235689254	0.65792832280705515480
-13.71085542771385767935	0.65937903836892286513
-13.72286143071535846616	0.66087495977029020455
-13.73486743371685925297	0.66241796667628882744
-13.74687343671836003978	0.66401003610173670033
-13.75887943971985905023	0.66565327545483432559
-13.77088544272135983704	0.66734994916807299781
-13.78289144572286062385	0.66910249746158667605
-13.79489744872436141065	0.67091354598090879868
-13.80690345172586219746	0.67278590528191073439
-13.81890945472736298427	0.67472255939528213986
-13.83091545772886377108	0.67672664298533247162
-13.84292146073036455789	0.67880140691663037877
-13.85492746373186534470	0.68095017235018040491
-13.86693346673336613151	0.68317627380132750492
-13.87893946973486691832	0.68548299189718575608
-13.89094547273636770512	0.68787347686497490873
-13.90295147573786849193	0.69035066405733558348
-13.91495747873936927874	0.69291718306998861809
-13.92696348174087006555	0.69557526222504617586
-13.93896948474237085236	0.69832663037458519995
-13.95097548774387163917	0.70117241811925679063
-13.96298149074537242598	0.70411306063210610251
-13.97498749374687321279	0.70714820432578173737
-13.98699349674837399959	0.71027661960028720678
-13.99899949974987478640	0.71349612185783017893
-14.01100550275137557321	0.71680350287167571288
-14.02301150575287636002	0.72019447444881412590
-14.03501750875437714683	0.72366362613433765638
-14.04702351175587793364	0.72720439847232565267
-14.05902951475737872045	0.73080907306827291858
-14.07103551775887950726	0.73446878039702112595
-14.08304152076038029406	0.73817352597380869739
-14.09504752376188108087	0.74191223516105453406
-14.10705352676338186768	0.74567281652688455207
-14.11905952976488265449	0.74944224331053543864
-14.13106553276638344130	0.75320665219207205698
-14.14307153576788422811	0.75695145821677867204
-14.15507753876938501492	0.76066148439535319348
-14.16708354177088580172	0.76432110419655463485
-14.17908954477238658853	0.76791439487564061572
-14.19109554777388737534	0.77142529934555914561
-14.20310155077538816215	0.77483779410349062911
-14.21510755377688894896	0.77813606057714812536
-14.22711355677838973577	0.78130465715649988212
-14.23911955977989052258	0.78432868912953024321
-14.25112556278139130939	0.78719397374648458765
-14.26313156578289209619	0.78988719769588688902
-14.27513756878439288300	0.79239606438649656805
-14.28714357178589366981	0.79470942859027260408
-14.29914957478739445662	0.79681741620929746883
-14.31115557778889524343	0.79871152718049387431
-14.32316158079039603024	0.80038471982098602364
-14.33516758379189681705	0.80183147523848996574
-14.34717358679339582750	0.80304784077889657112
-14.35917958979489661431	0.80403145185044033738
-14.37118559279639740112	0.80478153184336198578
-14.38319159579789818793	0.80529887024836876996
-14.39519759879939897473	0.80558577945900422534
-14.40720360180089976154	0.80564603111484922593
-14.41920960480240054835	0.80548477319711320188
-14.43121560780390133516	0.80510842941883642432
-14.44322161080540212197	0.80452458275230998019
-14.45522761380690290878	0.80374184520076485949
-14.46723361680840369559	0.80276971614496572816
-14.47923961980990448239	0.80161843177399694227
-14.49124562281140526920	0.80029880824007215701
-14.50325162581290605601	0.79882208125746867466
-14.51525762881440684282	0.79719974489450862176
-14.52726363181590762963	0.79544339228473126546
-14.53926963481740841644	0.79356456090993610086
-14.55127563781890920325	0.79157458498549271297
-14.56328164082040999006	0.78948445731006144932
-14.57528764382191077686	0.78730470273138064563
-14.58729364682341156367	0.78504526513158168211
-14.59929964982491235048	0.78271540955483454027
-14.61130565282641313729	0.78032364079283711433
-14.62331165582791392410	0.77787763941604060047
-14.63531765882941471091	0.77538421589718664606
-14.64732366183091549772	0.77284928312555467578
-14.65932966483241628453	0.77027784726217118916
-14.67133566783391707133	0.76767401654491562724
-14.68334167083541785814	0.76504102732456691349
-14.69534767383691864495	0.76238128630458934509
-14.70735367683841943176	0.75969642767461809107
-14.71935967983992021857	0.75698738357534445242
-14.73136568284142100538	0.75425446611529600727
-14.74337168584292179219	0.75149745898157660484
-14.75537768884442257900	0.74871571654985680233
-14.76738369184592336580	0.74590826830578660367
-14.77938969484742415261	0.74307392634162539036
-14.79139569784892493942	0.74021139368842503448
-14.80340170085042572623	0.73731937128480851129
-14.81540770385192651304	0.73439666146664017710
-14.82741370685342729985	0.73144226598522465999
-14.83941970985492808666	0.72845547672185229082
-14.85142571285642887347	0.72543595745961220178
-14.86343171585792966027	0.72238381529487716293
-14.87543771885943044708	0.71929966051568905439
-14.88744372186093123389	0.71618465403701736527
-14.89944972486243202070	0.71304054175782694003
-14.91145572786393280751	0.70986967548622870172
-14.92346173086543359432	0.70667502036082707750
-14.93546773386693260477	0.70346014897293984713
-14.94747373686843339158	0.70022922266010401149
-14.95947973986993417839	0.69698696069094245864
-14.97148574287143496520	0.69373859829026984780
-14.98349174587293575200	0.69048983465696389672
-14.99549774887443653881	0.68724677230196462574
-15.00750375187593732562	0.68401584917676294673
-15.01950975487743811243	0.68080376517164364891
-15.03151575787893889924	0.67761740463620356856
-15.04352176088043968605	0.67446375661154200909
-15.05552776388194047286	0.67134983446403306839
-15.06753376688344125967	0.66828259657553090722
-15.07953976988494204647	0.66526886967574805354
-15.09154577288644283328	0.66231527630159492404
-15.10355177588794362009	0.65942816773830903454
-15.11555777888944440690	0.65661356364163370181
-15.12756378189094519371	0.65387709936298687996
-15.13956978489244598052	0.65122398180475771223
-15.15157578789394676733	0.64865895442510357327
-15.16358179089544755413	0.64618627179563503660
-15.17558779389694834094	0.64380968389596382462
-15.18759379689844912775	0.64153243011103844307
-15.19959979989994991456	0.63935724268516580526
-15.21160580290145070137	0.63728635918504805691
-15.22361180590295148818	0.63532154333718737771
-15.23561780890445227499	0.63346411343635633528
-15.24762381190595306180	0.63171497737477178003
-15.25962981490745384860	0.63007467321888444012
-15.27163581790895463541	0.62854341416446912749
-15.28364182091045542222	0.62712113663253532536
-15.29564782391195620903	0.62580755022938239218
-15.30765382691345699584	0.62460218828418945236
-15.31965982991495778265	0.62350445769649787131
-15.33166583291645856946	0.62251368687284325265
-15.34367183591795935627	0.62162917060506450717
-15.35567783891946014307	0.62085021084038216621
-15.36768384192096092988	0.62017615241259560488
-15.37968984492246171669	0.61960641294171958648
-15.39169584792396250350	0.61914050626271177613
-15.40370185092546329031	0.61877805890901071972
-15.41570785392696407712	0.61851881934962060772
-15.42771385692846486393	0.61836265985551774893
-15.43971985992996565074	0.61830957104831008042
-15.45172586293146643754	0.61835964935748433113
-15.46373186593296722435	0.61851307777852149172
-15.47573786893446801116	0.61877010047916836122
-15.48774387193596879797	0.61913099194202958486
-15.49974987493746958478	0.61959602145555425778
-15.51175587793897037159	0.62016541387002266372
-15.52376188094046938204	0.62083930761831318534
-15.53576788394197016885	0.62161771106157170941
-15.54777388694347095566	0.62250045825645217157
-15.55977988994497174247	0.62348716525288483403
-15.57178589294647252927	0.62457718801943629128
-15.58379189594797331608	0.62576958305783558778
-15.59579789894947410289	0.62706307171020458924
-15.60780390195097488970	0.62845600908348020486
-15.61980990495247567651	0.62994635841737633974
-15.63181590795397646332	0.63153167160730894203
-15.64382191095547725013	0.63320907646458823859
-15.65582791395697803694	0.63497527115574881051
-15.66783391695847882374	0.63682652611414902744
-15.67983991995997961055	0.63875869356310954750
-15.69184592296148039736	0.64076722463405999530
-15.70385192596298118417	0.64284719390862188337
-15.71585792896448197098	0.64499333106336775856
-15.72786393196598275779	0.64720005915312994738
-15.73986993496748354460	0.64946153893592450945
-15.75187593796898433141	0.65177171852232052007
-15.76388194097048511821	0.65412438752661328234
-15.77588794397198590502	0.65651323480831158541
-15.78789394697348669183	0.65893190882172336664
-15.79989994997498747864	0.66137407953992355392
-15.81190595297648826545	0.66383350088781523102
-15.82391195597798905226	0.66630407260765323052
-15.83591795897948983907	0.66877990048918678490
-15.84792396198099062588	0.67125535392500401688
-15.85992996498249141268	0.67372511979887339528
-15.87193596798399219949	0.67618425177968144446
-15.88394197098549298630	0.67862821417445462480
-15.89594797398699377311	0.68105291958916369666
-15.90795397698849455992	0.68345475975354308407
-15.91995997998999534673	0.68583062898384083983
-15.93196598299149613354	0.68817793988294406748
-15.94397198599299692034	0.69049463100831509621
-15.95597798899449770715	0.69277916637219949525
-15.96798399199599849396	0.69503052677323029496
-15.97998999499749928077	0.69724819309150143365
-15.99199599799900006758	0.69943212180818170598
-16.00400200100050085439	0.70158271313367992494
-16.01600800400199986484	0.70370077224333371646
-16.02801400700350242801	0.70578746422484905931
-16.04002001000500143846	0.70784426343578477070
-16.05202601300650400162	0.70987289805099151874
-16.06403201600800301208	0.71187529064811061463
-16.07603801900950557524	0.71385349573327050443
-16.08804402201100458569	0.71580963514855011631
-16.10005002501250714886	0.71774583232739175287
-16.11205602801400615931	0.71966414637401776577
-16.12406203101550872248	0.72156650693830193255
-16.13606803401700773293	0.72345465083900439840
-16.14807403701851029609	0.72533006135648592227
-16.16008004002000930655	0.72719391107186515111
-16.17208604302151186971	0.72904700907410457944
-16.18409204602301088016	0.73088975329084637789
-16.19609804902451344333	0.73272208862422727460
-16.20810405202601245378	0.73454347149068166534
-16.22011005502751501695	0.73635284127525402198
-16.23211605802901402740	0.73814859911754404642
-16.24412206103051659056	0.73992859434946511854
-16.25612806403201560101	0.74169011880583346485
-16.26813406703351816418	0.74342990912870476894
-16.28014007003501717463	0.74514415708655612480
-16.29214607303651973780	0.74682852783102049443
-16.30415207603801874825	0.74847818591797532495
-16.31615807903952131142	0.75008782882733804342
-16.32816408204102032187	0.75165172762781018445
-16.34017008504252288503	0.75316377434980452676
-16.35217608804402189548	0.75461753555259991622
-16.36418209104552445865	0.75600631150095798372
-16.37618809404702346910	0.75732320030255151355
-16.38819409704852603227	0.75856116630100112186
-16.40020010005002504272	0.75971311197046731412
-16.41220610305152405317	0.76077195251688478628
-16.42421210605302661634	0.76173069235829105050
-16.43621810905452562679	0.76258250263247140399
-16.44822411205602818995	0.76332079886444248462
-16.46023011505752720041	0.76393931791922564667
-16.47223611805902976357	0.76443219336695433785
-16.48424212106052877402	0.76479402839763654942
-16.49624812406203133719	0.76501996544180561610
-16.50825412706353034764	0.76510575168079086872
-16.52026013006503291081	0.76504779966627833865
-16.53226613306653192126	0.76484324231307154740
-16.54427213606803448442	0.76448998158125325286
-16.55627813906953349488	0.76398673022404284261
-16.56828414207103605804	0.76333304604514906622
-16.58029014507253506849	0.76252935818394851353
-16.59229614807403763166	0.76157698502783410799
-16.60430215107553664211	0.76047814343800446135
-16.61630815407703920528	0.75923594906709879204
-16.62831415707853821573	0.75785440764364631061
-16.64032016008004077889	0.75633839719840878502
-16.65232616308153978935	0.75469364131037042220
-16.66433216608304235251	0.75292667355430409337
-16.67633816908454136296	0.75104479343634800159
-16.68834417208604392613	0.74905601420764011955
-16.70035017508754293658	0.74696900304747038124
-16.71235617808904549975	0.74479301420526999866
-16.72436218109054451020	0.74253781578369570937
-16.73636818409204707336	0.74021361093166859746
-16.74837418709354608382	0.73783095429513911867
-16.76038019009504864698	0.73540066464319542305
-16.77238619309654765743	0.73293373464666389250
-16.78439219609805022060	0.73044123883434330935
-16.79639819909954923105	0.72793424078741730820
-16.80840420210105179422	0.72542370065445849203
-16.82041020510255080467	0.72292038407701364466
-16.83241620810405336783	0.72043477360847163471
-16.84442221110555237829	0.71797698368641704736
-16.85642821410705494145	0.71555668018082896342
-16.86843421710855395190	0.71318300548743362999
-16.88044022011005651507	0.71086451006764306282
-16.89244622311155552552	0.70860909125445115109
-16.90445222611305808869	0.70642394004833264365
-16.91645822911455709914	0.70431549651976677051
-16.92846423211605966230	0.70228941431689928532
-16.94047023511755867275	0.70035053464972285564
-16.95247623811906123592	0.69850286998784794079
-16.96448224112056024637	0.69674959756950471945
-16.97648824412206280954	0.69509306267705317506
-16.98849424712356181999	0.69353479149128971493
-17.00050025012506083044	0.69207551319562365943
-17.01250625312656339361	0.69071519086415622546
-17.02451225612806240406	0.68945306053724586537
-17.03651825912956496722	0.68828767776663046796
-17.04852426213106397768	0.68721697080183286044
-17.06053026513256654084	0.68623829949249448568
-17.07253626813406555129	0.68534851889934655933
-17.08454227113556811446	0.68454404654139089370
-17.09654827413706712491	0.68382093215988859480
-17.10855427713856968808	0.68317492885201724917
-17.12056028014006869853	0.68260156441924879633
-17.13256628314157126169	0.68209621178800916574
-17.14457228614307027215	0.68165415739295442954
-17.15657828914457283531	0.68127066646584644172
-17.16858429214607184576	0.68094104424473256287
-17.18059029514757440893	0.68066069220775637927
-17.19259629814907341938	0.68042515854190355196
-17.20460230115057598255	0.68023018217745978564
-17.21660830415207499300	0.68007172985171460144
-17.22861430715357755616	0.67994602580805163505
-17.24062031015507656662	0.67984957388631517272
-17.25262631315657912978	0.67977917191439263256
-17.26463231615807814023	0.67973191846629998913
-17.27663831915958070340	0.67970521220566448850
-17.28864432216107971385	0.67969674418230741075
-17.30065032516258227702	0.67970448359064761235
-17.31265632816408128747	0.67972665762899131536
-17.32466233116558385063	0.67976172621576158583
-17.33666833416708286109	0.67980835241988102347
-17.34867433716858542425	0.67986536954569909419
-17.36068034017008443470	0.67993174587621907357
-17.37268634317158699787	0.68000654812048522135
-17.38469234617308600832	0.68008890463082039002
-17.39669834917458857149	0.68017796945256825403
-17.40870435217608758194	0.68027288824297849068
-17.42071035517759014510	0.68037276704723737009
-17.43271635817908915556	0.68047664484920289407
-17.44472236118059171872	0.68058347072344971274
-17.45672836418209072917	0.68069208630547961558
-17.46873436718359329234	0.68080121417055106114
-17.48074037018509230279	0.68090945257102297727
-17.49274637318659486596	0.68101527683022722304
-17.50475237618809387641	0.68111704753078383678
-17.51675837918959643957	0.68121302547024620289
-17.52876438219109545003	0.68130139319047511304
-17.54077038519259801319	0.68138028272270456664
-17.55277638819409702364	0.68144780903139912098
-17.56478239119559603409	0.68150210849017112125
-17.57678839419709859726	0.68154138158551813564
-17.58879439719859760771	0.68156393892206257323
-17.60080040020010017088	0.68156824949911121170
-17.61280640320159918133	0.68155299014518710976
-17.62481240620310174450	0.68151709493676626561
-17.63681840920460075495	0.68145980339139877735
-17.64882441220610331811	0.68138070621484181366
-17.66083041520760232856	0.68127978739738592751
-17.67283641820910489173	0.68115746149630673756
-17.68484242121060390218	0.68101460500885391269
-17.69684842421210646535	0.68085258083240052240
-17.70885442721360547580	0.68067325492379704421
-17.72086043021510803896	0.68047900440657682619
-17.73286643321660704942	0.68027271652996879059
-17.74487243621810961258	0.68005777805477196640
-17.75687843921960862303	0.67983805482478787408
-17.76888444222111118620	0.67961786147511771272
-17.78089044522261019665	0.67940192142642397144
-17.79289644822411275982	0.67919531751329242919
-17.80490245122561177027	0.67900343379108052400
-17.81690845422711433343	0.67883188925510917766
-17.82891445722861334389	0.67868646438480484395
-17.84092046023011590705	0.67857302158969667882
-17.85292646323161491750	0.67849742078049690708
-17.86493246623311748067	0.67846543141368231833
-17.87693846923461649112	0.67848264245923184390
-17.88894447223611905429	0.67855437181614619568
-17.90095047523761806474	0.67868557674721641249
-17.91295647823912062790	0.67888076692193388695
-17.92496248124061963836	0.67914392164371428784
-17.93696848424212220152	0.67947841279461163033
-17.94897448724362121197	0.67988693495789631616
-17.96098049024512377514	0.68037144407732264018
-17.97298649324662278559	0.68093310588326350086
-17.98499249624812534876	0.68157225516233055362
-17.99699849924962435921	0.68228836677133608557
-18.00900450225112692237	0.68308003910164027950
-18.02101050525262593283	0.68394499048962953403
-18.03301650825412849599	0.68488006884718088951
-18.04502251125562750644	0.68588127455661529464
-18.05702851425713006961	0.68694379644216629899
-18.06903451725862908006	0.68806206039876971481
-18.08104052026013164323	0.68922979003344897464
-18.09304652326163065368	0.69044007845902344300
-18.10505252626313321684	0.69168547017846548908
-18.11705852926463222730	0.69295805181486747060
-18.12906453226613479046	0.69424955028019719183
-18.14107053526763380091	0.69555143683898745799
-18.15307653826913281137	0.69685503541349935741
-18.16508254127063537453	0.69815163339687436039
-18.17708854427213438498	0.69943259319195694168
-18.18909454727363694815	0.70068946267680620732
-18.20110055027513595860	0.70191408281380940348
-18.21310655327663852177	0.70309869066750130262
-18.22511255627813753222	0.70423601617581232937
-18.23711855927964009538	0.70531937112902509668
-18.24912456228113910583	0.70634272894816196864
-18.26113056528264166900	0.70730079401725032273
-18.27313656828414067945	0.70818905950884447620
-18.28514257128564324262	0.70900385284581002310
-18.29714857428714225307	0.70974236816084090851
-18.30915457728864481624	0.71040268534434825032
-18.32116058029014382669	0.71098377550688074411
-18.33316658329164638985	0.71148549291969409580
-18.34517258629314540030	0.71190855373197825529
-18.35717858929464796347	0.71225450199120521333
-18.36918459229614697392	0.71252566370980985333
-18.38119059529764953709	0.71272508992294647534
-18.39319659829914854754	0.71285648986468352906
-18.40520260130065111071	0.71292415555037935704
-18.41720860430215012116	0.71293287918826087068
-18.42921460730365268432	0.71288786495103795282
-18.44122061030515169477	0.71279463671690501680
-18.45322661330665425794	0.71265894343727986815
-18.46523261630815326839	0.71248666380545111476
-18.47723861930965583156	0.71228371188594208352
-18.48924462231115484201	0.71205594531940530345
-18.50125062531265740517	0.71180907764342515875
-18.51325662831415641563	0.71154859616744181583
-18.52526263131565897879	0.71127968671237973286
-18.53726863431715798924	0.71100716637520289254
-18.54927463731866055241	0.71073542530866473665
-18.56128064032015956286	0.71046837832048626016
-18.57328664332166212603	0.71020942689785382385
-18.58529264632316113648	0.70996143205646267127
-18.59729864932466369964	0.70972669820244238537
-18.60930465232616271010	0.70950696798453194436
-18.62131065532766527326	0.70930342790691014443
-18.63331665832916428371	0.70911672427410532560
-18.64532266133066684688	0.70894698885216433926
-18.65732866433216585733	0.70879387345824018674
-18.66933466733366842050	0.70865659253709889498
-18.68134067033516743095	0.70853397265048234654
-18.69334667333666999411	0.70842450769607723249
-18.70535267633816900457	0.70832641858881051355
-18.71735867933967156773	0.70823771607958752039
-18.72936468234117057818	0.70815626535611075898
-18.74137068534266958864	0.70807985106724247171
-18.75337668834417215180	0.70800624143610457750
-18.76538269134567116225	0.70793325017682973144
-18.77738869434717372542	0.70785879500415871401
-18.78939469734867273587	0.70778095162201448698
-18.80140070035017529904	0.70769800219445111455
-18.81340670335167430949	0.70760847743725741044
-18.82541270635317687265	0.70751119161798470270
-18.83741870935467588311	0.70740526991298735560
-18.84942471235617844627	0.70729016773876896007
-18.86143071535767745672	0.70716568184796213536
-18.87343671835918001989	0.70703195315405642507
-18.88544272136067903034	0.70688946141997710537
-18.89744872436218159351	0.70673901211038991921
-18.90945472736368060396	0.70658171586291329547
-18.92146073036518316712	0.70641896117627045459
-18.93346673336668217758	0.70625238104111653925
-18.94547273636818474074	0.70608381434950018285
-18.95747873936968375119	0.70591526300973173047
-18.96948474237118631436	0.70574884576332885811
-18.98149074537268532481	0.70558674974866031349
-18.99349674837418788798	0.70543118088133072163
-19.00550275137568689843	0.70528431412415837354
-19.01750875437718946159	0.70514824470016879143
-19.02951475737868847204	0.70502494126118753215
-19.04152076038019103521	0.70491620196364046524
-19.05352676338169004566	0.70482361432370765897
-19.06553276638319260883	0.70474851962804696548
-19.07753876938469161928	0.70469198256623843957
-19.08954477238619418245	0.70465476662945825126
-19.10155077538769319290	0.70463731568946175177
-19.11355677838919575606	0.70463974203563206622
-19.12556278139069476651	0.70466182100861385340
-19.13756878439219732968	0.70470299222987731191
-19.14957478739369634013	0.70476236729036956241
-19.16158079039519890330	0.70483874363101617355
-19.17358679339669791375	0.70493062422585450744
-19.18559279639820047692	0.70503624256742025711
-19.19759879939969948737	0.70515359235578400909
-19.20960480240120205053	0.70528046120916110251
-19.22161080540270106098	0.70541446764674575753
-19.23361680840420362415	0.70555310054443221013
-19.24562281140570263460	0.70569376023208385540
-19.25762881440720519777	0.70583380038727461248
-19.26963481740870420822	0.70597056988486517337
-19.28164082041020677138	0.70610145378388766702
-19.29364682341170578184	0.70622391267214046362
-19.30565282641320834500	0.70633551964342711216
-19.31765882941470735545	0.70643399425098929445
-19.32966483241620636591	0.70651723286159318071
-19.34167083541770892907	0.70658333492589719960
-19.35367683841920793952	0.70663062477996063659
-19.36568284142071050269	0.70665766869769697234
-19.37768884442220951314	0.70666328702232961145
-19.38969484742371207631	0.70664656131402525663
-19.40170085042521108676	0.70660683655845746287
-19.41370685342671364992	0.70654371858476272550
-19.42571285642821266038	0.70645706693901033635
-19.43771885942971522354	0.70634698354888847405
-19.44972486243121423399	0.70621379759503277729
-19.46173086543271679716	0.70605804707273989163
-19.47373686843421580761	0.70588045758347095493
-19.48574287143571837078	0.70568191893760379152
-19.49774887443721738123	0.70546346017772088022
-19.50975487743871994439	0.70522622364501819092
-19.52176088044021895485	0.70497143871023770778
-19.53376688344172151801	0.70470039577521059737
-19.54577288644322052846	0.70441442112233065842
-19.55777888944472309163	0.70411485314801924851
-19.56978489244622210208	0.70380302046371212565
-19.58179089544772466525	0.70348022228556206237
-19.59379689844922367570	0.70314771146355214970
-19.60580290145072623886	0.70280668042386473804
-19.61780890445222524932	0.70245825021706098656
-19.62981490745372781248	0.70210346278088697769
-19.64182091045522682293	0.70174327644232292744
-19.65382691345672938610	0.70137856460082736998
-19.66583291645822839655	0.70101011745548513776
-19.67783891945973095972	0.70063864656475549619
-19.68984492246122997017	0.70026479196037227926
-19.70185092546273253333	0.69988913147812592541
-19.71385692846423154378	0.69951219191900648742
-19.72586293146573410695	0.69913446161549630542
-19.73786893446723311740	0.69875640395041838104
-19.74987493746873568057	0.69837847136013464500
-19.76188094047023469102	0.69800111935022546295
-19.77388694347173725419	0.69762482005998693868
-19.78589294647323626464	0.69725007493177204587
-19.79789894947473882780	0.69687742607174962828
-19.80990495247623783825	0.69650746592919043909
-19.82191095547774040142	0.69614084497080719327
-19.83391695847923941187	0.69577827708368644721
-19.84592296148074197504	0.69542054250351659217
-19.85792896448224098549	0.69506848813253918618
-19.86993496748374354866	0.69472302518228756796
-19.88194097048524255911	0.69438512414799791195
-19.89394697348674512227	0.69405580719286952274
-19.90595297648824413272	0.69373613808940881587
-19.91795897948974314318	0.69342720993030626531
-19.92996498249124570634	0.69313013088112818139
-19.94197098549274471679	0.69284600830018472362
-19.95397698849424727996	0.69257593159604879940
-19.96598299149574629041	0.69232095422931450024
-19.97798899449724885358	0.69208207529151000159
-19.98999499749874786403	0.69186022111002976054
-20.00200100050025042719	0.69165622733320386573
-20.01400700350174943765	0.69147082194408693301
-20.02601300650325200081	0.69130460963539352992
-20.03801900950475101126	0.69115805795162998937
-20.05002501250625357443	0.69103148556851345941
-20.06203101550775258488	0.69092505303506845937
-20.07403701850925514805	0.69083875625139956611
-20.08604302151075415850	0.69077242289624529725
-20.09804902451225672166	0.69072571195439380620
-20.11005502751375573212	0.69069811642631473436
-20.12206103051525829528	0.69068896923248190856
-20.13406703351675730573	0.69069745225438394787
-20.14607303651825986890	0.69072260838472732125
-20.15807903951975887935	0.69076335639235908470
-20.17008504252126144252	0.69081850834446845155
-20.18209104552276045297	0.69088678927103386318
-20.19409704852426301613	0.69096685870553276043
-20.20610305152576202659	0.69105733369271882260
-20.21810905452726458975	0.69115681281972896066
-20.23011505752876360020	0.69126390080164079599
-20.24212106053026616337	0.69137723313738119746
-20.25412706353176517382	0.69149550034689577505
-20.26613306653326773699	0.69161747130580830678
-20.27813906953476674744	0.69174201520928602083
-20.29014507253626931060	0.69186812172211964445
-20.30215107553776832106	0.69199491890655995263
-20.31415707853927088422	0.69212168856246247817
-20.32616308154076989467	0.69224787866483616927
-20.33816908454227245784	0.69237311264088641227
-20.35017508754377146829	0.69249719529085140834
-20.36218109054527403146	0.69262011522304944844
-20.37418709354677304191	0.69274204374217007718
-20.38619309654827560507	0.69286333019952539569
-20.39819909954977461553	0.69298449388328753340
-20.41020510255127717869	0.69310621259423244034
-20.42221110555277618914	0.69322930811682992314
-20.43421710855427875231	0.69335472885535509580
-20.44622311155577776276	0.69348352995886786143
-20.45822911455728032593	0.69361685130634542773
-20.47023511755877933638	0.69375589376305768496
-20.48224112056028189954	0.69390189415069736256
-20.49424712356178090999	0.69405609939626800031
-20.50625312656327992045	0.69421974033791500336
-20.51825912956478248361	0.69439400566959574856
-20.53026513256628149406	0.69458001650075051892
-20.54227113556778405723	0.69477880199217278978
-20.55427713856928306768	0.69499127650550207580
-20.56628314157078563085	0.69521821867175415122
-20.57828914457228464130	0.69546025274480705036
-20.59029514757378720446	0.69571783255967289961
-20.60230115057528621492	0.69599122836370386214
-20.61430715357678877808	0.69628051673272572941
-20.62631315657828778853	0.69658557372464502411
-20.63831915957979035170	0.69690607136156546009
-20.65032516258128936215	0.69724147746913400780
-20.66233116558279192532	0.69759105883996941344
-20.67433716858429093577	0.69795388762781274128
-20.68634317158579349893	0.69832885082166351598
-20.69834917458729250939	0.69871466259569259272
-20.71035517758879507255	0.69910987928214918252
-20.72236118059029408300	0.69951291667167114774
-20.73436718359179664617	0.69992206930909073304
-20.74637318659329565662	0.70033553142359039612
-20.75837918959479821979	0.70075141911033989039
-20.77038519259629723024	0.70116779336678958234
-20.78239119559779979340	0.70158268358072328752
-20.79439719859929880386	0.70199411106891862477
-20.80640320160080136702	0.70240011227460263932
-20.81840920460230037747	0.70279876124846707430
-20.83041520760380294064	0.70318819106130492358
-20.84242121060530195109	0.70356661382571428209
-20.85442721360680451426	0.70393233903905327864
-20.86643321660830352471	0.70428378999907947922
-20.87843921960980608787	0.70461951808656386742
-20.89044522261130509833	0.70493821475468609883
-20.90245122561280766149	0.70523872111219609859
-20.91445722861430667194	0.70552003503518423422
-20.92646323161580923511	0.70578131578985281447
-20.93846923461730824556	0.70602188619497607824
-20.95047523761881080873	0.70624123239688518794
-20.96248124062030981918	0.70643900137098847303
-20.97448724362181238234	0.70661499630129376293
-20.98649324662331139280	0.70676917002250783106
-20.99849924962481395596	0.70690161673750306903
-21.01050525262631296641	0.70701256224585695698
-21.02251125562781552958	0.70710235293649992272
-21.03451725862931454003	0.70717144380907392964
-21.04652326163081710320	0.70722038579438484263
-21.05852926463231611365	0.70724981264439978901
-21.07053526763381867681	0.70726042765680541269
-21.08254127063531768727	0.70725299048851475447
-21.09454727363681669772	0.70722830429710203948
-21.10655327663831926088	0.70718720342945906587
-21.11855927963981827133	0.70713054185357471226
-21.13056528264132083450	0.70705918250288368743
-21.14257128564281984495	0.70697398767378738516
-21.15457728864432240812	0.70687581058642223741
-21.16658329164582141857	0.70676548818727558121
-21.17858929464732398174	0.70664383524052110097
-21.19059529764882299219	0.70651163972368302701
-21.20260130065032555535	0.70636965951308594569
-21.21460730365182456580	0.70621862031613791277
-21.22661330665332712897	0.70605921478136490776
-21.23861930965482613942	0.70589210269377467011
-21.25062531265632870259	0.70571791214296031303
-21.26263131565782771304	0.70553724153470531721
-21.27463731865933027620	0.70535066230394072306
-21.28664332166082928666	0.70515872217788078125
-21.29864932466233184982	0.70496194883308083146
-21.31065532766383086027	0.70476085378897412870
-21.32266133066533342344	0.70455593638303670723
-21.33466733366683243389	0.70434768767889677221
-21.34667333666833499706	0.70413659416815843617
-21.35867933966983400751	0.70392314113913379003
-21.37068534267133657067	0.70370781560064032956
-21.38269134567283558113	0.70349110866612041271
-21.39469734867433814429	0.70327351732207155077
-21.40670335167583715474	0.70305554552466953400
-21.41870935467733971791	0.70283770458900496347
-21.43071535767883872836	0.70262051285604754103
-21.44272136068034129153	0.70240449464280318992
-21.45472736368184030198	0.70219017850069131992
-21.46673336668334286514	0.70197809482549688997
-21.47873936968484187560	0.70176877287897398983
-21.49074537268634443876	0.70156273729694862418
-21.50275137568784344921	0.70136050417131190482
-21.51475737868934601238	0.70116257680338933689
-21.52676338169084502283	0.70096944123366111690
-21.53876938469234758600	0.70078156165759442064
-21.55077538769384659645	0.70059937583941400696
-21.56278139069534915961	0.70042329063499919606
-21.57478739369684817007	0.70025367773186752984
-21.58679339669835073323	0.70009086970851863718
-21.59879939969984974368	0.69993515650748261425
-21.61080540270135230685	0.69978678240647895770
-21.62281140570285131730	0.69964594356043241508
-21.63481740870435388047	0.69951278617402068427
-21.64682341170585289092	0.69938740535027543732
-21.65882941470735545408	0.69926984464588004542
-21.67083541770885446454	0.69916009634853504284
-21.68284142071035347499	0.69905810247646860134
-21.69484742371185603815	0.69896375648517194978
-21.70685342671335504861	0.69887690565206639359
-21.71885942971485761177	0.69879735409635856946
-21.73086543271635662222	0.69872486637906472406
-21.74287143571785918539	0.69865917161733193108
-21.75487743871935819584	0.69859996803792978604
-21.76688344172086075901	0.69854692788728622865
-21.77888944472235976946	0.69849970260980542847
-21.79089544772386233262	0.69845792820249008592
-21.80290145072536134307	0.69842123065211703103
-21.81490745372686390624	0.69838923136136277225
-21.82691345672836291669	0.69836155247227160725
-21.83891945972986547986	0.69833782199921712319
-21.85092546273136449031	0.69831767868887617556
-21.86293146573286705348	0.69830077653156552575
-21.87493746873436606393	0.69828678885638539864
-21.88694347173586862709	0.69827541195177245115
-21.89894947473736763754	0.69826636816306053568
-21.91095547773887020071	0.69825940842925704466
-21.92296148074036921116	0.69825431423223049965
-21.93496748374187177433	0.69825089894263836499
-21.94697348674337078478	0.69824900855799054700
-21.95897948974487334795	0.69824852183901719993
-21.97098549274637235840	0.69824934986080744448
-21.98299149574787492156	0.69825143500481812175
-21.99499749874937393201	0.69825474942667786760
-22.00700350175087649518	0.69825929304258338437
-22.01900950475237550563	0.69826509108391043856
-22.03101550775387806880	0.69827219127535467003
-22.04302151075537707925	0.69828066069642003022
-22.05502751375687964241	0.69829058238936969616
-22.06703351675837865287	0.69830205177883231116
-22.07903951975988121603	0.69831517296914003001
-22.09104552276138022648	0.69833005498521438792
-22.10305152576288278965	0.69834680802146120726
-22.11505752876438180010	0.69836553976077941908
-22.12706353176588436327	0.69838635182251473932
-22.13906953476738337372	0.69840933639410684997
-22.15107553776888593688	0.69843457309639889186
-22.16308154077038494734	0.69846212612722280433
-22.17508754377188751050	0.69849204172205381358
-22.18709354677338652095	0.69852434596437551484
-22.19909954977488908412	0.69855904297201987241
-22.21110555277638809457	0.69859611347925776315
-22.22311155577789065774	0.69863551382793098732
-22.23511755877938966819	0.69867717537451534682
-22.24712356178088867864	0.69872100431379446928
-22.25912956478239124181	0.69876688191386260307
-22.27113556778389025226	0.69881466515154844199
-22.28314157078539281542	0.69886418773210201572
-22.29514757378689182588	0.69891526147216309628
-22.30715357678839438904	0.69896767802067449882
-22.31915957978989339949	0.69902121088852720021
-22.33116558279139596266	0.69907561775436466434
-22.34317158579289497311	0.69913064301111405019
-22.35517758879439753628	0.69918602051548151000
-22.36718359179589654673	0.69924147650082302263
-22.37918959479739910989	0.69929673261248603833
-22.39119559779889812035	0.69935150902388998340
-22.40320160080040068351	0.69940552759127239124
-22.41520760380189969396	0.69945851500514422128
-22.42721360680340225713	0.69951020589706358610
-22.43921960980490126758	0.69956034586133097886
-22.45122561280640383075	0.69960869435261541227
-22.46323161580790284120	0.69965502742231422406
-22.47523761880940540436	0.69969914025862434137
-22.48724362181090441482	0.69974084949782389131
-22.49924962481240697798	0.69977999527712619887
-22.51125562781390598843	0.69981644300264223002
-22.52326163081540855160	0.69985008480945309906
-22.53526763381690756205	0.69988084069452949354
-22.54727363681841012522	0.69990865930720980170
-22.55927963981990913567	0.69993351838613004912
-22.57128564282141169883	0.69995542483586115079
-22.58329164582291070928	0.69997441444100427788
-22.59529764882441327245	0.69999055122008757568
-22.60730365182591228290	0.70000392642624464923
-22.61930965482741484607	0.70001465720629629796
-22.63131565782891385652	0.70002288493442776929
-22.64332166083041641969	0.70002877324112078306
-22.65532766383191543014	0.70003250576227515900
-22.66733366683341799330	0.70003428363749720109
-22.67933966983491700375	0.70003432279026212015
-22.69134567283641956692	0.70003285102601853218
-22.70335167583791857737	0.70003010498722895161
-22.71535767883942114054	0.70002632700677547284
-22.72736368184092015099	0.70002176190304199466
-22.73936968484242271415	0.70001665376127442109
-22.75137568784392172461	0.70001124274647041901
-22.76338169084542428777	0.70000576199302666502
-22.77538769384692329822	0.70000043461566130443
-22.78739369684842586139	0.69999547088470981393
-22.79939969984992487184	0.69999106560677737399
-22.81140570285142743501	0.69998739574892232529
-22.82341170585292644546	0.69998461834108438584
-22.83541770885442545591	0.69998286868738823774
-22.84742371185592801908	0.69998225891231058426
-22.85942971485742702953	0.69998287686255855622
-22.87143571785892959269	0.69998478537995323379
-22.88344172086042860315	0.69998802195472975551
-22.89544772386193116631	0.69999259876255748303
-22.90745372686343017676	0.69999850308235211926
-22.91945972986493273993	0.70000569808571377894
-22.93146573286643175038	0.70001412398268603177
-22.94347173586793431355	0.70002369950261977838
-22.95547773886943332400	0.70003432368333895486
-22.96748374187093588716	0.70004587793666850359
-22.97948974487243489762	0.70005822835378850311
-22.99149574787393746078	0.70007122820992417900
-23.00350175087543647123	0.70008472062464321972
-23.01550775387693903440	0.70009854133158844203
-23.02751375687843804485	0.70011252150987013376
-23.03951975987994060802	0.70012649062862031268
-23.05152576288143961847	0.70014027925638677718
-23.06353176588294218163	0.70015372178812562698
-23.07553776888444119209	0.70016665904451069746
-23.08754377188594375525	0.70017894070108643856
-23.09954977488744276570	0.70019042750839310951
-23.11155577788894532887	0.70020099326851514832
-23.12356178089044433932	0.70021052653846083125
-23.13556778389194690249	0.70021893203627461055
-23.14757378689344591294	0.70022613173169279133
-23.15957978989494847610	0.70023206560937012455
-23.17158579289644748656	0.70023669209908323552
-23.18359179589795004972	0.70023998817374299986
-23.19559779889944906017	0.70024194912237192057
-23.20760380190095162334	0.70024258801130301322
-23.21960980490245063379	0.70024193485260732839
-23.23161580790395319696	0.70024003550403168816
-23.24362181090545220741	0.70023695032942945282
-23.25562781390695477057	0.70023275265269047107
-23.26763381690845378102	0.70022752704145374558
-23.27963981990995634419	0.70022136745934160373
-23.29164582291145535464	0.70021437532705788076
-23.30365182591295791781	0.70020665753340982640
-23.31565782891445692826	0.70019832443714680181
-23.32766383191595949143	0.70018948789946922062
-23.33966983491745850188	0.70018025938518835272
-23.35167583791896106504	0.70017074816786373237
-23.36368184092046007549	0.70016105967088260176
-23.37568784392196263866	0.70015129397245978726
-23.38769384692346164911	0.70014154449803278624
-23.39969984992496421228	0.70013189691861366093
-23.41170585292646322273	0.70012242826845594301
-23.42371185592796223318	0.70011320629003048754
-23.43571785892946479635	0.70010428900890542270
-23.44772386193096380680	0.70009572453581614404
-23.45972986493246636996	0.70008755108812159573
-23.47173586793396538042	0.70007979721808166751
-23.48374187093546794358	0.70007248223107132468
-23.49574787393696695403	0.70006561677306033964
-23.50775387693846951720	0.70005920356351625244
-23.51975987993996852765	0.70005323824739218441
-23.53176588294147109082	0.70004771033809820580
-23.54377188594297010127	0.70004260422233421934
-23.55577788894447266443	0.70003790019741529704
-23.56778389194597167489	0.70003357551221401245
-23.57978989494747423805	0.70002960538406988622
-23.59179589794897324850	0.70002596396590743844
-23.60380190095047581167	0.70002262524031644286
-23.61580790395197482212	0.70001956382038332816
-23.62781390695347738529	0.70001675564054910428
-23.63981990995497639574	0.70001417852459102420
-23.65182591295647895890	0.70001181262188105769
-23.66383191595797796936	0.70000964070725002486
-23.67583791895948053252	0.70000764834396767000
-23.68784392196097954297	0.70000582391342258681
-23.69984992496248210614	0.70000415851893915686
-23.71185592796398111659	0.70000264577471149607
-23.72386193096548367976	0.70000128149396034782
-23.73586793396698269021	0.70000006329306196928
-23.74787393696848525337	0.69999899013048239027
-23.75987993996998426383	0.69999806180083790075
-23.77188594297148682699	0.69999727840524972322
-23.78389194597298583744	0.69999663981936111057
-23.79589794897448840061	0.69999614517994279694
-23.80790395197598741106	0.69999579240993925477
-23.81990995497748997423	0.69999557780015975172
-23.83191595797898898468	0.69999549566363050701
-23.84392196098049154784	0.69999553807598247079
-23.85592796398199055830	0.69999569471222378159
-23.86793396698349312146	0.69999595278693749201
-23.87993996998499213191	0.69999629710144517514
-23.89194597298649469508	0.69999671019789511117
-23.90395197598799370553	0.69999717261667748769
-23.91595797898949626870	0.69999766325013368373
-23.92796398199099527915	0.69999815978232904357
-23.93996998499249784231	0.69999863920177585186
-23.95197598799399685277	0.69999907837152686163
-23.96398199099549941593	0.69999945463906698695
-23.97598799399699842638	0.69999974646698503999
-23.98799399699850098955	0.69999993406454186218
-24.00000000000000000000	0.69999999999999995559
