-24.00000000000000000000	50.00000000000000000000
-24.00000000000000000000	50.00000000000000000000
-23.98302238962800103650	49.99999434902214545673
-23.98302238962800103650	49.99999431296991048157
-23.94688487934699949733	49.99994418656309136395
-23.94688487934699949733	49.99994424134388282255
-23.89999999999999857891	49.99980328676505791918
-23.89999999999999857891	49.99980495246268219489
-23.85311512065300121321	49.99958437709442193864
-23.85311512065300121321	49.99959117943330966227
-23.81697761037199967404	49.99937833173007817322
-23.81697761037199967404	49.99939388490069092086
-23.80000000000000071054	49.99929775954010580108
-23.80000000000000071054	49.99932224648054557292
-23.80000000000000071054	49.99934965167280864762
-23.80000000000000071054	49.99937993615488096566
-23.78302238962800174704	49.99930917062287960562
-23.78302238962800174704	49.99935140354003237917
-23.74688487934700020787	49.99917915365720233467
-23.74688487934700020787	49.99924511892111667066
-23.69999999999999928946	49.99903787078887518192
-23.69999999999999928946	49.99914156116272323516
-23.65311512065299837104	49.99899771372469103881
-23.65311512065299837104	49.99914951877991597939
-23.61697761037200038459	49.99915533951146073832
-23.61697761037200038459	49.99935411195190937406
-23.60000000000000142109	49.99951870581146806671
-23.60000000000000142109	49.99974732692275836143
-23.60000000000000142109	49.99998054842326666858
-23.60000000000000142109	50.00021741079692105814
-23.58302238962799890487	50.00049650548695012731
-23.58302238962799890487	50.00075844134884306413
-23.54688487934700091841	50.00120546102460394877
-23.54688487934700091841	50.00151438729328390309
-23.50000000000000000000	50.00221714373426351585
-23.50000000000000000000	50.00258535043607110993
-23.45311512065299908159	50.00352517676385133427
-23.45311512065299908159	50.00394678041136131696
-23.41697761037200109513	50.00494997251600892696
-23.41697761037200109513	50.00539682461980106609
-23.39999999999999857891	50.00616758314674825669
-23.39999999999999857891	50.00659527991709296657
-23.39999999999999857891	50.00699608640007198801
-23.39999999999999857891	50.00736738400137681992
-23.38302238962799961541	50.00814898187837087562
-23.38302238962799961541	50.00847141353656155616
-23.34688487934700162896	50.00981085347989818501
-23.34688487934700162896	50.01008318795388873923
-23.30000000000000071054	50.01184076630566011090
-23.30000000000000071054	50.01204169262222620773
-23.25311512065299979213	50.01387058415369324393
-23.25311512065299979213	50.01396383056176375703
-23.21697761037199825296	50.01537361044982077374
-23.21697761037199825296	50.01532197055286843579
-23.19999999999999928946	50.01585851955948669456
-23.19999999999999928946	50.01564249602871825573
-23.19999999999999928946	50.01534631801284547237
-23.19999999999999928946	50.01497133045066334489
-23.18302238962800032596	50.01514223448580764853
-23.18302238962800032596	50.01459329208365289787
-23.14688487934699878679	50.01523298400250183704
-23.14688487934699878679	50.01447578143510952486
-23.10000000000000142109	50.01518686418062031862
-23.10000000000000142109	50.01418772962283298966
-23.05311512065300050267	50.01452185438301967224
-23.05311512065300050267	50.01327001243949155196
-23.01697761037199896350	50.01288682994574230634
-23.01697761037199896350	50.01141416903139003125
-23.00000000000000000000	50.01023824375353399319
-23.00000000000000000000	50.00862496575846449787
-23.00000000000000000000	50.00698217425007641168
-23.00000000000000000000	50.00532018004924594834
-22.98302238962800103650	50.00377431131442307333
-22.98302238962800103650	50.00204779406960398092
-22.94688487934699949733	50.00035746414542359162
-22.94688487934699949733	49.99854302724771315525
-22.89999999999999857891	49.99646871780524293172
-22.89999999999999857891	49.99457615510916497215
-22.85311512065300121321	49.99211161037629125303
-22.85311512065300121321	49.99019515075076469657
-22.81697761037199967404	49.98761983988073609453
-22.81697761037199967404	49.98577336523174352578
-22.80000000000000071054	49.98357538572590641479
-22.80000000000000071054	49.98190968261042854692
-22.80000000000000071054	49.98037168725343093456
-22.80000000000000071054	49.97896687188268316504
-22.78302238962800174704	49.97706397391474553160
-22.78302238962800174704	49.97590478291629523255
-22.74688487934700020787	49.97337835500032809932
-22.74688487934700020787	49.97245946824453000090
-22.69999999999999928946	49.96953730413722638559
-22.69999999999999928946	49.96887829489901378111
-22.65311512065299837104	49.96605734410545096580
-22.65311512065299837104	49.96568804811703756741
-22.61697761037200038459	49.96360109395907755925
-22.61697761037200038459	49.96354007803534358345
-22.60000000000000142109	49.96273123824691708705
-22.60000000000000142109	49.96296668841751653645
-22.60000000000000142109	49.96333425622684387690
-22.60000000000000142109	49.96382170087846930073
-22.58302238962799890487	49.96354796441136869589
-22.58302238962799890487	49.96425322439839789013
-22.54688487934700091841	49.96323512576449132894
-22.54688487934700091841	49.96413591323884872963
-22.50000000000000000000	49.96280591145496430272
-22.50000000000000000000	49.96387441860120759429
-22.45311512065299908159	49.96275163000706953653
-22.45311512065299908159	49.96394231117269413289
-22.41697761037200109513	49.96349126884839364493
-22.41697761037200109513	49.96473771759049498087
-22.39999999999999857891	49.96523124129301152152
-22.39999999999999857891	49.96645486314969275554
-22.39999999999999857891	49.96763873447501680403
-22.39999999999999857891	49.96877501758662276643
-22.38302238962799961541	49.96921445637392622530
-22.38302238962799961541	49.97026058279272575646
-22.34688487934700162896	49.96994474377677164512
-22.34688487934700162896	49.97090682217533696985
-22.30000000000000071054	49.97018130559473547692
-22.30000000000000071054	49.97106275478718373506
-22.25311512065299979213	49.97030953316644996676
-22.25311512065299979213	49.97111501916271691925
-22.21697761037199825296	49.97069313328486117598
-22.21697761037199825296	49.97143493204342235003
-22.19999999999999928946	49.97161116676022629690
-22.19999999999999928946	49.97231335496905302307
-22.19999999999999928946	49.97300842897652728425
-22.19999999999999928946	49.97371059698884465661
-22.18302238962800032596	49.97394998436585211721
-22.18302238962800032596	49.97472496486556536865
-22.14688487934699878679	49.97457024861685681572
-22.14688487934699878679	49.97550085960635612992
-22.10000000000000142109	49.97531290113793289720
-22.10000000000000142109	49.97648411905861820514
-22.05311512065300050267	49.97666219636418816208
-22.05311512065300050267	49.97815117306611654158
-22.01697761037199896350	49.97902992474192274130
-22.01697761037199896350	49.98088945746071942722
-22.00000000000000000000	49.98262476457833969334
-22.00000000000000000000	49.98486623904534553731
-22.00000000000000000000	49.98728784407486358532
-22.00000000000000000000	49.98988955102653619633
-21.98302238962800103650	49.99254364264417205277
-21.98302238962800103650	49.99554498282538617104
-21.94688487934699949733	49.99866635194754849181
-21.94688487934699949733	50.00210994458655022754
-21.89999999999999857891	50.00596384494847512769
-21.89999999999999857891	50.00985647568906955485
-21.85311512065300121321	50.01449116527509630714
-21.85311512065300121321	50.01877854361543285222
-21.81697761037199967404	50.02392331942885306262
-21.81697761037199967404	50.02847621224830021447
-21.80000000000000071054	50.03356024605564300600
-21.80000000000000071054	50.03818269656360229192
-21.80000000000000071054	50.04275483635877463939
-21.80000000000000071054	50.04724263815229079455
-21.78302238962800174704	50.05241148217852042990
-21.78302238962800174704	50.05669325026689620017
-21.74688487934700020787	50.06278363773390793767
-21.74688487934700020787	50.06678113028377197224
-21.69999999999999928946	50.07348155792526256391
-21.69999999999999928946	50.07706822257382128782
-21.65311512065299837104	50.08362741752618063629
-21.65311512065299837104	50.08663504195154558829
-21.61697761037200038459	50.09200947200726261599
-21.61697761037200038459	50.09425799848168026074
-21.60000000000000142109	50.09742436349276317742
-21.60000000000000142109	50.09876639033101497489
-21.60000000000000142109	50.09962205566715454097
-21.60000000000000142109	50.09998610449126488220
-21.58302238962799890487	50.10127579375757278513
-21.58302238962799890487	50.10065104187737006214
-21.54688487934700091841	50.10253941704608848795
-21.54688487934700091841	50.10090952748783621473
-21.50000000000000000000	50.10262597048416921552
-21.50000000000000000000	50.09998810345776121267
-21.45311512065299908159	50.10058857702924939304
-21.45311512065299908159	50.09699098195276434353
-21.41697761037200109513	50.09567804835160131915
-21.41697761037200109513	50.09125240934825029626
-21.39999999999999857891	50.08767417582984649016
-21.39999999999999857891	50.08264506460425025125
-21.39999999999999857891	50.07742119209536468816
-21.39999999999999857891	50.07205684720390337361
-21.38302238962799961541	50.06748010832358630751
-21.38302238962799961541	50.06192959403360731585
-21.34688487934700162896	50.05797437326007326419
-21.34688487934700162896	50.05238162175267291332
-21.30000000000000071054	50.04860249364703861374
-21.30000000000000071054	50.04315654899998122573
-21.25311512065299979213	50.03929417888880237797
-21.25311512065299979213	50.03423365347953222226
-21.21697761037199825296	50.03031606746895931792
-21.21697761037199825296	50.02590573231437787172
-21.19999999999999928946	50.02221634364318703092
-21.19999999999999928946	50.01870101404254143063
-21.19999999999999928946	50.01570393115807888762
-21.19999999999999928946	50.01324588824528660780
-21.18302238962800032596	50.01147904169587121714
-21.18302238962800032596	50.01011861484963105795
-21.14688487934699878679	50.00956721265517757047
-21.14688487934699878679	50.00933101971683925058
-21.10000000000000142109	50.00997796262225847386
-21.10000000000000142109	50.01087661879180501501
-21.05311512065300050267	50.01270971554679789506
-21.05311512065300050267	50.01470363956997289279
-21.01697761037199896350	50.01759511691827952973
-21.01697761037199896350	50.02056079045115666304
-21.00000000000000000000	50.02418255823178583341
-21.00000000000000000000	50.02789786463178955955
-21.00000000000000000000	50.03187799752650732898
-21.00000000000000000000	50.03605613648267791405
-20.98302238962800103650	50.04082095615433445346
-20.98302238962800103650	50.04523440617839469269
-20.94688487934699949733	50.05082868719011202074
-20.94688487934699949733	50.05524200374891563570
-20.89999999999999857891	50.06133105625407608841
-20.89999999999999857891	50.06546455272132334358
-20.85311512065300121321	50.07139053735635059184
-20.85311512065300121321	50.07492067175111571942
-20.81697761037199967404	50.07978344208125065506
-20.81697761037199967404	50.08237144596633072524
-20.80000000000000071054	50.08525848737189534177
-20.80000000000000071054	50.08660138933345251644
-20.80000000000000071054	50.08723468075722706772
-20.80000000000000071054	50.08711920899222036496
-20.78302238962800174704	50.08714094142236206153
-20.78302238962800174704	50.08542382102905321517
-20.74688487934700020787	50.08475208303373449326
-20.74688487934700020787	50.08129782541716679134
-20.69999999999999928946	50.07922832612748464953
-20.69999999999999928946	50.07393437105021405387
-20.65311512065299837104	50.06973616100918178518
-20.65311512065299837104	50.06258280842743602079
-20.61697761037200038459	50.05581370593944967595
-20.61697761037200038459	50.04691318557946289047
-20.60000000000000142109	50.03766937765951894335
-20.60000000000000142109	50.02728943858868149164
-20.60000000000000142109	50.01631343001474050425
-20.60000000000000142109	50.00481492119538984298
-20.58302238962799890487	49.99280085143949747817
-20.58302238962799890487	49.98037291862314646096
-20.54688487934700091841	49.96697776222225684251
-20.54688487934700091841	49.95380425113583555685
-20.50000000000000000000	49.93890012633330854896
-20.50000000000000000000	49.92524522398515784971
-20.45311512065299908159	49.90928718545617215341
-20.45311512065299908159	49.89552035008117059078
-20.41697761037200109513	49.87960309623353793995
-20.41697761037200109513	49.86618609648225231012
-20.39999999999999857891	49.85181963464904697503
-20.39999999999999857891	49.83925320842264738985
-20.39999999999999857891	49.82728932400823396165
-20.39999999999999857891	49.81599476421097705270
-20.38302238962799961541	49.80358938014737191224
-20.38302238962799961541	49.79371119459256078699
-20.34688487934700162896	49.78033985317598819620
-20.34688487934700162896	49.77199484384284033922
-20.30000000000000071054	49.75847810868641118986
-20.30000000000000071054	49.75180362493996710782
-20.25311512065299979213	49.73961464611570448824
-20.25311512065299979213	49.73474119251488900773
-20.21697761037199825296	49.72562732045106059786
-20.21697761037199825296	49.72263202710199436751
-20.19999999999999928946	49.71807387081283735597
-20.19999999999999928946	49.71693541614090605663
-20.19999999999999928946	49.71667956294555068553
-20.19999999999999928946	49.71725783026506206852
-20.18302238962800032596	49.71609604264653370365
-20.18302238962800032596	49.71819358071496708362
-20.14688487934699878679	49.71564584430483790811
-20.14688487934699878679	49.71906743106166715052
-20.10000000000000142109	49.71624526150100820132
-20.10000000000000142109	49.72077904961422234464
-20.05311512065300050267	49.71908246145599719057
-20.05311512065300050267	49.72447885698071701199
-20.01697761037199896350	49.72517731072542090942
-20.01697761037199896350	49.73114390439493348595
-20.00000000000000000000	49.73499759909634576616
-20.00000000000000000000	49.74121729048241746796
-20.00000000000000000000	49.74744752713388606935
-20.00000000000000000000	49.75363576496584983033
-19.98302238962800103650	49.75769222528267476946
-19.98302238962800103650	49.76371676376290764665
-19.94688487934699949733	49.76541779581103241981
-19.94688487934699949733	49.77120344844023946962
-19.89999999999999857891	49.77159387477947660727
-19.89999999999999857891	49.77709499531509607095
-19.85311512065300121321	49.77737889132778548174
-19.85311512065300121321	49.78258347445239451190
-19.81697761037199967404	49.78388225922222432018
-19.81697761037199967404	49.78882298770787429021
-19.80000000000000071054	49.79195632877862465193
-19.80000000000000071054	49.79672005962108727317
-19.80000000000000071054	49.80144571117931207027
-19.80000000000000071054	49.80618836769686197385
-19.78302238962800174704	49.80947714616721100356
-19.78302238962800174704	49.81447852026533951175
-19.74688487934700020787	49.81658687190084577878
-19.74688487934700020787	49.82217412879371920553
-19.69999999999999928946	49.82430926242345492483
-19.69999999999999928946	49.83082718931740373591
-19.65311512065299837104	49.83430408122303845175
-19.65311512065299837104	49.84208846759761257772
-19.61697761037200038459	49.84804546943902181511
-19.61697761037200038459	49.85738464861285734742
-19.60000000000000142109	49.86650246851448287089
-19.60000000000000142109	49.87759563008803098683
-19.60000000000000142109	49.88960504867777956406
-19.60000000000000142109	49.90257043718310825398
-19.58302238962799890487	49.91587712671596932523
-19.58302238962799890487	49.93095286539242039225
-19.54688487934700091841	49.94618557929997137990
-19.54688487934700091841	49.96359692075981939752
-19.50000000000000000000	49.98166159739800207262
-19.50000000000000000000	50.00152963512827142267
-19.45311512065299908159	50.02286528035303092565
-19.45311512065299908159	50.04514135370337868380
-19.41697761037200109513	50.06942167137463428617
-19.41697761037200109513	50.09383865980733219203
-19.39999999999999857891	50.11991372389249477237
-19.39999999999999857891	50.14597868665371294128
-19.39999999999999857891	50.17262611143059558572
-19.39999999999999857891	50.19974271799626563961
-19.38302238962799961541	50.22888702712128150552
-19.38302238962799961541	50.25677409347588309174
-19.34688487934700162896	50.28921932961811336327
-19.34688487934700162896	50.31756965584844465411
-19.30000000000000071054	50.35271388873278652909
-19.30000000000000071054	50.38105955700741844794
-19.25311512065299979213	50.41708072465035428422
-19.25311512065299979213	50.44476847309928757568
-19.21697761037199825296	50.47881241168268928732
-19.21697761037199825296	50.50503515382524000188
-19.19999999999999928946	50.53384916432979423462
-19.19999999999999928946	50.55773359417247547754
-19.19999999999999928946	50.58013547845659729774
-19.19999999999999928946	50.60091782507717539374
-19.18302238962800032596	50.62434575061755737124
-19.18302238962800032596	50.64163602559916910195
-19.14688487934699878679	50.66683273732418513191
-19.14688487934699878679	50.68025102297337980417
-19.10000000000000142109	50.70489417958545885767
-19.10000000000000142109	50.71401499591227235442
-19.05311512065300050267	50.73462116568502722203
-19.05311512065300050267	50.73903454080534913828
-19.01697761037199896350	50.75182063352173145176
-19.01697761037199896350	50.75122763519186008807
-19.00000000000000000000	50.75320141202923451829
-19.00000000000000000000	50.74750921251555269009
-19.00000000000000000000	50.73931317755312164763
-19.00000000000000000000	50.72866315270988479824
-18.98302238962800103650	50.72049202059848482804
-18.98302238962800103650	50.70503835198361031189
-18.94688487934699949733	50.69729008370033795927
-18.94688487934699949733	50.67719167844782646171
-18.89999999999999857891	50.66726877179483778946
-18.89999999999999857891	50.64278004209879924247
-18.85311512065300121321	50.62788127172598251491
-18.85311512065300121321	50.59943523990567371129
-18.81697761037199967404	50.57750314062114682656
-18.81697761037199967404	50.54576420774740341813
-18.80000000000000071054	50.51620870022256326592
-18.80000000000000071054	50.48206528512805846276
-18.80000000000000071054	50.44710071661459238612
-18.80000000000000071054	50.41150153297952130060
-18.78302238962800174704	50.37790959806989832259
-18.78302238962800174704	50.34136058456765283609
-18.74688487934700020787	50.30896481405385145536
-18.74688487934700020787	50.27192005319070489122
-18.69999999999999928946	50.23936302201931880518
-18.69999999999999928946	50.20237803918490726574
-18.65311512065299837104	50.16895362175581851716
-18.65311512065299837104	50.13271078585284357132
-18.61697761037200038459	50.09871308397930533829
-18.61697761037200038459	50.06398908835880234847
-18.60000000000000142109	50.03065601824922481455
-18.60000000000000142109	49.99823750153367996063
-18.60000000000000142109	49.96723724483063477919
-18.60000000000000142109	49.93774092006481168937
-18.58302238962799890487	49.90925219584702432485
-18.58302238962799890487	49.88279877535234874131
-18.54688487934700091841	49.85613141207618070894
-18.54688487934700091841	49.83277155930513657722
-18.50000000000000000000	49.80790426237384593833
-18.50000000000000000000	49.78770991406591406303
-18.45311512065299908159	49.76533753225208300819
-18.45311512065299908159	49.74837575267739708806
-18.41697761037200109513	49.72966179489096560928
-18.41697761037200109513	49.71594333475358951091
-18.39999999999999857891	49.70206294673776170612
-18.39999999999999857891	49.69148902552481672501
-18.39999999999999857891	49.68240579179111904295
-18.39999999999999857891	49.67471873517013847277
-18.38302238962799961541	49.66631129505620378950
-18.38302238962799961541	49.66107084424283613089
-18.34688487934700162896	49.65247750093140410854
-18.34688487934700162896	49.64922724068957649024
-18.30000000000000071054	49.64093690767593614055
-18.30000000000000071054	49.63921564208907710736
-18.25311512065299979213	49.63211148334487177181
-18.25311512065299979213	49.63143852763754892976
-18.21697761037199825296	49.62645063712267301526
-18.21697761037199825296	49.62632366971617159379
-18.19999999999999928946	49.62408141786414716989
-18.19999999999999928946	49.62399372896970817237
-18.19999999999999928946	49.62374308730274918844
-18.19999999999999928946	49.62321536594964044298
-18.18302238962800032596	49.62008898928610989287
-18.18302238962800032596	49.61868513477583775284
-18.14688487934699878679	49.61192598876098003302
-18.14688487934699878679	49.60925053400703887974
-18.10000000000000142109	49.59949248146511990853
-18.10000000000000142109	49.59520044750293976676
-18.05311512065300050267	49.58349404963153261860
-18.05311512065300050267	49.57731660619653979438
-18.01697761037199896350	49.56493738834144835437
-18.01697761037199896350	49.55671646341618696852
-18.00000000000000000000	49.54492068658370129697
-18.00000000000000000000	49.53463848487066911730
-18.00000000000000000000	49.52336536147469558955
-18.00000000000000000000	49.51112772062024447450
-17.98302238962800103650	49.49511815294476235749
-17.98302238962800103650	49.48099612881420483745
-17.94688487934699949733	49.45961786401129245405
-17.94688487934699949733	49.44373017118597601893
-17.89999999999999857891	49.41825254804872713521
-17.89999999999999857891	49.40082479559738715125
-17.85311512065300121321	49.37337398142356192920
-17.85311512065300121321	49.35477121125040156357
-17.81697761037199967404	49.32805682864356100481
-17.81697761037199967404	49.30879429022921556225
-17.80000000000000071054	49.28560008200627606811
-17.80000000000000071054	49.26632109089792521672
-17.80000000000000071054	49.24729967002985375757
-17.80000000000000071054	49.22868313022346598018
-17.78302238962800174704	49.20629274340262782061
-17.78302238962800174704	49.18884399632432291583
-17.74688487934700020787	49.16261080505829994536
-17.74688487934700020787	49.14686851579960347181
-17.69999999999999928946	49.11925607240413427235
-17.69999999999999928946	49.10585075874605109902
-17.65311512065299837104	49.08043142876515219086
-17.65311512065299837104	49.07006973076569522618
-17.61697761037200038459	49.05084200544725092641
-17.61697761037200038459	49.04425443179726329390
-17.60000000000000142109	49.03471573702567098962
-17.60000000000000142109	49.03258035905929546061
-17.60000000000000142109	49.03288769686374592993
-17.60000000000000142109	49.03576028912113571323
-17.58302238962799890487	49.03621906121333040574
-17.58302238962799890487	49.04459918331692591664
-17.54688487934700091841	49.04520970484774267106
-17.54688487934700091841	49.05962379974006637440
-17.50000000000000000000	49.06366578944504652782
-17.50000000000000000000	49.08461714266284303676
-17.45311512065299908159	49.09591162495566152302
-17.45311512065299908159	49.12379001657366472955
-17.41697761037200109513	49.14566949439129928123
-17.41697761037200109513	49.18065085309824269189
-17.39999999999999857891	49.21499609387905849189
-17.39999999999999857891	49.25696770579417460567
-17.39999999999999857891	49.30229832268228307157
-17.39999999999999857891	49.35093642229074362149
-17.38302238962799961541	49.39973818326860310890
-17.38302238962799961541	49.45505610747289182427
-17.34688487934700162896	49.50811737287266822705
-17.34688487934700162896	49.57013529184774114356
-17.30000000000000071054	49.62984487225732976867
-17.30000000000000071054	49.69837635785887641759
-17.25311512065299979213	49.76624378203199228210
-17.25311512065299979213	49.84076998893192467222
-17.21697761037199825296	49.91663031751170365169
-17.21697761037199825296	49.99622486991430747594
-17.19999999999999928946	50.07799767807271251741
-17.19999999999999928946	50.16133777775836222190
-17.19999999999999928946	50.24596315078625963224
-17.19999999999999928946	50.33159836213795301774
-17.18302238962800032596	50.42004626162589175919
-17.18302238962800032596	50.50726441050933601673
-17.14688487934699878679	50.60092381176836084933
-17.14688487934699878679	50.68899363428857895997
-17.10000000000000142109	50.78720233612452261696
-17.10000000000000142109	50.87508634557180897673
-17.05311512065300050267	50.97488104105536876887
-17.05311512065300050267	51.06117713430147375675
-17.01697761037199896350	51.15751071740291422429
-17.01697761037199896350	51.24049520160194504115
-17.00000000000000000000	51.32728534090300342996
-17.00000000000000000000	51.40505708555663488823
-17.00000000000000000000	51.47951528318764502501
-17.00000000000000000000	51.55033443128961323509
-16.98302238962800103650	51.62505402260001119430
-16.98302238962800103650	51.68796796929630943396
-16.94688487934899967513	51.76435045399189505133
-16.94688487934899967513	51.81841516070203113031
-16.90000000000300062197	51.89224501537962908060
-16.90000000000300062197	51.93636802489736226107
-16.85311512065700156882	52.00099068557726411655
-16.85311512065700156882	52.03401653236834789595
-16.81697761037699834219	52.08182808268699659493
-16.81697761037699834219	52.10270276747705509024
-16.80000000000600124395	52.12716602794798603782
-16.80000000000600124395	52.13512904864243324710
-16.80000000000600124395	52.13648696860975206846
-16.80000000000600124395	52.13121463960112578206
-16.78302238963399872773	52.12932516453562925562
-16.78302238963399872773	52.11075695128991469574
-16.74688487935399905382	52.10658294612778718147
-16.74688487935399905382	52.07471135536140138811
-16.70000000000899831321	52.06288290692018705386
-16.70000000000899831321	52.01786318643554096752
-16.65311512066299926005	51.99210701635289666456
-16.65311512066299926005	51.93442282754307370851
-16.61697761038299958614	51.88952918520661228285
-16.61697761038299958614	51.82013560904714921662
-16.60000000001100062264	51.75367661272078123602
-16.60000000001100062264	51.67405654666158909549
-16.60000000001100062264	51.59002423406173676312
-16.60000000001100062264	51.50196774882238059945
-16.58302238963999997168	51.41677113446716873568
-16.58302238963999997168	51.32146148793822959533
-16.54688487936000029777	51.23532289945111273255
-16.54688487936000029777	51.13391714219801542640
-16.50000000001400124461	51.04361356487061840426
-16.50000000001400124461	50.93753276999340329212
-16.45311512066799863874	50.84086393768076561628
-16.45311512066799863874	50.73188669097294933863
-16.41697761038900083008	50.62879777869284936287
-16.41697761038900083008	50.51904622406860312367
-16.40000000001699831387	50.41193871932804171365
-16.40000000001699831387	50.30374273719174738062
-16.40000000001699831387	50.19719599647385166463
-16.40000000001699831387	50.09268867936015823261
-16.38302238964499935037	49.99054566080602768352
-16.38302238964499935037	49.89074827053178751157
-16.34688487936600154171	49.79206747578330549686
-16.34688487936600154171	49.69781947453125781067
-16.30000000001999893584	49.60239549870555464395
-16.30000000001999893584	49.51460938806743428131
-16.25311512067399988268	49.42399042033629541493
-16.25311512067399988268	49.34363056939648828347
-16.21697761039400020877	49.26087947818568579805
-16.21697761039400020877	49.18885645741148948673
-16.20000000002299955781	49.11764339454422412246
-16.20000000002299955781	49.05466235359530458027
-16.20000000002299955781	48.99635901193220632877
-16.20000000002299955781	48.94268911094121676797
-16.18302238965100059431	48.88875558612638627665
-16.18302238965100059431	48.84390280600011635670
-16.14688487937100092040	48.79230149513095682323
-16.14688487937100092040	48.75563644236520843833
-16.10000000002499831453	48.70771925477178143638
-16.10000000002499831453	48.67859085165434152032
-16.05311512068000112663	48.63709383287432785892
-16.05311512068000112663	48.61479988867593249324
-16.01697761040000145272	48.58292905902462877066
-16.01697761040000145272	48.56667968355341002962
-16.00000000002799893650	48.54700179680560268025
-16.00000000002799893650	48.53590573692991938515
-16.00000000002799893650	48.52702587828495950362
-16.00000000002799893650	48.52010509230167656369
-15.98302238965599997300	48.50858478715105093215
-15.98302238965599997300	48.50483229661411144207
-15.94688487937500021019	48.48880394800285387191
-15.94688487937500021019	48.48734468698235389184
-15.90000000002699920287	48.46908470571517568715
-15.90000000002699920287	48.46920101857051577099
-15.85311512068000006082	48.45211922168368801067
-15.85311512068000006082	48.45326186288518499623
-15.81697761039900029800	48.44102289088621660085
-15.81697761039900029800	48.44282939113031005718
-15.80000000002699955814	48.43843057416365383006
-15.80000000002699955814	48.44074489103667957579
-15.80000000002699955814	48.44332241491296997538
-15.80000000002699955814	48.44620931841218691716
-15.78302238965500059464	48.44305163654567536469
-15.78302238965500059464	48.44681822040500662752
-15.74688487937400083183	48.43753898873719521134
-15.74688487937400083183	48.44271106710045415866
-15.70000000002599982452	48.43113617987431496203
-15.70000000002599982452	48.43843038790710409103
-15.65311512067900068246	48.42945853017464941104
-15.65311512067900068246	48.43973885265069156958
-15.61697761039799914329	48.43837147621198369052
-15.61697761039799914329	48.45258053370550044292
-15.60000000002500009089	48.46285628507021669975
-15.60000000002500009089	48.48192629861890168286
-15.60000000002500009089	48.50374879382344772694
-15.60000000002500009089	48.52854802850227855515
-15.58302238965299935103	48.55069591744541668277
-15.58302238965299935103	48.58219879919733585893
-15.54688487937199958822	48.60538441002861276274
-15.54688487937199958822	48.64454324730329659587
-15.50000000002500044616	48.67301242295413032934
-15.50000000002500044616	48.72062227376650156430
-15.45311512067699943884	48.75879599020114341101
-15.45311512067699943884	48.81536228233739649340
-15.41697761039599967603	48.86666142739341012202
-15.41697761039599967603	48.93227293560727275690
-15.40000000002400071253	48.99815120490470121695
-15.40000000002400071253	49.07240045492936530991
-15.40000000002400071253	49.15066285516680011369
-15.40000000002400071253	49.23277170795351764809
-15.38302238965199997267	49.31583051924199878613
-15.38302238965199997267	49.40533960634432020242
-15.34688487937100020986	49.49377343389644323679
-15.34688487937100020986	49.59006702957143630783
-15.30000000002299920254	49.68550193456350427823
-15.30000000002299920254	49.78756841705919811147
-15.25311512067600006048	49.89024086485002840163
-15.25311512067600006048	49.99658262448159717906
-15.21697761039500029767	50.10471288759793395684
-15.21697761039500029767	50.21334273805933179347
-15.20000000002299955781	50.32321212025207302077
-15.20000000002299955781	50.43176106404701641850
-15.20000000002299955781	50.53932172891311580543
-15.20000000002299955781	50.64539966618571753543
-15.18302238965000050541	50.75239813988152093316
-15.18302238965000050541	50.85443547871205538513
-15.14688487936900074260	50.96136087329615094177
-15.14688487936900074260	51.05783419305216597195
-15.10000000002199982418	51.16264395777493234618
-15.10000000002199982418	51.25186755473460920030
-15.05311512067500068213	51.35045023468929059618
-15.05311512067500068213	51.43061928471551169650
-15.01697761039300083041	51.51743249448065853358
-15.01697761039300083041	51.58676008063084594824
-15.00000000002100009056	51.65613947355059565325
-15.00000000002100009056	51.71305208735672209741
-15.00000000002100009056	51.76329043848819111417
-15.00000000002100009056	51.80668266739456839787
-14.98302238964899935070	51.85005675323412788202
-14.98302238964899935070	51.87951066265394928223
-14.94688487936799958788	51.91708838448633400731
-14.94688487936799958788	51.93234864667831374163
-14.90000000002100044583	51.96056137514606376726
-14.90000000002100044583	51.96149712128720921100
-14.85311512067299943851	51.97552092760090403090
-14.85311512067299943851	51.96222878081086804514
-14.81697761039199967570	51.95742657381774165515
-14.81697761039199967570	51.93034669477363962642
-14.80000000002000071220	51.90377020625653869956
-14.80000000002000071220	51.86376072098373413155
-14.80000000002000071220	51.81773698362414393159
-14.80000000002000071220	51.76599322026351046588
-14.78302238964799997234	51.71515334320626777753
-14.78302238964799997234	51.65268707990653496154
-14.74688487936700020953	51.59791283007312046038
-14.74688487936700020953	51.52570054316649361681
-14.70000000001899920221	51.46411549724942346984
-14.70000000001899920221	51.38325298013013764376
-14.65311512067200006015	51.31210750012296273326
-14.65311512067200006015	51.22389878611759428395
-14.61697761039100029734	51.14175072492783868938
-14.61697761039100029734	51.04774493362556597731
-14.60000000001799946858	50.95516738318139005059
-14.60000000001799946858	50.85711949945579135601
-14.60000000001799946858	50.75773930400173128419
-14.60000000001799946858	50.65736125419938673531
-14.58302238964600050508	50.55832221386772573624
-14.58302238964600050508	50.45654926939123896545
-14.54688487936500074227	50.35745542811707764486
-14.54688487936500074227	50.25510400657650933454
-14.50000000001799982385	50.15482406618578892221
-14.50000000001799982385	50.05284906505527686704
-14.45311512067000059290	49.95152321821261409696
-14.45311512067000059290	49.85108901171889073112
-14.41697761038900083008	49.75046543453948544311
-14.41697761038900083008	49.65294602132300383346
-14.40000000001700009022	49.55610280917745313900
-14.40000000001700009022	49.46301283891623512545
-14.40000000001700009022	49.37271444066301739895
-14.40000000001700009022	49.28547721438622630785
-14.38302238964499935037	49.19874552853168125921
-14.38302238964499935037	49.11816107444840184826
-14.34688487936399958755	49.03425345259338996584
-14.34688487936399958755	48.96119017115992022582
-14.30000000001600035660	48.88183223536573507317
-14.30000000001600035660	48.81741132635995228384
-14.25311512066899943818	48.74606903606454011424
-14.25311512066899943818	48.69164459504681019553
-14.21697761038799967537	48.63289283382949435008
-14.21697761038799967537	48.58995423455861839557
-14.20000000001600071187	48.54837772576973975447
-14.20000000001600071187	48.51839898394173644647
-14.20000000001600071187	48.49540247195960773752
-14.20000000001600071187	48.47966116669438463305
-14.18302238964299988311	48.46613471577445864114
-14.18302238964299988311	48.46566798304791490182
-14.14688487936200012030	48.46195445529266976337
-14.14688487936200012030	48.47783787346298822740
-14.10000000001499920188	48.48789382004044767882
-14.10000000001499920188	48.52116492386975465934
-14.05311512066699997092	48.54961015585383421467
-14.05311512066699997092	48.60107864192613646992
-14.01697761038600020811	48.65183167042368239663
-14.01697761038600020811	48.72186174329213770307
-14.00000000001399946825	48.79685777391869550002
-14.00000000001399946825	48.88518718351140535106
-14.00000000001399946825	48.98235014630573402883
-14.00000000001399946825	49.08814303672426149205
-13.98302238964200050475	49.19959464785797820241
-13.98302238964200050475	49.32222363268385834090
-13.94688487936100074194	49.44859517680149707530
-13.94688487936100074194	49.58717934588683107222
-13.90000000001299973462	49.73007474239446423780
-13.90000000001299973462	49.88313787339527749509
-13.85311512066600059256	50.04227302076954941867
-13.85311512066600059256	50.20754122295144128429
-13.81697761038500082975	50.37980086108348132257
-13.81697761038500082975	50.55410756510935499364
-13.80000000001300008989	50.73352950425363161457
-13.80000000001300008989	50.91288570516665856758
-13.80000000001300008989	51.09308378989756960209
-13.80000000001300008989	51.27314661251674721143
-13.78302238963999926114	51.45690499664168271465
-13.78302238963999926114	51.63424121336458938458
-13.74688487935899949832	51.82116022801207577686
-13.74688487935899949832	51.99217342783997963807
-13.70000000001200035626	52.17756786908270782988
-13.70000000001200035626	52.33817482749127236730
-13.65311512066499943785	52.51391897976134970349
-13.65311512066499943785	52.65960745604204618076
-13.61697761038399967504	52.81510627011690672816
-13.61697761038399967504	52.94117303433982613114
-13.60000000001100062264	53.06545905596782120028
-13.60000000001100062264	53.16738730656887668147
-13.60000000001100062264	53.25573003961837059705
-13.60000000001100062264	53.32969798433025232498
-13.58302238963899988278	53.39964558856877374637
-13.58302238963899988278	53.44292815328607559877
-13.54688487935800011996	53.49398237643511322403
-13.54688487935800011996	53.50417414499320756249
-13.50000000001099920155	53.52849126392185041823
-13.50000000001099920155	53.50354477459494262348
-13.45311512066299997059	53.49162626101455231264
-13.45311512066299997059	53.43015755616781348181
-13.41697761038200020778	53.37351631107107152729
-13.41697761038200020778	53.27515887557085250137
-13.40000000000999946792	53.16900823884332538682
-13.40000000000999946792	53.03468734362559899864
-13.40000000000999946792	52.88315773564310973143
-13.40000000000999946792	52.71496636093402088363
-13.38302238963800050442	52.53887236253697778920
-13.38302238963800050442	52.33875033524228115311
-13.34688487935700074161	52.13862263103327165936
-13.34688487935700074161	51.90888312510772095720
-13.30000000000899973429	51.68118636910188712363
-13.30000000000899973429	51.42496946510438959876
-13.25311512066200059223	51.16840004760597793165
-13.25311512066200059223	50.88992483382696008221
-13.21697761038100082942	50.60740259823007392015
-13.21697761038100082942	50.31205192089237243636
-13.20000000000800000066	50.01127211206370049013
-13.20000000000800000066	49.70542814144729248937
-13.20000000000800000066	49.39692351304198325579
-13.20000000000800000066	49.08718867576474309544
-13.18302238963599926080	48.77380968726063770191
-13.18302238963599926080	48.46493513782139217483
-13.14688487935499949799	48.14678664624134540873
-13.14688487935499949799	47.84337951818741174748
-13.10000000000800035593	47.52455900507879960060
-13.10000000000800035593	47.23163998952462350189
-13.05311512065999934862	46.92092559726375355922
-13.05311512065999934862	46.64392682459653372007
-13.01697761037899958581	46.35401601402193705326
-13.01697761037899958581	46.09854811383888772980
-13.00000000000700062230	45.84357103673285394052
-13.00000000000700062230	45.61500718404043652754
-13.00000000000700062230	45.40169501721894818047
-13.00000000000700062230	45.20446041368087719547
-12.98302238963499988245	45.00867094424799574881
-12.98302238963499988245	44.84521760947029633826
-12.94688487935400011963	44.66502036597175617771
-12.94688487935400011963	44.53737215026264806284
-12.90000000000599911232	44.38141766715456526526
-12.90000000000599911232	44.29141507003730993119
-12.85311512065899997026	44.17220089421346074232
-12.85311512065899997026	44.12129832628360048830
-12.81697761037800020745	44.05201980266409833575
-12.81697761037800020745	44.04098241411935532597
-12.80000000000599946759	44.03177049641400486735
-12.80000000000599946759	44.06039115667611838489
-12.80000000000599946759	44.10841609174553923367
-12.80000000000599946759	44.17544757259032905949
-12.78302238963300041519	44.24360293722461534571
-12.78302238963300041519	44.34748153863338160363
-12.74688487935200065237	44.43310930704039662942
-12.74688487935200065237	44.57210573344782034155
-12.70000000000499973396	44.68323706385501026261
-12.70000000000499973396	44.85520649499993339759
-12.65311512065800059190	45.00063089662523907464
-12.65311512065800059190	45.20276282661071576285
-12.61697761037700082909	45.38867134477180087515
-12.61697761037700082909	45.61732113495051521568
-12.60000000000400000033	45.84475583508788787412
-12.60000000000400000033	46.09544902496663354441
-12.60000000000400000033	46.35528890825897718742
-12.60000000000400000033	46.62323304581231298016
-12.58302238963199926047	46.88898421995106957638
-12.58302238963199926047	47.17081486994786132527
-12.54688487935099949766	47.44147988058398368594
-12.54688487935099949766	47.73400684289030948548
-12.50000000000400035560	48.01323636385340876132
-12.50000000000400035560	48.31289884298106329652
-12.45311512065599934829	48.60204079649061270629
-12.45311512065599934829	48.90476118666946803160
-12.41697761037499958547	49.20130239815566142170
-12.41697761037499958547	49.50252359545505953520
-12.40000000000300062197	49.80003017586513891501
-12.40000000000300062197	50.09494617152510187452
-12.40000000000300062197	50.38493954339205060933
-12.40000000000300062197	50.66917921080710840442
-12.38302238963099988212	50.94965226577699723975
-12.38302238963099988212	51.22086401817492884447
-12.34688487935000011930	51.49333057322913731468
-12.34688487935000011930	51.74950362809246229290
-12.30000000000199911199	52.01249862612227303771
-12.30000000000199911199	52.25150115504694525725
-12.25311512065499996993	52.50005629918546645740
-12.25311512065499996993	52.71966170549977448445
-12.21697761037400020712	52.94608142437429165739
-12.21697761037400020712	53.14414487165624478848
-12.20000000000099937836	53.33997888557415478772
-12.20000000000099937836	53.51470470733629980487
-12.20000000000099937836	53.67727896552658251039
-12.20000000000099937836	53.82765372334841202928
-12.18302238962900041486	53.97726263648800681949
-12.18302238962900041486	54.10370191818616092405
-12.14688487934800065204	54.24396418383359019799
-12.14688487934800065204	54.34718929352663963073
-12.10000000000099973363	54.47394209893806760192
-12.10000000000099973363	54.55478335190621663742
-12.05311512065300050267	54.66102739024360346320
-12.05311512065300050267	54.72050340500666720800
-12.01697761037200073986	54.79850164035087090042
-12.01697761037200073986	54.83792867361008660509
-12.00000000000000000000	54.88168789830723426348
-12.00000000000000000000	54.90275649995547269100
-12.00000000000000000000	54.91539904888972500885
-12.00000000000000000000	54.92017599113513171005
-11.98302238962799926014	54.91765638266834059777
-11.98302238962799926014	54.90841201060536747036
-11.94688487934699949733	54.89301147361780408573
-11.94688487934699949733	54.87201427871952574833
-11.90000000000000035527	54.84596501374345933755
-11.90000000000000035527	54.81538765636021537375
-11.85311512065299943686	54.78078008132462173307
-11.85311512065299943686	54.74260882773199909934
-11.81697761037199967404	54.70130418738794730871
-11.81697761037199967404	54.65725567392262718158
-11.80000000000000071054	54.61080792999909050423
-11.80000000000000071054	54.56225712687572837467
-11.80000000000000071054	54.51184790669544355524
-11.80000000000000071054	54.45977091321158525261
-11.78302238962799997068	54.40616095125793094667
-11.78302238962799997068	54.35109580917259819444
-11.74688487934700020787	54.29459577165199135607
-11.74688487934700020787	54.23662384320819995764
-11.69999999999999928946	54.17708669461055137617
-11.69999999999999928946	54.11583633649660640685
-11.65311512065300014740	54.05267251583516951996
-11.65311512065300014740	53.98734582221700151194
-11.61697761037200038459	53.91956148214612198899
-11.61697761037200038459	53.84898381071830186784
-11.59999999999999964473	53.77524128141973847050
-11.59999999999999964473	53.69793216637478394659
-11.59999999999999964473	53.61663069133297199187
-11.59999999999999964473	53.53089364212812029109
-11.58302238962800068123	53.44026735237628145114
-11.58302238962800068123	53.34429499591113454926
-11.54688487934699914206	53.24252410198382534645
-11.54688487934699914206	53.13451420667044544643
-11.50000000000000000000	53.01984455031514897883
-11.50000000000000000000	52.89812172826036373863
-11.45311512065300085794	52.76898720063568504202
-11.45311512065300085794	52.63212456663820404401
-11.41697761037199931877	52.48726650956943018400
-11.41697761037199931877	52.33420132091367094063
-11.40000000000000035527	52.17277891494923380833
-11.40000000000000035527	52.00291624976191684482
-11.40000000000000035527	51.82460207604886903709
-11.40000000000000035527	51.63790094171274347445
-11.38302238962799961541	51.44295638788898372695
-11.38302238962799961541	51.23999328064669356309
-11.34688487934699985260	51.02931923206389797087
-11.34688487934699985260	50.81132507459835778718
-11.30000000000000071054	50.58648436353847444025
-11.30000000000000071054	50.35535189370003905651
-11.25311512065299979213	50.11856122829739490498
-11.25311512065299979213	49.87682124991997056895
-11.21697761037200002932	49.63091175563825885320
-11.21697761037200002932	49.38167813029593133933
-11.19999999999999928946	49.13002514386207764119
-11.19999999999999928946	48.87690993016708063124
-11.19999999999999928946	48.62333421527548438235
-11.19999999999999928946	48.37033587401229084435
-11.18302238962700023706	48.11897990261566349091
-11.18302238962700023706	47.87034890400519770992
-11.14688487934700056314	47.62553318960995341058
-11.14688487934700056314	47.38562060798249575555
-11.09999999999999964473	47.15168621543823945785
-11.09999999999999964473	46.92478190762088274823
-11.05311512065300050267	46.70592613313881713566
-11.05311512065300050267	46.49609381119579865072
-11.01697761037200073986	46.29620657442099940226
-11.01697761037200073986	46.10712345587772631461
-11.00000000000000000000	45.92963213550377332695
-11.00000000000000000000	45.76444085603618816549
-11.00000000000000000000	45.61217111184630823573
-11.00000000000000000000	45.47335120612067527190
-10.98302238962699917124	45.34841076255435865505
-10.98302238962699917124	45.23767626727511981244
-10.94688487934699949733	45.14136770520673991314
-10.94688487934699949733	45.05959634263925295272
-10.90000000000000035527	44.99236369454840911430
-10.90000000000000035527	44.93956170135233918472
-10.85311512065199934796	44.90097412547773814140
-10.85311512065199934796	44.87627916350390933076
-10.81697761037199967404	44.86505325494194096336
-10.81697761037199967404	44.86677605406961077961
-10.79999999999900062164	44.88083651686571329265
-10.79999999999900062164	44.90654004115172170941
-10.79999999999900062164	44.94311658473390025392
-10.79999999999900062164	44.98972967381656218322
-10.78302238962699988178	45.04548620239241074614
-10.78302238962699988178	45.10944691286144347941
-10.74688487934700020787	45.18063743892719230644
-10.74688487934700020787	45.25805978399393580958
-10.69999999999899920056	45.34070410195116807017
-10.69999999999899920056	45.42756064247328140482
-10.65311512065200005850	45.51763171985693645638
-10.65311512065200005850	45.60994356301697649769
-10.61697761037200038459	45.70355790459592526531
-10.61697761037200038459	45.79758316922155358952
-10.59999999999899955583	45.89118512475849342991
-10.59999999999899955583	45.98359686590921313609
-10.59999999999899955583	46.07412800667054852966
-10.59999999999899955583	46.16217296686634341540
-10.58302238962700059233	46.24721824815728865588
-10.58302238962700059233	46.32884860645825142456
-10.54688487934600082951	46.40675204043658652608
-10.54688487934600082951	46.48072352957111519345
-10.49999999999899991110	46.55066746995462523273
-10.49999999999899991110	46.61659877144606412003
-10.45311512065200076904	46.67864259573311613849
-10.45311512065200076904	46.73703273115670242532
-10.41697761037099922987	46.79210861657465869712
-10.41697761037099922987	46.84431104289885183789
-10.39999999999900026637	46.89417657702475850101
-10.39999999999900026637	46.94233076848266250636
-10.39999999999900026637	46.98948021408022412970
-10.39999999999900026637	47.03640356988687898365
-10.38302238962699952651	47.08394161295404956036
-10.38302238962699952651	47.13298646700404503918
-10.34688487934599976370	47.18447011680390801303
-10.34688487934599976370	47.23935234493251300592
-10.29999999999900062164	47.29860823203361519518
-10.29999999999900062164	47.36321536732712900175
-10.25311512065199970323	47.43414092005047422163
-10.25311512065199970323	47.51232872456746036960
-10.21697761037099994041	47.59868653208453537218
-10.21697761037099994041	47.69407358024585619205
-10.19999999999899920056	47.79928862835684100219
-10.19999999999899920056	47.91505860065132083037
-10.19999999999899920056	48.04202797293345383878
-10.19999999999899920056	48.18074902917783219891
-10.18302238962700023706	48.33167310436791552775
-10.18302238962700023706	48.49514291811942001686
-10.14688487934600047424	48.67138609061888843144
-10.14688487934600047424	48.86050991826863310052
-10.09999999999899955583	49.06249747134495464707
-10.09999999999899955583	49.27720506013514523147
-10.05311512065200041377	49.50436109961846398164
-10.05311512065200041377	49.74356638600296065533
-10.01697761037100065096	49.99429578153339548408
-10.01697761037100065096	50.25590128715798243775
-9.99999999999909938708	50.52761646609400258967
-9.99999999999909938708	50.80856216527277524619
-9.99999999999909938708	51.09775346627312586634
-9.99999999999909938708	51.39410778286347891708
-9.98302238962699917124	51.69645400884522956630
-9.98302238962699917124	52.00354260769311309787
-9.94688487934620013675	52.31405652467191913502
-9.94688487934620013675	52.62662279280797861247
-9.89999999999909974235	52.93982469642104859986
-9.89999999999909974235	53.25221434997159519753
-9.85311512065199934796	53.56232554582000204846
-9.85311512065199934796	53.86868672217538289715
-9.81697761037120031347	54.16983390205661663686
-9.81697761037120031347	54.46432345549588660560
-9.79999999999910009763	54.75074454046131933183
-9.79999999999910009763	55.02773108301228432993
-9.79999999999900062164	55.29397316395647266063
-9.79999999999900062164	55.54822768765972540450
-9.78302238962690040580	55.78932821855278234580
-9.78302238962690040580	56.01619388215012662613
-9.74688487934609959495	56.22783723989437021373
-9.74688487934609959495	56.42337106069780361395
-9.69999999999899920056	56.60201392649111085120
-9.69999999999899920056	56.76309462421715323899
-9.65311512065190058252	56.90605529232500714443
-9.65311512065190058252	57.03045330572204818509
-9.61697761037109977167	57.13596189912024669866
-9.61697761037109977167	57.22236954455998159119
-9.59999999999899955583	57.28957811440309910722
-9.59999999999899955583	57.33759987605682795220
-9.59999999999899955583	57.36655337892788963927
-9.59999999999899955583	57.37665830742926686980
-9.58302238962679986400	57.36822938610052347030
-9.58302238962679986400	57.34166943390174964179
-9.54688487934600082951	57.29746167436270098960
-9.54688487934600082951	57.23616141639426757592
-9.49999999999890043512	57.15838722709928276799
-9.49999999999890043512	57.06481172277836577678
-9.45311512065180004072	56.95615210745761913813
-9.45311512065180004072	56.83316058963946915128
-9.41697761037099922987	56.69661480758679772407
-9.41697761037099922987	56.54730839131057962277
-9.39999999999890079039	56.38604178558246360353
-9.39999999999890079039	56.21361345279764520910
-9.39999999999890079039	56.03081156745561486332
-9.39999999999890079039	55.83840630551096495537
-9.38302238962669932221	55.63714282199849492372
-9.38302238962669932221	55.42773499929808167508
-9.34688487934590028772	55.21086003633273975311
-9.34688487934590028772	54.98715393605900914054
-9.29999999999879989332	54.75720793499408500793
-9.29999999999879989332	54.52156590441994410412
-9.25311512065169949892	54.28072273850722950783
-9.25311512065169949892	54.03512373011102454257
-9.21697761037090046443	53.78516492060698084288
-9.21697761037090046443	53.53119439605823970396
-9.19999999999880024859	53.27351448842405545747
-9.19999999999880024859	53.01238482762609294241
-9.19999999999880024859	52.74802617825435646637
-9.19999999999880024859	52.48062498368398109960
-9.18302238962660055677	52.21033853053696560664
-9.18302238962660055677	51.93730063789045203748
-9.14688487934579974592	51.66162776851983551296
-9.14688487934579974592	51.38342545386472437485
-9.09999999999869935152	51.10279492039138915516
-9.09999999999869935152	50.81983980264709543917
-9.05311512065170020946	50.53467282758842316071
-9.05311512065170020946	50.24742235572083615125
-9.01697761037089939862	49.95823866719329231501
-9.01697761037089939862	49.66729988520715011191
-8.99999999999869970679	49.37481743486007701449
-8.99999999999869970679	49.08104094276818329945
-8.99999999999869970679	48.78626249138741144407
-8.99999999999869970679	48.49082015176543336565
-8.98302238962650001497	48.19510072935612043921
-8.98302238962650001497	47.89954166936499291296
-8.94688487934569920412	47.60463208069644025500
-8.94688487934569920412	47.31091285076388430753
-8.89999999999870006206	47.01897583701325800121
-8.89999999999870006206	46.72946213480790333961
-8.85311512065159966767	46.44305943513134593559
-8.85311512065159966767	46.16049849918968561724
-8.81697761037080063318	45.88254879024347587801
-8.81697761037080063318	45.61001331568304095754
-8.79999999999859916500	45.34372274430069182927
-8.79999999999859916500	45.08452887473992376499
-8.79999999999859916500	44.83329754105769637818
-8.79999999999859916500	44.59090105008050386459
-8.78302238962650072551	44.35821025264266381782
-8.78302238962650072551	44.13608635676026636929
-8.74688487934569991467	43.92537259522975290338
-8.74688487934569991467	43.72688586298230006832
-8.69999999999859952027	43.54140844072993132841
-8.69999999999859952027	43.36967992098784208110
-8.65311512065149912587	43.21238945045267598744
-8.65311512065149912587	43.07016839898391680208
-8.61697761037070009138	42.94358356012550359537
-8.61697761037070009138	42.83313098128698470646
-8.59999999999850039956	42.73923051347093604591
-8.59999999999850039956	42.66222116089775084902
-8.59999999999850039956	42.60235730017050315155
-8.59999999999850039956	42.55980582688869162666
-8.58302238962640018372	42.53464427502139955095
-8.58302238962640018372	42.52685994106168010376
-8.54688487934559937287	42.53635003118913715525
-8.54688487934559937287	42.56292283555691824404
-8.49999999999850075483	42.60629991959022078163
-8.49999999999850075483	42.66611930803281182989
-8.45311512065140036043	42.74193962360452303528
-8.45311512065140036043	42.83324512873057443585
-8.41697761037059954958	42.93945160606044453289
-8.41697761037059954958	43.05991300159092105559
-8.39999999999839985776	43.19392874331215637085
-8.39999999999839985776	43.34075163856398660300
-8.39999999999839985776	43.49959624486023557211
-8.39999999999839985776	43.66964760193525307841
-8.38302238962629964192	43.85007020729085525090
-8.38302238962629964192	44.04001711365672377951
-8.34688487934550060743	44.23863902458195695999
-8.34688487934550060743	44.44509326388924819184
-8.29999999999840021303	44.65855249595830400722
-8.29999999999840021303	44.87821307675415027916
-8.25311512065129981863	45.10330292014438668957
-8.25311512065129981863	45.33308877030221140103
-8.21697761037050078414	45.56688277879057125119
-8.21697761037050078414	45.80404829416659850949
-8.19999999999840056830	46.04400478251504580385
-8.19999999999840056830	46.28623180907649015126
-8.19999999999840056830	46.53027202392420491606
-8.19999999999840056830	46.77573310829405528466
-8.18302238962620087648	47.02228865250157241462
-8.18302238962620087648	47.26967795119711723828
-8.14688487934540006563	47.51770471681440000111
-8.14688487934540006563	47.76623472725509600423
-8.09999999999829967123	48.01519243891603139218
-8.09999999999829967123	48.26455661090075466291
-8.05311512065119927684	48.51435500046133597607
-8.05311512065119927684	48.76465820319416621942
-8.01697761037040024235	49.01557272407804788372
-8.01697761037040024235	49.26723337691927895321
-7.99999999999830002650	49.51979511999540761735
-7.99999999999830002650	49.77342444452165892699
-7.99999999999830002650	50.02829043987466661747
-7.99999999999830002650	50.28455566519038200113
-7.98302238962610033468	50.54236696092014824444
-7.98302238962610033468	50.80184633611884237325
-7.94688487934530041201	51.06308206761075751956
-7.94688487934530041201	51.32612014571781600125
-7.89999999999820001761	51.59095619794851472761
-7.89999999999820001761	51.85752801696828129252
-7.85311512065109962322	52.12570881235924247221
-7.85311512065109962322	52.39530129720971984852
-7.81697761037029970055	52.66603271055362256448
-7.81697761037029970055	52.93755086523066921700
-7.79999999999820037289	53.20942129800201314538
-7.79999999999820037289	53.48112558489363976832
-7.79999999999820037289	53.75206086992638176980
-7.79999999999820037289	54.02154063981600984334
-7.78302238962599979288	54.28879676108920193656
-7.78302238962599979288	54.55298277956845254266
-7.74688487934519987022	54.81317846554499340073
-7.74688487934519987022	55.06839557139858243318
-7.69999999999810036400	55.31758475215291070981
-7.69999999999810036400	55.55964358368727573634
-7.65311512065099996960	55.79342559826641689824
-7.65311512065099996960	56.01775024289919002740
-7.61697761037020004693	56.23141365297984606286
-7.61697761037020004693	56.43320012187761847144
-7.59999999999809983109	56.62189413677811700154
-7.59999999999809983109	56.79629284228388996780
-7.59999999999809983109	56.95521878617194744265
-7.59999999999809983109	57.09753279638117362538
-7.58302238962590013927	57.22214683483926478402
-7.58302238962590013927	57.32803667218912835324
-7.54688487934510021660	57.41425422786696941557
-7.54688487934510021660	57.47993942232206165954
-7.49999999999799982220	57.52433139242960180582
-7.49999999999799982220	57.54677892728797417021
-7.45311512065099979196	57.54674998953908726662
-7.45311512065099979196	57.52384019701349160414
-7.41697761037019986929	57.47778015076450941478
-7.41697761037019986929	57.40844150828361591721
-7.39999999999800017747	57.31584171472702138317
-7.39999999999800017747	57.20014732016217351429
-7.39999999999800017747	57.06167582697500506583
-7.39999999999800017747	56.90089602846882144149
-7.38302238962589996163	56.71842681712485045864
-7.38302238962589996163	56.51503445876985409768
-7.34688487934510003896	56.29162834678801630162
-7.34688487934510003896	56.04925526830402304768
-7.29999999999799964456	55.78909223173165798926
-7.29999999999799964456	55.51243792201429982924
-7.25311512065090013834	55.22070286607084454999
-7.25311512065090013834	54.91539840620619372658
-7.21697761037010021568	54.59812459336139767174
-7.21697761037010021568	54.27055712489343619609
-7.19999999999789963567	53.93443346293226170474
-7.19999999999789963567	53.59153827912520284826
-7.19999999999789963567	53.24368837962881428894
-7.19999999999789963567	52.89271727044931026285
-7.18302238962580030801	52.54045952759097559692
-7.18302238962580030801	52.18873513889731441395
-7.14688487934500038534	51.83933398493586963696
-7.14688487934500038534	51.49400062478228079499
-7.09999999999789999094	51.15441954912431299363
-7.09999999999789999094	50.82220105777843599526
-7.05311512065079959655	50.49886791155846310630
-7.05311512065079959655	50.18584289954919341881
-7.01697761036999967388	49.88443745232992654337
-7.01697761036999967388	49.59584141969415327367
-6.99999999999779998205	49.32111411807222367543
-6.99999999999779998205	49.06117673834765469110
-6.99999999999779998205	48.81680618924378478596
-6.99999999999779998205	48.58863043513466095646
-6.98302238962569976621	48.37712537020171765789
-6.98302238962569976621	48.18261325351961943397
-6.94688487934489984355	48.00526271212051199200
-6.94688487934489984355	47.84509030156377917820
-6.89999999999780033733	47.70196359623801640737
-6.89999999999780033733	47.57560576474590874341
-6.85311512065069994293	47.46560156946954833757
-6.85311512065069994293	47.37140471397089669381
-6.81697761036990002026	47.29234644742753346236
-6.81697761036990002026	47.22764532200073261947
-6.79999999999770032844	47.17641798702984345937
-6.79999999999770032844	47.13769089337554873964
-6.79999999999770032844	47.11041277220723344499
-6.79999999999770032844	47.09346774514018107993
-6.78302238962560011259	47.08568891694843472351
-6.78302238962560011259	47.08587229816034636087
-6.74688487934480018993	47.09279090271502354881
-6.74688487934480018993	47.10520886552642139122
-6.69999999999769979553	47.12189542625252158814
-6.69999999999769979553	47.14163862876473842789
-6.65311512065060028931	47.16325859069912951327
-6.65311512065060028931	47.18562020397074974198
-6.61697761036980036664	47.20764513514939153538
-6.61697761036980036664	47.22832300401656624445
-6.59999999999770015080	47.24672162932179020345
-6.59999999999770015080	47.26199624258869391724
-6.59999999999770015080	47.27339758363454080836
-6.59999999999770015080	47.28027880509561242661
-6.58302238962549957080	47.28210112752552163329
-6.58302238962549957080	47.27843820137512409474
-6.54688487934469964813	47.26897914719238968928
-6.54688487934469964813	47.25353026051671889718
-6.49999999999760014191	47.23201538300509838564
-6.49999999999760014191	47.20447495614112654039
-6.45311512065049974751	47.17106378827195811709
-6.45311512065049974751	47.13204757952996004633
-6.41697761036969982484	47.08779826227265630223
-6.41697761036969982484	47.03878822687421035198
-6.39999999999759960900	46.98558351389723952707
-6.39999999999759960900	46.92883606374908822545
-6.39999999999759960900	46.86927512378566262896
-6.39999999999759960900	46.80769792038457666195
-6.38302238962539991718	46.74495970970484393092
-6.38302238962539991718	46.68196332563442751962
-6.34688487934459999451	46.61964834677234392757
-6.34688487934459999451	46.55898000618658727490
-6.29999999999749960011	46.50093796814149271768
-6.29999999999749960011	46.44650509502208990398
-6.25311512065040009389	46.39665632534019579225
-6.25311512065040009389	46.35234778004532785189
-6.21697761036960017123	46.31450620945414442531
-6.21697761036960017123	46.28401888704252797879
-6.19999999999749995538	46.26172404921116054766
-6.19999999999749995538	46.24840197204869696179
-6.19999999999749995538	46.24476676719390866310
-6.19999999999749995538	46.25145896926506594582
-6.18302238962530026356	46.26903897711266466786
-6.18302238962530026356	46.29798140049529564521
-6.14688487934450034089	46.33867035281515001088
-6.14688487934450034089	46.39139571941664996757
-6.09999999999739994649	46.45635041978483315006
-6.09999999999739994649	46.53362867091176013901
-6.05311512065039991626	46.62322524825733438547
-6.05311512065039991626	46.72503573023642786666
-6.01697761036959999359	46.83885770213100840920
-6.01697761036959999359	46.96439288585800397868
-5.99999999999740030177	47.10125015321587937933
-5.99999999999740030177	47.24894937216750889775
-5.99999999999740030177	47.40692602846647218939
-5.99999999999740030177	47.57453655855593410706
-5.98302238962519972176	47.75106432421061697369
-5.98302238962519972176	47.93572615488565702435
-5.94688487934439979909	48.12767938020067504112
-5.94688487934439979909	48.32602927243082291398
-5.89999999999739976886	48.52983681729190834631
-5.89999999999739976886	48.73812673067696721318
-5.85311512065030026264	48.94989563929639331263
-5.85311512065030026264	49.16412034435330724591
-5.81697761036950033997	49.37976608939964506817
-5.81697761036950033997	49.59579475630808076403
-5.79999999999729975997	49.81117291679318981323
-5.79999999999729975997	50.02487967104990218559
-5.79999999999729975997	50.23591420976955390643
-5.79999999999729975997	50.44330304096150996429
-5.78302238962520043231	50.64610682856731926904
-5.78302238962520043231	50.84342679571741285827
-5.74688487934439962146	51.03441065156255973534
-5.74688487934439962146	51.21825800682768914385
-5.69999999999730011524	51.39422524950221315976
-5.69999999999730011524	51.56162985831940659409
-5.65311512065019972084	51.71985413781286666790
-5.65311512065019972084	51.86834836470156773203
-5.61697761036939979817	52.00663334108334368011
-5.61697761036939979817	52.13430235535339818398
-5.59999999999720010635	52.25102255686116592415
-5.59999999999720010635	52.35653575503394563384
-5.59999999999720010635	52.45065865799675464132
-5.59999999999720010635	52.53328256957978936725
-5.58302238962509989051	52.60437256701069230758
-5.58302238962509989051	52.66396618453095612722
-5.54688487934429996784	52.71217163065236377406
-5.54688487934429996784	52.74916556878742568415
-5.49999999999719957344	52.77519049256130756476
-5.49999999999719957344	52.79055172826021191668
-5.45311512065010006722	52.79561409761947743391
-5.45311512065010006722	52.79079827453282547367
-5.41697761036930014455	52.77657686930705693840
-5.41697761036930014455	52.75347027383126885525
-5.39999999999709956455	52.72204230051650597488
-5.39999999999709956455	52.68289564713077055558
-5.39999999999709956455	52.63666721874861309516
-5.39999999999709956455	52.58402333699389430421
-5.38302238962500023689	52.52565486562006924487
-5.38302238962500023689	52.46227228028154598860
-5.34688487934420031422	52.39460070913883527055
-5.34688487934420031422	52.32337496974015778051
-5.29999999999709991982	52.24933462646219339831
-5.29999999999709991982	52.17321909169574922771
-5.25311512065000041360	52.09576279294753220483
-5.25311512065000041360	52.01769042711111268318
-5.21697761036919960276	51.93971232234690660334
-5.21697761036919960276	51.86251992730672810694
-5.19999999999710027510	51.78678144684112538698
-5.19999999999710027510	51.71313764283085845364
-5.19999999999710027510	51.64219781837673650671
-5.19999999999710027510	51.57453600324797804433
-5.18302238962489969509	51.51068735820987143370
-5.18302238962489969509	51.45114481560319319442
-5.14688487934409977242	51.39635597330565985885
-5.14688487934409977242	51.34672025894123947865
-5.09999999999700026621	51.30258638088848499592
-5.09999999999700026621	51.26425008224376256294
-5.05311512064989987181	51.23195221339049254539
-5.05311512064989987181	51.20587713818247976860
-5.01697761036909994914	51.18615148794194169568
-5.01697761036909994914	51.17284327647567465647
-4.99999999999699973330	51.16596138810579930123
-4.99999999999699973330	51.16545544927614486141
-4.99999999999699973330	51.17121609261958781190
-4.99999999999699973330	51.18307562044567049497
-4.98302238962480004147	51.20080907243047363409
-4.98302238962480004147	51.22413569986213843777
-4.94688487934400011881	51.25272084612583967100
-4.94688487934400011881	51.28617823021403410166
-4.89999999999689972441	51.32407262694195537733
-4.89999999999689972441	51.36592293425981381461
-4.85311512064980021819	51.41120561461369220524
-4.85311512064980021819	51.45935849375207027379
-4.81697761036900029552	51.50978489674589155811
-4.81697761036900029552	51.56185809733222669138
-4.79999999999690007968	51.61492605305313219333
-4.79999999999690007968	51.66831639509437223978
-4.79999999999690007968	51.72134163828604158653
-4.79999999999690007968	51.77330457346480585556
-4.78302238962470038786	51.82350380136874434811
-4.78302238962470038786	51.87123936449705041696
-4.74688487934389957701	51.91581843096933823745
-4.74688487934389957701	51.95656098241418874295
-4.69999999999680007079	51.99280545635112815717
-4.69999999999680007079	52.02391429244576670499
-4.65311512064969967639	52.04927933145359020273
-4.65311512064969967639	52.06832701565338794580
-4.61697761036889975372	52.08052334013343909191
-4.61697761036889975372	52.08537850544750824611
-4.59999999999680042606	52.08245122391545578466
-4.59999999999680042606	52.07135263420421011915
-4.59999999999680042606	52.05174978178311562260
-4.59999999999680042606	52.02336862638682646320
-4.58302238962459984606	51.98599654171451334150
-4.58302238962459984606	51.93948427721262817158
-4.54688487934379992339	51.88374735688832828373
-4.54688487934379992339	51.81876689563193849608
-4.49999999999670041717	51.74458981943220692301
-4.49999999999670041717	51.66132848208275873958
-4.45311512064970038693	51.56915967743237416698
-4.45311512064970038693	51.46832305284854669480
-4.41697761036889957609	51.35911893626371949040
-4.41697761036889957609	51.24190559587235327399
-4.39999999999669988426	51.11709595815883488967
-4.39999999999669988426	50.98515381637443510954
-4.39999999999669988426	50.84658956775863458688
-4.39999999999669988426	50.70195552363097135640
-4.38302238962459966842	50.55184084188156390383
-4.38302238962459966842	50.39686613628202138671
-4.34688487934379974575	50.23767782134985537823
-4.34688487934379974575	50.07494225516158081746
-4.29999999999670023954	49.90933974546085494239
-4.29999999999670023954	49.74155848659730594363
-4.25311512064959984514	49.57228849621535715642
-4.25311512064959984514	49.40221562115786468894
-4.21697761036879992247	49.23201568173407594031
-4.21697761036879992247	49.06234882231466798430
-4.19999999999660023065	48.89385413415782011270
-4.19999999999660023065	48.72714461345268688319
-4.19999999999660023065	48.56280251381307522252
-4.19999999999660023065	48.40137514790072259530
-4.18302238962450001480	48.24337118755076403431
-4.18302238962450001480	48.08925750577033397803
-4.14688487934370009214	47.93945659735141617830
-4.14688487934370009214	47.79434460766068326620
-4.09999999999659969774	47.65424999152645568756
-4.09999999999659969774	47.51945281613134852705
-4.05311512064950019152	47.39018471353821837511
-4.05311512064950019152	47.26662948003254882678
-4.01697761036870026885	47.14892431096482283692
-4.01697761036870026885	47.03716165133473481319
-3.99999999999660005301	46.93139163408589809023
-3.99999999999660005301	46.83162507008810138132
-3.99999999999660005301	46.73783694618322215319
-3.99999999999660005301	46.64997038056593225974
-3.98302238962449983717	46.56794097826290368403
-3.98302238962449983717	46.49164152365697333380
-3.94688487934390019873	46.42094694196283910514
-3.94688487934390019873	46.35571945737352450578
-3.89999999999700008857	46.29581387232953915145
-3.89999999999700008857	46.24108289006863969917
-3.85311512065000005833	46.19138240133670336718
-3.85311512065000005833	46.14657665590779345166
-3.81697761036939997581	46.10654324038993934209
-3.81697761036939997581	46.07117778568357380209
-3.79999999999730020406	46.04039833039970375239
-3.79999999999730020406	46.01414927050683445486
-3.79999999999730020406	45.99240483041977967105
-3.79999999999730020406	45.97517199661363918040
-3.78302238962519998822	45.96249286157636504413
-3.78302238962519998822	45.95444633342230389417
-3.74688487934459990569	45.95114917468677617762
-3.74688487934459990569	45.95275634260612918069
-3.69999999999769979553	45.95946061244902836052
-3.69999999999769979553	45.97149147508504540838
-3.65311512065080012945	45.98911330983175105303
-3.65311512065080012945	46.01262284358445242560
-3.61697761037020004693	46.04234591717064262184
-3.61697761037020004693	46.07863358965439459780
-3.59999999999809983109	46.12185762081106332744
-3.59999999999809983109	46.17240538107292024961
-3.59999999999809983109	46.23067424678589532050
-3.59999999999809983109	46.29706554649909122645
-3.58302238962600005934	46.37197813112095445831
-3.58302238962600005934	46.45580164701723191456
-3.54688487934539997681	46.54890959640547976051
-3.54688487934539997681	46.65165227363964817187
-3.49999999999849986665	46.76434966911001822609
-3.49999999999849986665	46.88728443445707227966
-3.45311512065160020057	47.02069500357472975338
-3.45311512065160020057	47.16476896343855429450
-3.41697761037100011805	47.31963676713064614887
-3.41697761037100011805	47.48536587855676316394
-3.39999999999889990221	47.66195543428840863953
-3.39999999999889990221	47.84933150275529101236
-3.39999999999889990221	48.04734301471987123477
-3.39999999999889990221	48.25575843165735534512
-3.38302238962680013046	48.47426321042780728021
-3.38302238962680013046	48.70245811356088694311
-3.34688487934610012786	48.93985840468875636589
-3.34688487934610012786	49.18589395827891763702
-3.29999999999920001770	49.43991030196612967984
-3.29999999999920001770	49.70117059859667563160
-3.25311512065219998746	49.96885856372071543774
-3.25311512065219998746	50.24208230284416032418
-3.21697761037149998486	50.51987904142582408440
-3.21697761037149998486	50.80122070952548796186
-3.19999999999940021311	51.08502033231571459737
-3.19999999999940021311	51.37013916750498054853
-3.19999999999940021311	51.65539452121376484683
-3.19999999999940021311	51.93956816512395846530
-3.18302238962729999727	52.22141526990046145329
-3.18302238962729999727	52.49967376306530297825
-3.14688487934650007460	52.77307401378168805195
-3.14688487934650007460	53.04034874245397190862
-3.09999999999940012430	53.30024304973328952428
-3.09999999999940012430	53.55152445748324652186
-3.05311512065230017399	53.79299285353645387886
-3.05311512065230017399	54.02349023267342431609
-3.01697761037149980723	54.24191012817672685742
-3.01697761037149980723	54.44720663153416495561
-2.99999999999940003548	54.63840290234662688817
-2.99999999999940003548	54.81459907618543780927
-2.99999999999940003548	54.97497948496894792925
-2.99999999999940003548	55.11881911230488384490
-2.98302238962719989956	55.24548921507349774629
-2.98302238962719989956	55.35446205219596294000
-2.94688487934639997690	55.44531467192031470859
-2.94688487934639997690	55.51773171993077937714
-2.89999999999939994666	55.57150724200725733226
-2.89999999999939994666	55.60654546668297371070
-2.85311512065229999635	55.62286056522207644548
-2.85311512065229999635	55.62057539811257811380
-2.81697761037150007368	55.59991926899284209185
-2.81697761037150007368	55.56122471835281828589
-2.79999999999929993777	55.50492340032859317489
-2.79999999999929993777	55.43154109630182091450
-2.79999999999929993777	55.34169192869314457539
-2.79999999999929993777	55.23607184717823059827
-2.78302238962720016602	55.11545146744684586793
-2.78302238962720016602	54.98066834947110237408
-2.74688487934639979926	54.83261880796490572720
-2.74688487934639979926	54.67224935223349291391
-2.69999999999929984895	54.50054785587777672617
-2.69999999999929984895	54.31853455879551262342
-2.65311512065219989864	54.12725300459241850604
-2.65311512065219989864	53.92776101587811865556
-2.61697761037139997597	53.72112180799143033028
-2.61697761037139997597	53.50839533850797380410
-2.59999999999919984006	53.29062998548155860590
-2.59999999999919984006	53.06885464182327183380
-2.59999999999919984006	52.84407130660978424430
-2.59999999999919984006	52.61724824652915799561
-2.58302238962710006831	52.38931379222535156259
-2.58302238962710006831	52.16115082510969358509
-2.54688487934640006571	51.93359200039645173774
-2.54688487934640006571	51.70741574182567035223
-2.49999999999940003548	51.48334303290054947411
-2.49999999999940003548	51.26203501863471245770
-2.45311512065240000524	51.04409142092306694849
-2.45311512065240000524	50.83004975986645490593
-2.41697761037170000264	50.62038536283975531660
-2.41697761037170000264	50.41551213293641353630
-2.39999999999959978680	50.21578403878526586368
-2.39999999999959978680	50.02149727874466123012
-2.39999999999959978680	49.83289306425270837053
-2.39999999999959978680	49.65016095975775556326
-2.38302238962750001505	49.47344271026335604802
-2.38302238962750001505	49.30283648217922376489
-2.34688487934680001246	49.13840143893734335734
-2.34688487934680001246	48.98016256976272586598
-2.29999999999979998222	48.82811568811277425084
-2.29999999999979998222	48.68223251563634335071
-2.25311512065279995198	48.54246576805147839195
-2.25311512065279995198	48.40875416108414697192
-2.21697761037200002932	48.28102725751352153338
-2.21697761037200002932	48.15921008038417738817
-2.19999999999989981347	48.04322742250580802192
-2.19999999999989981347	47.93300778838742814969
-2.19999999999989981347	47.82848691165272470016
-2.19999999999989981347	47.72961079865130074040
-2.18302238962780004172	47.63633825730178728008
-2.18302238962780004172	47.54864287905331821094
-2.14688487934700011905	47.46651445110042288889
-2.14688487934700011905	47.38995978549706222793
-2.10000000000000008882	47.31900296144849704660
-2.10000000000000008882	47.25368498667477012987
-2.05311512065290013851	47.19406289319620384504
-2.05311512065290013851	47.14020829205276186258
-2.01697761037210021584	47.08700338197254353645
-2.01697761037210021584	47.04494668279097879804
-2.00000000000000000000	46.92404991724684037990
-2.00000000000000000000	46.89419517256698810570
-2.00000000000000000000	46.87060105199524429054
-2.00000000000000000000	46.85337114924867307764
-1.98302238962780008613	46.61917776110890088148
-1.98302238962780008613	46.61499109982376864991
-1.94688487934690002135	45.95007080436229784937
-1.94688487934690002135	45.95889400462909435419
-1.89999999999969992892	45.10790604983377960480
-1.89999999999969992892	45.12924620375579820575
-1.85311512065250005854	44.28938577022337597100
-1.85311512065250005854	44.32251257880928108079
-1.81697761037169991383	43.69159530993159989976
-1.81697761037169991383	43.73580348860659938737
-1.79999999999949999996	43.46997121202656444439
-1.79999999999949999996	43.52476795660578545721
-1.79999999999949999996	43.58474434294505783782
-1.79999999999949999996	43.64963773608826613781
-1.78302238962730008609	43.40111057618489809329
-1.78302238962730008609	43.47421238896676243257
-1.74688487934640002130	42.87119662057021685087
-1.74688487934640002130	42.95004166141227841536
-1.69999999999919992888	42.14534835756670361206
-1.69999999999919992888	42.22751111362121179127
-1.65311512065200005850	41.42060058202865491239
-1.65311512065200005850	41.50406468890967914831
-1.61697761037109999371	40.89809858923397456465
-1.61697761037109999371	40.98144818254777277389
-1.59999999999890007985	40.73880333038466972084
-1.59999999999890007985	40.82117856417610113340
-1.59999999999890007985	40.90284310664237210631
-1.59999999999890007985	40.98337145829275129927
-1.58302238962680008605	40.73275262583105416070
-1.58302238962680008605	40.80898856892351034276
-1.54688487934590002126	40.17795713436159843468
-1.54688487934590002126	40.24770649752661455523
-1.49999999999869992884	39.39582597702326438593
-1.49999999999869992884	39.45775847948592485182
-1.45311512065150005846	38.59393256149059681093
-1.45311512065150005846	38.64762690446915627263
-1.41697761037059999367	37.98428962225698768407
-1.41697761037059999367	38.03006348916653678316
-1.39999999999840007980	37.73613404297117313035
-1.39999999999840007980	37.77475689077472509325
-1.39999999999840007980	37.81015018609757305512
-1.39999999999840007980	37.84241860137451141100
-1.38302238962619994389	37.53371164830499395748
-1.38302238962619994389	37.55988634354973498830
-1.34688487934540002122	36.86278132967186849100
-1.34688487934540002122	36.88357325480570381160
-1.29999999999819992880	35.96594769606847563637
-1.29999999999819992880	35.98254916083298127205
-1.25311512065100005842	35.06025865032986388314
-1.25311512065100005842	35.07413285140236780535
-1.21697761037009999363	34.36396306786249255083
-1.21697761037009999363	34.37666554466863289008
-1.19999999999790007976	34.04923751999315584271
-1.19999999999790007976	34.06232839313211258059
-1.19999999999790007976	34.07619553101294229691
-1.19999999999790007976	34.09115685745456403311
-1.18302238962569994385	33.76644314364103394155
-1.18302238962569994385	33.78423185897825931079
-1.14688487934480010111	33.07680780009439303058
-1.14688487934480010111	33.09800452006355442336
-1.09999999999760000868	32.17627863257418852072
-1.09999999999760000868	32.20115942127858943422
-1.05311512065050005837	31.28108612712319569482
-1.05311512065050005837	31.30975140237003273569
-1.01697761036959999359	30.60862599981743059629
-1.01697761036959999359	30.64119289234924892185
-0.99999999999738997669	30.33101880787844351062
-0.99999999999738997669	30.36776748901232991784
-0.99999999999738997669	30.40675919116667458297
-0.99999999999738997669	30.44786614379803779684
-0.98302238962528998290	30.14303854819623396111
-0.98302238962528998290	30.18709273760914868490
-0.94688487934460996431	29.48886252501506888279
-0.94688487934460996431	29.53394304834878880683
-0.89999999999766999714	28.61045320857705931417
-0.89999999999766999714	28.65478531613804591416
-0.85311512065073002997	27.72528447004549079224
-0.85311512065073002997	27.76757497072791736059
-0.81697761037005001139	27.05513140996075094336
-0.81697761037005001139	27.09468456583003970195
-0.79999999999795001759	26.77724483929426568807
-0.79999999999795001759	26.81380923668763927026
-0.79999999999795001759	26.84881887898411179094
-0.79999999999795001759	26.88196257008525336119
-0.78302238962586001580	26.55400878635588668431
-0.78302238962586001580	26.58190991511935763469
-0.74688487934517999722	25.84067891754531842707
-0.74688487934517999722	25.86190663390038579905
-0.69999999999824003005	24.88322734845111483537
-0.69999999999824003005	24.89719945551693314201
-0.65311512065131005489	23.90941792770155416292
-0.65311512065131005489	23.91624969750637674792
-0.61697761037063003631	23.14958042878566146783
-0.61697761037063003631	23.14968769689673777634
-0.59999999999853004251	22.78473620455642034699
-0.59999999999853004251	22.77836502576932176112
-0.59999999999853004251	22.76869778944113420494
-0.59999999999853004251	22.75572587410807301467
-0.58302238962644004072	22.37898726063295740119
-0.58302238962644004072	22.36002279871189557525
-0.54688487934576002214	21.57320891214554592352
-0.54688487934576002214	21.54966666173768530257
-0.49999999999881999946	20.53546690856706291584
-0.49999999999881999946	20.50901502902213024981
-0.45311512065189002429	19.49753142072699318987
-0.45311512065189002429	19.46950751141092794683
-0.41697761037121000571	18.68679873496826360224
-0.41697761037121000571	18.65774951544433690742
-0.39999999999912000392	18.27600205383336984255
-0.39999999999912000392	18.24552597190103142566
-0.39999999999912000392	18.21395565586971088123
-0.39999999999912000392	18.18143788724444220861
-0.38302238962702001013	17.80228365672027024402
-0.38302238962702001013	17.76976496902808833056
-0.34688487934632000753	17.00682398127970884616
-0.34688487934632000753	16.97665390064337387344
-0.29999999999936999284	16.00745952296056984210
-0.29999999999936999284	15.98120187737650432780
-0.25311512065241997815	15.02435959736569692780
-0.25311512065241997815	15.00243995827571552582
-0.21697761037172999532	14.26966190981057636122
-0.21697761037172999532	14.25137658602071510927
-0.19999999999963000152	13.90220078518112067911
-0.19999999999963000152	13.88607164604987076473
-0.19999999999963000152	13.87039559049079961994
-0.19999999999963000152	13.85522876719683971203
-0.18302238962751998796	13.51460105877810846664
-0.18302238962751998796	13.50179627407643323522
-0.14688487934680000135	12.80057881093678062712
-0.14688487934680000135	12.79130170992200099533
-0.09999999999981500076	11.89438831546596198052
-0.09999999999981500076	11.88883376713255302093
-0.05311512065283000017	11.00052241443851031022
-0.05311512065283000017	10.99801337214874763504
-0.01697761037211200155	10.31827537932421456901
-0.01697761037211200155	10.31762444037437909117
0.00000000000000003891	10.00000000000000000000
0.00000000000000003891	10.00000000000000000000
